181274,13,17
181500,44,50
690318,79,87
335370,113,121
697235,144,150
335373,176,186
15122,226,230
690681,265,273
54584,295,303
335382,325,333
55652,363,367
151148,425,431
335446,457,461
908894,518,524
336188,548,554
313176,580,588
336207,611,617
304579,646,652
164164,678,686
337452,718,724
287560,748,756
819644,780,786
484486,932,938
562880,968,974
652247,1007,1013
685573,1050,1060
54149,1091,1101
2837,1132,1138
54649,1171,1177
148825,1205,1215
290436,1240,1246
541774,1273,1281
17922,1510,1516
148158,1575,1581
892855,1606,1612
652325,1640,1648
181208,1695,1701
337010,1728,1732
54150,1758,1764
534529,1814,1822
419597,1845,1851
110077,1882,1886
693850,1912,1916
54572,1944,1950
693950,1979,1983
343039,2007,2015
7897,2039,2043
693907,2078,2084
539530,2112,2116
539527,2141,2147
339293,2173,2179
652167,2204,2208
338733,2233,2239
424494,2266,2274
338748,2300,2306
7371,2332,2340
755,2388,2392
54163,2426,2432
593826,2471,2479
54164,2508,2516
476109,2565,2573
476108,2596,2602
163971,2658,2662
109754,2689,2697
344097,2718,2728
662,2765,2773
858,2795,2803
17661,2827,2831
147227,2854,2864
400815,2884,2894
546402,2921,2927
39,2960,2970
34,2994,3000
353765,3027,3031
540276,3196,3204
548388,3228,3232
870155,3257,3263
870159,3376,3384
622095,3407,3413
642583,3436,3446
108700,3482,3490
267993,3523,3531
870159,3577,3583
887851,3616,3624
887850,3651,3655
153892,3805,3809
887850,3888,3894
109226,3917,3925
622132,3951,3957
167951,3979,3989
167955,4022,4028
351888,4052,4058
624609,4160,4166
109363,4381,4389
887867,4426,4436
109363,4546,4556
330,4638,4646
1473,4676,4684
1469,4711,4717
683477,4740,4748
15658,4773,4779
532314,4802,4810
144596,4833,4839
147754,4866,4870
351266,4901,4907
669,4942,4952
347449,5029,5037
708,5068,5072
348513,5103,5107
147075,5133,5143
483270,5167,5177
342152,5204,5208
818,5232,5242
54163,5265,5271
698528,5303,5307
2382,5357,5367
537386,5393,5401
623892,5448,5456
7401,5569,5573
537392,5600,5606
324055,5629,5637
690216,5661,5667
166827,5693,5701
850,5728,5732
57867,5782,5792
348940,5816,5822
147635,5870,5880
410274,5903,5911
147635,5986,5996
575618,6026,6032
56735,6111,6119
56738,6143,6151
348424,6175,6183
319654,6230,6238
343977,6292,6298
151509,6321,6329
349202,6351,6361
349247,6385,6391
545514,6414,6422
79365,6466,6472
695467,6536,6542
349234,6576,6582
55275,6625,6633
484627,6660,6666
319661,6689,6699
347504,6729,6733
267454,6758,6766
343976,6792,6798
319656,6822,6832
55111,6862,6872
348434,6898,6906
163972,6928,6938
344032,6960,6968
54427,6993,6999
347449,7026,7030
1097,7074,7082
674,7117,7123
402542,7153,7159
147253,7200,7206
655413,7231,7235
402546,7258,7268
692016,7289,7297
309209,7343,7349
350880,7383,7387
144665,7413,7421
57597,7461,7469
57184,7499,7505
19814,7531,7541
181589,7564,7568
350825,7594,7604
350841,7627,7633
350857,7656,7664
19659,7689,7693
56036,7722,7726
56194,7755,7763
346383,7789,7795
57437,7818,7826
148012,7852,7858
344687,7899,7905
568442,7929,7935
344724,7960,7964
146893,7993,7999
147007,8025,8029
206327,8069,8075
537970,8101,8105
150018,8132,8136
146764,8179,8187
322254,8210,8216
620537,8240,8246
355906,8515,8519
353409,8559,8563
397888,8593,8599
355846,8627,8631
73148,8658,8664
354547,8779,8789
4759,8825,8833
147022,8858,8868
397887,8892,8898
537766,8927,8933
73438,8964,8970
146969,8995,8999
352801,9031,9035
652185,9059,9067
150329,9099,9107
536613,9136,9144
150507,9182,9188
150320,9235,9239
146801,9276,9286
342558,9311,9321
764119,9353,9357
151781,9385,9393
535556,9421,9427
535474,9812,9818
535476,9854,9864
683844,9885,9893
3056,9921,9925
536762,9953,9959
683857,9982,9990
150992,10014,10020
3058,10048,10054
351766,10078,10084
329833,10130,10136
546343,10175,10181
150956,10230,10238
351811,10263,10269
696690,10294,10302
150982,10324,10332
150958,10406,10410
371782,10434,10442
655349,10496,10500
357845,10525,10531
152229,10560,10566
352311,10635,10645
152245,10671,10677
484451,10700,10710
85605,10755,10761
57081,10784,10792
742868,10820,10826
75854,10864,10868
75845,10896,10902
535059,10927,10933
84600,10956,10964
84685,10991,11001
151822,11024,11030
593406,11062,11068
20432,11110,11114
57752,11164,11170
116446,11196,11204
20418,11227,11233
81627,11265,11271
57770,11299,11305
56519,11333,11337
20377,11367,11373
345432,11397,11405
345418,11429,11435
1279,11460,11466
345302,11490,11498
347458,11536,11540
116029,11571,11579
345251,11600,11610
116514,11639,11647
54407,11685,11691
685406,11718,11726
55195,11755,11763
544978,12126,12134
20707,12158,12166
55206,12227,12235
545010,12264,12272
13488,12295,12303
345213,12326,12334
54635,12373,12381
345292,12409,12413
20243,12438,12446
345380,12470,12478
110072,12503,12509
55004,12534,12538
55007,12563,12571
119544,12599,12607
57788,12632,12638
113106,12662,12668
56496,12697,12707
20408,12739,12743
20414,12784,12788
20419,12838,12848
344242,12878,12888
650948,12911,12919
84694,12946,12954
84596,12978,12986
536855,13019,13029
75853,13061,13069
202247,13097,13103
57084,13128,13136
349011,13160,13166
349878,13213,13219
57277,13246,13256
57313,13296,13304
349517,13328,13334
758689,19052,19060
562206,19082,19090
57298,19134,19140
349066,19179,19183
3657,19213,19219
3673,19252,19260
349035,19282,19290
332234,19323,19331
293526,19599,19607
195018,19661,19671
293526,19742,19748
750264,19922,19930
195018,20043,20049
195008,20071,20081
349042,20103,20111
349067,20135,20139
19412,20164,20174
84454,20194,20204
57239,20226,20232
57250,20266,20276
84443,20302,20310
4652,20344,20352
150,20379,20385
75845,20425,20433
84597,20456,20466
57795,20488,20494
84692,20531,20537
200364,20562,20570
20421,20599,20607
73503,20633,20639
159277,20664,20670
346734,20694,20702
20458,20726,20732
651838,20763,20769
270854,20794,20798
424557,20823,20833
770123,20859,20867
770122,20891,20899
690256,20928,20934
109483,20957,20965
354193,20991,21001
353363,21036,21044
110046,21068,21074
538461,21372,21382
538463,21408,21418
487045,21455,21461
56082,21488,21492
55590,21546,21550
543308,21592,21596
348909,21622,21628
348914,21656,21660
5822,21688,21698
117951,21720,21728
117609,21788,21798
86301,22118,22124
56232,22148,22156
424509,22177,22187
395684,22211,22217
344673,22243,22249
640386,22297,22303
395575,22327,22337
315771,22361,22369
71045,22394,22404
21744,22436,22442
5143,22469,22473
344379,22497,22505
345232,22534,22540
158090,22564,22572
354648,22594,22602
82120,22633,22639
346697,22664,22672
119329,22700,22704
106,22737,22745
54556,22785,22793
86633,22821,22825
161475,22850,22858
12287,23380,23386
122051,23430,23436
341414,23462,23472
55644,23495,23501
12565,23531,23541
11677,23564,23570
11720,23594,23600
11663,23623,23633
11659,23666,23670
341090,23694,23702
159835,23729,23737
148594,23767,23775
340648,24071,24077
399446,24158,24166
310192,24260,24268
159836,24300,24306
530700,24330,24336
11719,24366,24376
149892,24414,24422
54339,24443,24453
256601,24478,24484
343531,24507,24515
289786,24568,24576
15309,24598,24608
335585,24653,24659
19598,24685,24693
651819,24717,24725
12447,24749,24753
15072,24780,24788
336573,24858,24864
15071,24889,24897
15045,24921,24929
336589,24953,24959
336594,24984,24988
336660,25013,25019
384572,25045,25049
53877,25075,25079
68750,25133,25139
68760,25167,25175
196316,25204,25210
276848,25236,25246
337937,25269,25277
448508,25311,25315
181269,25360,25366
419577,25391,25397
181401,25419,25429
181500,25451,25459
68784,25483,25489
305179,25516,25522
336968,25554,25562
690220,25586,25592
336923,25616,25624
295811,25651,25655
54121,25690,25698
685237,25727,25733
336929,25758,25764
336940,25812,25820
308178,25844,25848
305260,25900,25906
337049,25937,25945
654826,25972,25976
53956,26064,26072
591662,26104,26114
151045,26140,26144
484399,26262,26270
4351,26295,26305
617711,26339,26347
695903,26369,26377
339072,26410,26418
339074,26520,26526
4354,26578,26582
408969,26627,26633
545525,26662,26666
20674,26695,26703
532129,26730,26740
20705,26763,26771
20734,26795,26799
345200,26878,26882
345201,26955,26963
5606,26993,26997
13475,27085,27091
13476,27244,27248
13479,27349,27353
345213,27389,27395
345219,27440,27444
345223,27491,27499
20737,27526,27532
698477,27558,27564
531882,27595,27599
12957,27626,27632
354568,27660,27666
568198,27695,27701
568195,27723,27733
539029,27855,27863
354568,27900,27908
129511,27932,27940
54498,27967,27975
352913,28095,28103
352915,28134,28138
352916,28173,28179
352760,28223,28233
12477,28260,28264
54749,28300,28308
120829,28333,28339
120832,28380,28386
147683,28559,28565
324665,28598,28606
410358,28648,28654
161532,28679,28685
343769,28718,28726
54493,28754,28762
287702,28816,28822
462863,28844,28854
5688,28880,28886
116029,28923,28933
20745,28956,28964
13482,29009,29013
341762,29042,29046
20732,29071,29079
54827,29124,29132
54844,29197,29201
164230,29239,29249
116632,29276,29284
832756,29310,29316
22875,29341,29351
22925,29391,29399
54718,29432,29438
54720,29472,29476
486157,29503,29507
167258,29532,29540
486233,29570,29576
148721,29606,29612
545198,29638,29644
334246,29694,29700
545167,29724,29730
334250,29756,29762
7187,29786,29796
537021,29820,29826
15563,29877,29883
17451,29907,29917
545013,29940,29950
15039,29974,29984
15059,30029,30039
19468,30071,30075
147366,30100,30108
117587,30132,30138
147368,30175,30179
151289,30260,30264
336148,30290,30296
147353,30354,30360
147349,30389,30393
147339,30419,30427
534754,30467,30475
684001,30521,30527
151123,30563,30569
15125,30646,30656
15122,30708,30716
407521,30799,30805
313176,30835,30841
336147,30873,30883
336378,30907,30911
336221,31075,31083
337456,31110,31118
164230,31145,31153
116632,31196,31204
652050,31225,31235
15139,31256,31266
15163,31417,31423
53920,31515,31521
53924,31629,31637
147266,31703,31709
147261,31762,31770
690320,31793,31801
1855,31829,31835
68760,31874,31882
181276,31939,31943
181400,31969,31973
448563,32008,32016
337883,32038,32046
181242,32068,32076
392081,32097,32107
304368,32213,32223
413866,32252,32258
335351,32539,32545
303686,32597,32607
335354,32635,32645
68754,32695,32703
547957,32741,32751
492268,32781,32791
305184,32826,32832
338494,33085,33089
2715,33132,33136
151241,33162,33172
289795,33200,33208
2424,33230,33238
306920,33268,33272
225489,33295,33305
343251,33328,33338
2601,33361,33369
55168,33403,33413
121058,33471,33479
534221,33508,33514
685404,33554,33560
181609,33606,33612
181613,33734,33744
55128,33793,33801
55139,33847,33853
17727,33882,33890
17729,33915,33921
341917,33948,33958
23320,33984,33990
756277,34016,34024
71701,34052,34060
55150,34090,34094
55090,34121,34131
348394,34152,34160
343977,34183,34191
1507,34215,34223
147754,34247,34253
858,34281,34291
17661,34327,34335
57829,34358,34368
688893,34400,34406
683604,34431,34437
57819,34493,34499
22347,34524,34532
402556,34582,34588
349675,34643,34647
581049,34684,34692
349656,34716,34720
402560,34744,34752
80380,34779,34785
347257,34812,34818
147513,34847,34855
59,34880,34884
148883,34914,34920
351560,34950,34958
5547,34984,34990
55155,35015,35023
1381,35047,35053
5565,35076,35084
711493,35110,35114
14029,35907,35911
80662,36333,36339
3251,36364,36374
3241,36404,36408
15750,36436,36444
148077,36474,36482
142197,36508,36512
181461,36539,36545
288635,36569,36575
383268,36601,36605
55411,36634,36640
54601,36664,36672
692986,36698,36704
691876,36731,36739
578391,36761,36769
350899,36794,36802
149274,36828,36834
351254,36858,36866
351303,36893,36901
755922,36927,36935
2177,36962,36968
56448,37000,37006
144674,37032,37038
2180,37066,37076
343549,37096,37106
17811,37128,37134
1620,37159,37163
541298,37188,37194
147468,37221,37225
56501,37264,37268
20408,37297,37301
20414,37360,37370
20419,37430,37434
344242,37472,37478
650946,37501,37509
84694,37543,37551
84596,37576,37582
536855,37612,37620
75853,37648,37656
202247,37680,37686
75857,37712,37722
349011,37743,37751
70189,37787,37791
70303,37858,37862
3778,37900,37908
654170,37935,37941
152159,37978,37984
655546,38008,38016
816178,38040,38046
352827,38129,38137
352985,38191,38195
75876,38228,38234
151639,38263,38269
637597,38296,38300
815261,38326,38330
152359,39773,39781
83411,39815,39821
400275,39848,39852
70602,39884,39888
473501,39916,39920
3996,39972,39978
641858,40003,40011
487289,40046,40054
636434,40076,40084
3643,55589,55599
639851,55637,55643
202259,55697,55703
404301,55800,55806
481488,55859,55865
586590,55905,55911
400348,55968,55978
400347,56099,56109
269207,56234,56240
3801,56341,56349
331194,56383,56387
350498,56412,56418
352698,56448,56456
403370,56492,56498
627297,56521,56531
639195,56586,56590
689721,56614,56622
629707,56644,56652
151601,56676,56684
332409,56733,56737
273741,56803,56809
273262,56840,56846
17421,56884,56888
191315,56919,56929
17405,56951,56957
70352,56998,57002
70347,57064,57072
70214,57099,57109
84442,57133,57141
75863,57178,57186
202258,57214,57224
180,57275,57279
652057,57316,57320
85594,57356,57366
84180,57390,57396
351228,57430,57436
351213,57461,57469
74262,57502,57512
84295,57591,57601
346935,57651,57657
20112,57688,57692
769285,57719,57727
199832,57748,57758
403100,57783,57789
57005,57811,57821
206346,57865,57869
57042,57951,57961
197579,58002,58008
206357,58033,58039
403099,58085,58089
3433,58153,58161
197538,58193,58203
545675,58228,58236
147786,58323,58331
89982,58352,58362
353994,58394,58398
410322,58445,58451
147822,58495,58503
19923,58549,58553
206305,58580,58586
19913,58625,58633
348052,58668,58674
286761,58696,58706
545969,58729,58733
348123,58761,58767
142851,58793,58801
344688,58840,58848
56844,58871,58879
57429,58902,58910
148020,58934,58944
345053,58966,58976
148854,58999,59003
184013,59030,59034
345121,59059,59069
345690,59093,59097
345143,59136,59140
531888,59166,59174
19704,59223,59233
5747,59255,59261
541457,59286,59290
345750,59315,59323
16567,59346,59352
267487,59377,59381
56767,59406,59412
21760,59435,59443
147410,59465,59473
492079,59501,59509
342114,59534,59540
419496,59567,59571
345465,59595,59605
343788,59626,59636
142938,59707,59713
419496,59735,59745
159949,59776,59786
285553,59810,59816
76625,59854,59862
21784,59886,59894
655298,60345,60349
286651,60384,60392
286654,60457,60465
354580,60494,60498
55448,60526,60536
316851,60575,60581
195219,60608,60616
350250,60641,60647
124060,60671,60679
7108,60732,60740
57197,60769,60777
652049,60800,60806
6917,60836,60840
80486,60867,60873
146838,60900,60908
996237,60931,60937
18609,60961,60967
353,60997,61005
349,61031,61039
39,61073,61077
34,61212,61220
330,61353,61361
353875,61390,61396
1473,61524,61528
1469,61575,61579
352,61606,61610
654055,61664,61672
34,61749,61759
911,61813,61817
353820,61902,61908
350919,61944,61952
922,61977,61981
354857,62011,62021
354889,62053,62059
562112,62085,62091
210745,62115,62123
535392,62174,62182
270710,62209,62213
543658,62246,62252
149633,62275,62285
314384,62309,62315
123055,62360,62366
347320,62390,62396
410659,62425,62433
70946,62505,62513
123017,62537,62541
1187,62585,62595
121454,62621,62625
280473,62657,62661
410629,62688,62698
79485,62731,62735
1234,62765,62771
474050,62803,62811
1187,62856,62862
147765,62885,62893
280473,62915,62923
1241,62946,62952
347338,62976,62984
122966,63012,63022
56024,63060,63070
346436,63091,63099
6020,63138,63144
56042,63176,63180
345143,63208,63214
531888,63238,63248
350848,63301,63309
350842,63342,63350
3260,63376,63384
19825,63408,63416
350786,63439,63447
6917,63479,63483
685224,63508,63516
807951,63540,63548
348609,63572,63576
146838,63606,63610
688894,63637,63647
147225,63707,63717
15667,63774,63780
431279,63808,63814
867328,63840,63846
15667,63920,63928
637608,63952,63962
15667,63991,63999
56590,64028,64032
727,64062,64068
55146,64091,64099
109751,64120,64130
147604,64156,64166
745,64200,64204
542490,64236,64240
55096,64264,64272
55095,64341,64345
334409,64444,64454
267454,64476,64482
56618,64506,64512
267454,64578,64584
1504,64611,64617
55111,64643,64647
476108,64732,64738
342150,64762,64772
1462,64795,64801
819,64843,64851
254492,64888,64896
254501,64931,64937
12287,65335,65341
122051,65390,65398
341414,65432,65440
256618,65465,65471
539675,65495,65501
289786,65556,65560
684354,65599,65607
147320,65651,65655
151057,65693,65703
335071,65726,65736
334867,65779,65785
126442,66029,66033
126452,66066,66074
147327,66099,66109
147310,66150,66156
415354,66184,66192
415320,66219,66227
415334,66290,66300
6452,66321,66329
638119,66350,66360
152067,66523,66527
15307,66585,66593
15304,66621,66627
54358,66689,66697
55644,66765,66773
343530,66802,66806
12565,66893,66899
347624,66945,66955
11677,67059,67067
12216,67130,67136
54338,67163,67171
532846,67196,67202
532751,67237,67245
293884,67279,67287
293896,67315,67323
55804,67355,67363
1916,67502,67508
290664,67536,67544
148552,67571,67577
55838,67602,67610
532227,67639,67643
11576,67671,67677
402071,67703,67709
56571,67803,67809
150195,67966,67974
1930,68007,68013
149561,68045,68049
12537,68094,68102
289662,68124,68132
340817,68160,68166
341153,68188,68198
530960,68229,68237
1878,68263,68269
55239,68292,68302
54291,68331,68339
339546,68370,68374
307854,68401,68407
255538,68434,68442
340024,68466,68472
591,68499,68503
278129,68530,68536
290926,68560,68566
290922,68610,68620
13422,68669,68679
55627,68727,68731
742971,68813,68819
685642,68898,68904
22828,69117,69121
324418,69150,69156
2380,69180,69188
53952,69230,69238
654251,69289,69299
690216,69323,69329
166827,69358,69362
275826,69402,69410
54080,69441,69449
56728,69503,69513
562171,69538,69544
11861,69621,69629
863,69711,69719
564764,69744,69752
419477,69782,69788
704381,69830,69838
215265,69867,69873
541524,69898,69902
215269,69927,69935
419475,69960,69968
352796,70013,70021
153757,70138,70144
842,70194,70200
110220,70232,70236
348420,70269,70277
348456,70302,70306
804,70350,70358
95666,70384,70388
150667,70414,70424
198879,70465,70471
651137,70495,70501
195332,70542,70548
86649,70571,70579
86678,70605,70613
80726,70640,70644
80737,70692,70698
81359,70731,70737
342681,70759,70769
551539,70821,70829
10224,70851,70861
354968,70886,70894
459885,70962,70970
419496,70992,71002
354545,71022,71032
159949,71065,71071
342609,71097,71103
758397,71134,71142
80536,71168,71178
82154,71666,71670
342714,71703,71711
385004,71737,71743
487936,71781,71787
120705,71846,71852
69912,72010,72016
394705,72057,72063
152436,72114,72120
487945,72147,72153
385721,72193,72203
570946,72225,72231
385005,72257,72263
394162,72646,72654
196261,72678,72682
385196,72710,72716
21851,72762,72768
82154,72791,72801
343762,73205,73211
76645,73233,73243
342609,73264,73274
151036,73384,73394
316841,73436,73444
410409,73468,73474
402509,73501,73509
350250,73538,73546
2016,73574,73580
15778,73621,73627
20931,73657,73663
20899,73699,73707
350757,73730,73736
385,73791,73801
355505,73822,73830
94,73859,73865
21018,73894,73900
21021,73925,73931
7164,73957,73963
355485,73989,73995
7200,74028,74032
345332,74061,74069
308403,74096,74102
147749,74139,74145
634056,74173,74179
616543,74203,74213
466615,74239,74245
647582,74407,74415
482786,74444,74454
323749,74490,74494
648694,74570,74578
581563,74634,74642
573996,74697,74705
12800,74728,74734
696757,74942,74948
693450,75036,75044
533488,75065,75075
23045,75103,75109
344518,75132,75140
12944,75163,75173
12943,75203,75209
12737,75240,75248
1294,75271,75279
542768,75304,75312
348755,75338,75342
144684,75369,75377
540229,75399,75407
95483,75430,75438
227208,75461,75469
354428,75491,75499
540512,75526,75532
81601,75554,75564
56496,75586,75592
535091,75615,75623
20410,75650,75656
20414,75680,75688
57766,75724,75734
84829,75779,75785
541097,75807,75817
346741,75846,75852
270885,75887,75893
270840,75976,75986
57353,76021,76025
372229,76055,76063
55762,76085,76093
346053,76124,76130
262793,76158,76168
345854,76200,76204
56936,76251,76259
324062,76302,76312
3400,76396,76402
3389,76442,76448
3391,76493,76497
3397,76533,76539
57141,76568,76574
537756,76609,76615
355159,76638,76646
13309,76668,76676
655500,76699,76705
434638,76731,76737
575812,76771,76777
632962,76800,76808
354977,76892,76900
85700,76923,76931
146972,76956,76960
161060,76987,76991
355144,77015,77025
56814,77047,77053
355178,77080,77088
5217,77117,77127
362651,77152,77158
537888,77183,77189
146812,77214,77218
741644,77256,77264
369183,77290,77296
535055,77323,77327
345910,77369,77375
273770,77399,77407
6479,77430,77440
535495,77464,77472
683844,77499,77505
289214,77529,77535
350350,77562,77566
350341,77590,77598
273427,77624,77632
545417,77654,77662
2989,77705,77709
335313,77736,77746
110432,77768,77774
534512,77804,77814
3018,77911,77921
3022,78033,78039
614076,78064,78068
2988,78093,78101
308256,78127,78135
352361,78159,78165
308252,78190,78196
56940,78232,78242
150370,78275,78283
277010,81108,81116
427904,81140,81146
535435,81190,81198
535425,81225,81229
326449,81271,81279
276937,81302,81310
464206,81346,81350
755763,81376,81384
56954,81418,81424
537175,81453,81457
56489,81496,81500
56488,81531,81535
110063,81561,81567
544859,81597,81605
161613,81628,81636
344211,81659,81665
688609,81690,81696
353675,81722,81730
536765,81760,81768
534569,81796,81802
766285,81831,81839
146869,81861,81871
56867,81952,81956
119547,81993,81999
351936,82022,82032
690997,82055,82059
18550,82090,82096
538949,82422,82426
80403,82450,82458
5713,82482,82486
80397,82511,82519
20966,82544,82552
562048,82576,82584
7164,82607,82613
14268,82642,82648
305492,82672,82678
17112,82703,82709
17104,82742,82750
534614,82772,82780
348834,82810,82814
150725,82843,82853
255949,82876,82884
348818,82911,82917
348856,82951,82961
2330,83021,83029
150726,83054,83060
402715,83110,83120
655144,83143,83149
541431,83186,83192
542415,83218,83226
348821,83250,83254
402688,83278,83286
305112,83309,83317
151272,83343,83349
2787,83374,83382
348837,83406,83414
541486,83436,83444
17103,83467,83473
355474,83497,83505
115905,83529,83533
907297,83561,83567
531905,83595,83599
20975,83627,83633
271,83660,83664
18226,83694,83698
374,83751,83757
148873,83790,83794
6891,83833,83843
345573,83868,83874
210740,83901,83907
672,83931,83939
683786,83978,83986
402543,84010,84016
1097,84038,84048
674,84091,84099
683787,84136,84144
683786,84252,84262
350737,84290,84296
586070,84319,84329
671,84390,84396
347449,84424,84430
708,84454,84464
720,84489,84495
23453,84527,84537
82539,84583,84593
342150,84615,84625
593827,84651,84657
342218,84681,84687
268151,84711,84717
121266,84764,84772
286484,84795,84803
7371,84832,84840
338781,84861,84871
340205,84912,84920
12985,84977,84983
54761,85014,85020
339628,85047,85055
694103,85080,85086
539213,85118,85126
690247,85151,85157
7354,85180,85188
7527,85215,85223
812538,85246,85252
313960,85277,85281
21250,85326,85330
54766,85360,85364
313979,85390,85396
693855,85421,85429
161302,85451,85459
419602,85576,85586
539491,85607,85615
652283,85638,85644
141486,85668,85674
338728,85699,85705
338734,85731,85741
424494,85771,85775
338747,85801,85811
53983,85834,85842
268117,85868,85874
237721,85907,85915
141506,85940,85944
5641,86028,86034
56793,86061,86069
198863,86094,86098
86556,86131,86135
76594,86164,86174
76601,86196,86206
195325,86245,86253
86643,86293,86299
531936,86325,86333
198811,86357,86365
