543290,14,18
7159,50,54
355483,82,90
148898,119,125
254276,151,161
55613,185,193
254973,226,234
534192,262,266
16789,293,297
16823,321,329
16830,361,369
538,393,399
131,424,432
55671,483,491
17250,525,531
655031,564,570
90647,595,601
266862,647,657
344420,679,685
152632,709,717
343359,746,752
343364,777,783
343365,811,817
343376,848,856
655023,883,889
152686,916,924
320810,976,982
343820,1103,1107
152684,1153,1157
117691,1201,1211
345092,1236,1240
320218,3880,3888
343836,3911,3917
321236,3942,3948
530211,3971,3979
343968,4003,4009
586017,4049,4055
152672,4114,4118
344119,4142,4150
530201,4175,4181
530262,4204,4212
530247,4237,4241
318796,4264,4274
318943,4311,4319
402137,4346,4352
315928,4406,4410
315925,4488,4492
448692,4518,4522
321258,4553,4563
152738,4587,4595
316341,4657,4667
481524,4691,4699
530284,4723,4727
490585,4764,4772
344394,4793,4803
344406,4834,4842
4059,4886,4892
341879,4914,4924
90644,4946,4954
341890,4979,4987
541506,5010,5018
539703,5054,5062
762213,5085,5091
407270,5114,5122
986023,5145,5151
692230,5176,5180
286695,5234,5242
6329,5271,5277
504,5325,5329
762665,5415,5419
407278,5445,5449
152789,5477,5483
341437,5508,5514
16772,5561,5569
341442,5613,5617
254974,5645,5649
148861,5673,5681
17103,5717,5727
355473,5752,5760
115905,5789,5795
122333,5818,5826
164083,5848,5856
7217,5890,5894
271,5949,5959
355,6006,6010
374,6083,6087
152550,6112,6118
328434,6140,6150
536118,6170,6180
2062,6202,6208
6436,6232,6240
57597,6307,6315
637704,6337,6345
22277,6383,6391
753734,6413,6421
430348,6450,6456
309689,6487,6493
110206,6587,6591
1110,6630,6636
57204,6663,6669
5465,6697,6705
341818,6731,6739
547923,6763,6771
341830,6914,6924
5517,6946,6952
57203,6981,6987
1138,7012,7018
295393,7048,7054
1139,7082,7086
256976,7113,7123
403019,7147,7151
539260,7177,7181
142390,7236,7244
206316,7345,7349
7087,7389,7397
328016,7422,7426
22277,7465,7471
431014,7964,7970
328015,8221,8225
544407,8251,8255
350177,8294,8302
7014,8325,8333
536118,8355,8363
2062,8387,8397
144698,8424,8430
542772,8454,8462
761485,8485,8491
351829,8515,8521
5156,8548,8552
108937,8576,8584
887850,8654,8662
661421,8691,8697
34,8730,8738
351839,8765,8769
351961,8796,8802
2049,8831,8835
861528,8859,8867
87162,8894,8898
7030,8924,8930
637650,8955,8963
22277,9016,9022
431014,9273,9279
22277,9318,9326
431014,9363,9369
22277,9393,9399
431014,9516,9520
22269,9594,9600
431014,9635,9641
22277,9709,9717
431014,9744,9748
15785,9798,9808
147090,9830,9836
295393,9891,9897
7008,9952,9958
350759,9998,10006
264,10041,10049
385,10086,10092
94,10125,10131
888327,10156,10164
7159,10189,10195
355483,10219,10225
7200,10255,10261
122357,10284,10292
644758,10315,10321
347457,10351,10357
20735,10382,10392
13480,10418,10426
341762,10459,10469
20725,10497,10503
54827,10538,10546
54844,10603,10607
164230,10640,10646
116632,10669,10677
15138,10701,10705
148211,10731,10737
590896,10763,10771
590893,10801,10811
147328,10837,10843
151114,10873,10877
15125,10905,10915
15242,10951,10959
15251,10989,10997
15254,11116,11120
15251,11156,11166
15254,11233,11239
254900,11385,11389
254907,11415,11419
407521,11460,11464
335416,11500,11504
15123,11543,11551
67640,11580,11586
335995,11627,11631
336002,11662,11672
402453,11693,11701
647194,11756,11766
57817,11787,11795
148092,11821,11827
289371,11856,11866
540440,11894,11902
647713,11930,11934
537439,11998,12006
537441,12029,12035
336105,12064,12068
147353,12091,12101
798524,12124,12130
289335,12154,12162
22874,12205,12213
148283,12258,12266
116641,12291,12295
734761,12321,12325
20633,12368,12372
651861,12397,12403
20706,12433,12439
345200,12462,12470
5610,12494,12500
148278,12548,12552
149518,12576,12584
308226,12607,12613
161312,12637,12645
539528,12669,12673
57701,12844,12850
539467,12872,12882
539562,12905,12911
339656,12937,12941
56156,12972,12978
54910,13003,13007
345073,13033,13039
345187,13064,13072
345201,13095,13101
13476,13131,13137
345223,13161,13167
54635,13198,13204
345292,13232,13238
20243,13266,13270
17488,13296,13304
198038,13338,13348
533071,13378,13384
17108,13410,13418
148833,13444,13448
533424,13502,13508
16690,13535,13541
1442,13599,13609
538795,13633,13639
150715,13662,13670
535128,15057,15063
2299,15128,15134
402780,15158,15166
55570,15191,15197
534466,15222,15228
55471,15260,15266
150829,15290,15296
538832,15324,15328
286685,15460,15464
286691,15579,15589
286685,15636,15646
286691,15667,15675
286685,15747,15751
286692,15788,15794
147706,15830,15838
55470,15866,15872
4051,15916,15924
541511,15955,15963
57899,15985,15993
90641,16021,16025
575578,27396,27402
481526,27433,27437
618632,27550,27556
315863,30281,30287
315861,30312,30320
342441,30347,30353
320967,30379,30385
152750,30412,30420
152752,30446,30452
321041,30477,30487
586016,30575,30581
343956,30611,30619
321211,30657,30665
344165,30709,30719
158013,30741,30747
158024,30771,30779
535103,30817,30827
343355,30883,30891
343330,30931,30935
342332,30968,30976
341879,31002,31010
90643,31036,31044
341887,31069,31075
17290,31129,31135
55675,31184,31188
74346,31232,31242
74345,31301,31309
330135,31333,31341
92,31384,31390
267020,31421,31431
152544,31465,31473
332585,31497,31503
4626,31528,31538
348846,31591,31599
348779,31621,31629
150790,31652,31660
386730,31681,31691
392754,31712,31720
72911,31838,31842
313111,31882,31890
348793,31913,31919
16768,31968,31978
16772,32008,32016
16788,32044,32050
341442,32078,32084
254974,32130,32138
148859,32167,32175
541486,32206,32212
17103,32246,32256
355457,32281,32287
17469,32314,32324
148855,32347,32355
355482,32378,32386
21020,32419,32423
4549,32455,32459
4556,32493,32503
148264,32526,32536
351159,32556,32566
351629,32601,32607
122299,32632,32638
4280,32663,32667
166869,32697,32701
812503,32760,32766
256763,32789,32799
351634,32822,32828
762207,32857,32861
351639,32891,32899
6,32924,32930
1477,32956,32964
351733,33029,33035
540095,33062,33072
34,33095,33101
542159,33126,33130
351839,33175,33183
158214,33205,33215
2049,33242,33250
17518,33275,33279
430882,33310,33316
887125,33354,33362
861528,33383,33393
206296,33416,33424
17515,33450,33456
351480,33486,33490
20856,33535,33541
147632,33609,33615
342654,33699,33707
342656,33753,33759
342662,33799,33807
849018,33845,33855
148872,33897,33903
342664,33944,33952
342665,33988,33994
6890,34023,34029
6893,34098,34104
861881,34138,34144
82617,34167,34175
575304,34212,34220
694949,34243,34249
23156,34281,34287
753990,34319,34325
342281,34347,34357
57862,34410,34420
351573,34448,34454
62,34485,34491
64,34561,34567
688895,34590,34598
888324,34635,34643
20966,34671,34679
562048,34704,34712
7164,34740,34748
355487,34775,34779
281601,34807,34815
254276,34844,34850
533071,34874,34882
17108,34908,34916
16842,34941,34951
534194,34978,34986
16789,35010,35020
16823,35044,35050
16830,35090,35100
267025,35124,35130
126,35167,35175
330139,35202,35210
55671,35247,35255
4056,35279,35287
886812,35311,35319
341894,35343,35351
90641,35376,35384
342342,35406,35416
266862,35472,35482
344407,35509,35517
737848,35540,35546
343219,35571,35577
4078,35623,35627
530295,35674,35680
152649,35741,35751
344396,35773,35779
344404,35808,35812
308312,35838,35846
90643,35883,35889
341888,35916,35920
17290,35964,35970
74345,36034,36038
330135,36067,36077
92,36121,36125
267020,36155,36161
152544,36191,36195
16831,36227,36235
16772,36261,36269
16788,36340,36344
341442,36387,36393
2757,36426,36430
254975,36472,36476
148859,36534,36542
545309,36566,36570
17124,36608,36618
55598,36646,36650
117576,36674,36684
341549,36707,36711
543192,36738,36748
12932,36774,36782
540583,36810,36814
344508,36861,36867
344514,36908,36914
23079,36938,36946
690768,36984,36992
533473,37016,37022
608,37045,37055
401103,37089,37095
400985,37129,37139
341638,37166,37176
649306,37202,37212
628199,37237,37247
693550,37269,37275
628199,37370,37378
341616,37401,37409
539519,37431,37439
433893,37487,37497
343162,37521,37525
12309,37561,37569
12310,37657,37665
347841,37754,37762
20242,37801,37811
345316,37835,37839
164099,37870,37878
345416,37908,37916
6712,37938,37946
20387,37973,37979
119544,38006,38012
57788,38044,38050
57794,38082,38090
56496,38136,38140
535091,38165,38175
20410,38204,38210
737886,38236,38246
57766,38281,38287
159277,38309,38319
346730,38341,38351
20458,38383,38393
651836,38414,38422
270885,38452,38462
20295,38483,38491
20309,38515,38519
73383,38547,38555
57140,38586,38592
149831,38654,38658
149824,38690,38698
320070,38760,38770
537754,38901,38911
355414,38970,38974
74119,38999,39007
147424,39062,39070
84887,39108,39114
84919,39138,39144
20310,39177,39187
164091,39238,39244
5949,39272,39276
20453,39306,39314
84829,39338,39348
159278,39372,39378
20432,39411,39417
57752,39471,39479
20407,39500,39510
20418,39542,39548
81627,39585,39593
113114,39622,39628
56517,39669,39675
4688,39705,39711
20376,39748,39752
345420,39776,39784
345403,39814,39822
1282,39844,39852
345332,39874,39884
308403,39945,39953
54747,40027,40031
464242,40057,40061
403062,40087,40093
548131,40120,40128
539329,40154,40160
539248,40185,40191
12327,40216,40222
12323,40246,40252
693280,40299,40305
727262,40328,40336
55273,40489,40493
122847,40516,40526
12917,40554,40564
533354,40640,40648
1266,40752,40758
401103,40783,40789
289138,40897,40907
289303,40929,40937
538389,40964,40968
538372,40992,41000
564133,41121,41129
323516,41178,41188
57707,41209,41217
13479,41257,41263
345223,41290,41294
14216,41321,41331
54635,41354,41360
345290,41390,41396
345294,41426,41430
20242,41463,41467
14263,41494,41500
17489,41533,41537
198038,41579,41589
17112,41621,41627
17104,41667,41675
148826,41700,41710
348834,41733,41741
2323,41770,41776
533245,41800,41806
1843,41832,41838
540258,41863,41867
2308,46562,46568
402706,46593,46597
148252,46624,46630
696763,46654,46660
16667,46685,46693
55496,46744,46748
150825,46777,46785
54040,46810,46818
541531,47019,47023
17254,47047,47055
655031,47082,47088
90647,47124,47128
530152,47162,47170
697122,47192,47202
344411,47228,47236
4078,47320,47326
530288,47350,47360
315872,47388,47392
294693,51272,51280
481529,51316,51326
481530,51350,51356
152633,51420,51424
342332,51454,51464
341879,51495,51501
90643,51543,51547
90654,51582,51592
4042,51618,51622
17290,51648,51654
74337,51678,51686
74345,51725,51733
330135,51759,51765
17197,51799,51803
267083,51830,51838
254137,51862,51868
530977,51895,51903
829338,51930,51936
184087,51985,51995
55926,52036,52040
55930,52068,52078
348769,52127,52135
117726,52158,52164
1895,52208,52214
372628,52242,52246
15426,52276,52284
372631,52440,52446
149506,52471,52479
55502,52518,52524
290690,52549,52553
282883,52581,52591
56544,52622,52632
15403,52660,52666
339556,52689,52697
655337,52733,52743
340026,52770,52778
307880,52802,52806
56542,52865,52871
545599,52898,52908
540189,53075,53085
540190,53141,53149
339564,53173,53183
402078,53204,53212
339574,53255,53261
13269,53299,53303
55679,53333,53341
339578,53372,53382
55580,53405,53411
246111,53455,53463
372415,53488,53496
690616,53536,53542
16788,53588,53594
341442,53640,53648
2757,53682,53688
254975,53713,53723
148861,53761,53767
17124,53795,53803
402668,53827,53835
149261,53864,53870
269219,53896,53900
269231,53932,53936
269220,54849,54857
77041,54879,54887
150913,54910,54918
4287,54950,54954
535052,54979,54987
540137,55011,55019
194416,55043,55049
4302,55071,55081
56874,55108,55114
348737,55141,55147
305030,55187,55193
54934,55226,55234
54981,55259,55269
16581,55291,55297
305117,55357,55363
1847,55425,55431
540251,55453,55463
355589,55486,55494
402683,55535,55541
289483,55567,55571
543006,55598,55602
16667,55633,55639
534331,55686,55696
16680,55719,55725
150829,55754,55764
2963,55790,55796
348021,55824,55830
152630,55903,55911
16709,55961,55965
289398,55990,55998
4051,56036,56044
541511,56069,56075
57900,56098,56106
655031,56133,56139
90647,56192,56198
530152,56243,56251
697122,56277,56283
344409,56309,56313
737848,56337,56345
4078,56412,56418
315868,56448,56454
294689,60384,60390
481525,60415,60421
618632,60456,60464
867323,60494,60504
364351,60597,60605
315950,60779,60783
346405,60823,60829
150441,60869,60877
315953,60902,60908
343127,60933,60943
315961,60968,60976
57075,61009,61013
581633,61041,61047
353237,61086,61092
3598,61117,61121
353235,61170,61174
349837,61215,61223
17391,61261,61271
349843,61293,61299
349858,61357,61367
349865,61403,61411
653971,61433,61441
4643,61469,61475
75863,61503,61509
202258,61546,61552
180,61601,61609
652057,61635,61645
85594,61675,61681
266533,61705,61713
351228,61738,61744
487448,61767,61775
74262,61810,61814
84295,61929,61933
257,61999,62007
20217,62039,62049
198058,62072,62082
198071,62176,62180
20287,62210,62220
84998,62242,62248
355900,62275,62281
56274,62320,62324
355180,62348,62356
355171,62384,62392
355155,62416,62422
355142,62458,62468
319814,62595,62603
771173,62630,62638
5223,62663,62673
146967,62706,62710
355159,62736,62746
355143,62773,62777
319814,62839,62843
771174,62867,62877
355407,62908,62916
355414,62960,62966
56269,62997,63001
84884,63025,63035
84919,63073,63081
20296,63113,63123
147091,63154,63164
164091,63210,63214
537281,63244,63250
20453,63287,63295
84829,63325,63333
159275,63358,63364
73474,63414,63418
344242,63446,63454
200371,63479,63485
84683,63509,63517
84694,63539,63547
84599,63577,63581
535063,63621,63627
57100,63655,63665
75853,63690,63694
202247,63744,63754
4655,63801,63807
57095,63835,63843
349001,63887,63893
653965,63945,63953
56699,63975,63983
3618,64031,64039
13538,64068,64074
13533,64104,64114
564117,64140,64148
17386,64212,64218
582378,64254,64264
57067,64290,64298
353184,64333,64341
353044,64373,64381
684519,64407,64417
317561,64469,64473
344294,64502,64510
308358,64533,64541
308361,64673,64681
316370,64859,64865
530175,64889,64895
568491,64928,64936
317449,64970,64978
887555,65002,65008
152783,65037,65045
152661,65075,65079
152782,65369,65379
314840,65404,65408
246053,65461,65469
530303,65496,65500
342992,65525,65531
4080,65582,65586
152649,65654,65662
344397,65694,65700
344406,65726,65734
654609,65764,65768
341879,65797,65805
90643,65832,65840
90654,65867,65871
702712,65896,65904
17290,65928,65934
74346,65975,65981
74345,66037,66043
330135,66068,66076
92,66122,66130
267020,66165,66171
152544,66200,66206
16835,66233,66241
16777,66267,66271
341442,66310,66318
254974,66347,66353
148861,66394,66404
341450,66441,66449
198042,66509,66515
7202,66539,66545
14288,66567,66577
115972,66619,66625
308403,66655,66661
14279,66697,66707
287710,66749,66755
147599,66780,66784
380991,66809,66815
568195,66984,66994
147600,67019,67023
115963,67049,67055
343746,67094,67102
684464,67125,67133
343758,67157,67163
512712,67193,67203
410358,67227,67233
346127,67261,67267
545694,67302,67310
86102,67334,67338
287707,67368,67374
8993,67430,67434
347472,67461,67469
572967,67551,67559
572905,67694,67698
651121,67723,67729
347475,67771,67775
332656,67802,67810
5685,67833,67841
648220,67865,67871
462883,67907,67913
631619,67938,67948
353478,67979,67985
343744,68012,68018
287697,68093,68097
346022,68185,68195
345297,68227,68235
17475,68258,68264
17470,68298,68304
254462,68329,68335
462504,68363,68369
83616,68393,68401
1295,68423,68431
116276,68476,68486
346280,68511,68519
17042,68551,68561
194416,68587,68593
4301,68643,68651
56874,68681,68687
348735,68714,68720
348737,68760,68768
305030,68809,68819
310403,68843,68847
54925,68873,68879
152360,68909,68915
146624,68944,68950
647682,69010,69016
71075,69416,69420
469312,69445,69451
544166,69478,69482
545281,69510,69516
305040,69539,69547
54981,69574,69580
16581,69674,69682
54981,69706,69714
305117,69785,69791
347928,69822,69828
347934,69858,69862
542049,69893,69899
534192,69937,69943
289213,69973,69981
16797,70024,70030
16830,70095,70101
267025,70131,70139
541456,70160,70170
17222,70193,70199
267114,70233,70239
534309,70267,70277
651834,70315,70323
13119,70352,70358
11682,70392,70396
11662,70423,70429
369534,70463,70471
15917,70497,70503
148594,70567,70573
419235,71009,71015
273596,71049,71053
202211,71104,71112
346431,71148,71152
760392,71227,71237
152684,71262,71268
343838,71301,71309
152688,71349,71353
152694,74175,74181
344335,74212,74220
341997,74243,74249
341988,74275,74281
308352,74322,74328
887300,74389,74399
344364,74420,74430
152717,74456,74466
538619,74492,74498
762727,74529,74533
152728,74587,74591
568040,74861,74869
152705,74898,74906
308342,74932,74938
344360,74962,74968
119872,74992,74998
344362,75023,75029
152658,75065,75075
402127,75099,75105
151535,75160,75166
85658,75233,75239
350513,75271,75275
350694,75304,75310
534352,75341,75349
273728,75426,75432
332405,75458,75466
152183,75490,75498
352824,75520,75528
352815,75549,75559
816183,75690,75700
352984,75721,75729
352387,75768,75774
75878,75808,75816
329038,75845,75851
351532,75878,75886
3914,75913,75923
152081,75950,75958
351529,75997,76005
351531,76119,76129
633893,76152,76158
759806,76184,76192
421552,76313,76321
654690,76343,76351
351532,76376,76382
629538,76412,76422
83394,76454,76460
331205,76485,76493
352698,76516,76526
403368,76568,76574
629539,76600,76604
654522,76630,76634
351502,76662,76668
351442,76694,76700
330812,76724,76732
330811,76756,76764
330795,76797,76801
581501,76825,76833
349191,76858,76866
888168,76888,76896
151520,76919,76925
400663,76949,76957
349176,76981,76985
349369,77008,77018
317673,77040,77048
147674,77086,77094
344983,77117,77123
350699,77148,77154
4111,77187,77191
344338,77217,77223
481513,77251,77259
320218,77297,77303
321221,77328,77336
321236,77361,77367
344001,77391,77397
343988,77421,77427
586017,77455,77461
586066,77485,77493
152675,77514,77524
321258,77546,77552
316371,77582,77588
885283,77618,77622
342494,77648,77652
152631,77677,77683
343355,77708,77712
342332,77751,77757
90643,77798,77806
341890,77831,77839
348219,77867,77875
16709,77898,77906
289398,77947,77951
55920,77975,77985
55482,78010,78014
348018,78058,78064
355434,78099,78107
56809,78130,78138
2965,78164,78172
2301,78194,78202
355308,78235,78245
305131,78277,78285
54968,78316,78324
339798,78350,78360
346314,78396,78404
54925,78433,78437
348733,78487,78493
55030,78531,78535
384458,78561,78567
355359,78590,78598
55017,78627,78635
201505,78663,78669
356867,78696,78702
201206,78725,78735
353854,78797,78805
353895,78833,78839
1313,78913,78919
55005,78944,78950
73593,78991,78999
816064,79020,79030
354225,79059,79063
354228,79090,79096
354233,79121,79129
354241,79155,79163
353386,79192,79196
146745,79245,79253
303794,79284,79292
546582,79453,79461
819488,79490,79498
147458,79550,79558
146623,79599,79605
54258,79628,79636
345624,79664,79674
54252,79697,79701
56608,79734,79742
683484,79765,79775
345644,79804,79812
854,79840,79846
345648,79868,79878
147595,79914,79922
652,79945,79951
661,79979,79987
321612,80068,80076
55100,80129,80135
55090,80174,80180
355938,80204,80212
148193,80239,80243
147715,80294,80304
54428,80326,80334
54602,80357,80363
331686,80395,80405
342642,80428,80436
148884,80465,80471
20842,80514,80524
20900,80551,80559
57184,80584,80590
19814,80618,80624
181589,80648,80656
350825,80683,80691
350841,80716,80726
350857,80749,80755
19659,80783,80787
56035,80816,80820
144590,80848,80854
345123,80879,80883
346383,80907,80917
148024,80942,80948
19797,80977,80983
345038,81006,81014
344687,81047,81057
344715,81082,81090
344724,81120,81124
346802,81151,81157
593328,81181,81187
5206,81312,81318
5213,81386,81394
372362,81419,81425
434500,81448,81456
372363,81504,81508
147002,81575,81581
195107,81610,81618
17790,81642,81650
346500,81672,81680
354606,81703,81709
5304,81735,81739
403168,81765,81771
491313,81810,81816
491329,81858,81862
151246,81905,81913
142863,81941,81945
655301,81972,81980
5307,82028,82038
56956,82059,82069
537194,82131,82139
346513,82163,82167
6781,82227,82235
5300,82259,82267
403168,82292,82298
19794,82328,82332
5293,82359,82363
354209,82418,82426
56865,82451,82455
354219,82486,82492
56852,82519,82529
568211,82551,82557
349619,82586,82592
713776,82617,82625
5962,82654,82664
147540,82690,82698
536716,82722,82728
84836,82781,82791
84833,82812,82820
56502,82851,82857
57767,82880,82890
57752,82958,82966
116446,82990,82998
684494,83024,83034
81627,83059,83063
113114,83088,83094
56517,83120,83126
20377,83158,83166
345432,83190,83198
147095,83222,83230
14354,83277,83283
201498,83309,83315
625796,83375,83379
1317,83443,83447
580283,83481,83487
689572,83509,83519
115382,83541,83551
115325,83576,83582
55016,83614,83624
115361,83654,83662
372441,83688,83694
14304,83721,83731
54742,83761,83767
345302,83796,83804
17501,83828,83832
347457,83857,83863
116029,83889,83897
345251,83924,83930
13482,83955,83965
341762,83986,83994
20725,84027,84033
54827,84066,84074
54844,84135,84141
164230,84178,84184
116632,84216,84220
15163,84258,84262
68739,84291,84295
289333,84339,84347
562013,84395,84399
72251,84424,84434
53831,84461,84465
484531,84490,84498
289334,84528,84536
53816,84601,84607
289337,84637,84643
337463,84675,84685
574353,84715,84721
147263,84747,84755
147261,84776,84786
1855,84843,84849
68760,84912,84922
335361,84964,84970
1853,84996,85000
147434,85026,85030
335368,85130,85136
146749,85185,85191
147429,85213,85223
147258,85246,85252
697235,85279,85283
15122,85366,85374
68733,85403,85409
335995,85443,85447
148092,85480,85486
147331,85508,85518
568169,85615,85621
586478,85644,85652
801522,85676,85682
336555,85710,85716
336557,85740,85746
799060,85776,85780
273807,85812,85818
147161,85870,85878
147123,85934,85940
334751,86002,86012
289294,86186,86192
147110,86224,86232
53876,86265,86269
750966,86312,86316
334589,86341,86351
334588,86384,86394
