352794,10113,10121
11862,10175,10183
695094,10205,10213
539877,10237,10247
345644,10272,10276
1489,10328,10334
54084,10362,10366
683911,10393,10403
7468,10424,10432
339617,10455,10463
57709,10486,10496
339305,13602,13606
537359,13631,13641
694194,13665,13669
338750,13696,13702
340207,13725,13733
338740,13755,13763
237720,13819,13825
338709,13848,13858
348863,13885,13893
427753,13917,13927
586086,13953,13961
541817,13991,13997
333292,14048,14056
333054,14088,14096
655187,14118,14126
586133,14149,14159
569507,14184,14188
326731,14325,14329
2385,14365,14369
433841,14397,14405
141520,14429,14437
341331,14464,14470
350937,14494,14500
593826,14530,14538
54164,14562,14570
277673,14595,14599
692,14624,14630
15883,14658,14664
346486,14716,14726
575284,14753,14759
147736,14783,14789
14029,14812,14820
80665,14958,14966
328000,14992,15000
430114,15023,15033
350266,21780,21784
290459,21863,21871
21852,21895,21899
119326,21923,21933
80712,21954,21962
181596,21997,22003
54556,22028,22034
86633,22061,22071
83593,22094,22098
20781,22716,22722
652052,22753,22761
15138,22792,22796
148211,22826,22834
335374,22857,22865
54055,22889,22897
149390,22979,22989
54043,23014,23022
335389,23079,23087
335394,23115,23123
640177,23154,23164
628513,23264,23270
335475,23296,23300
538948,23323,23333
151129,23358,23368
151161,23414,23422
149334,23472,23478
149338,23509,23515
148067,23544,23552
142429,23586,23594
336331,23622,23630
338719,23654,23660
54656,23689,23697
308538,23772,23780
562140,23806,23814
308191,23841,23847
53955,23905,23911
150900,23987,23995
2721,24036,24046
287673,24204,24212
548401,24235,24243
336928,24281,24289
336940,24326,24330
338549,24406,24416
54222,24439,24443
338552,24470,24476
581455,24522,24532
652247,24594,24604
534482,24643,24651
2681,24716,24720
410348,24763,24773
54131,24798,24806
308219,24834,24844
338476,24867,24875
54224,24897,24907
685734,24933,24939
2837,24969,24977
54649,25001,25009
2843,25064,25072
336311,25096,25106
336308,25184,25190
336303,25212,25222
2866,25246,25250
548348,25285,25291
541957,25314,25322
255703,25351,25357
336240,25383,25389
564012,25413,25423
81875,25590,25598
336221,25642,25648
337456,25687,25695
164164,25734,25742
338714,25765,25773
164164,25795,25803
164127,25828,25834
20633,25894,25902
54863,25928,25936
532132,25970,25978
20704,26009,26017
337013,26040,26048
337016,26075,26079
191270,26103,26111
312572,26136,26142
7549,26168,26174
539082,26198,26206
693957,26228,26236
612796,26289,26295
490971,26318,26326
343429,26348,26356
343053,26381,26385
539284,26413,26419
402633,26442,26450
4489,26482,26492
54886,26554,26560
17838,26595,26603
694469,26625,26633
539212,26654,26664
548016,26692,26698
339298,26733,26741
21234,26781,26787
55077,26811,26817
7397,26848,26858
57711,26895,26901
339303,26925,26933
694174,26957,26965
340046,27444,27452
2823,27528,27538
149280,27566,27570
538304,27612,27616
340040,27648,27656
57708,27684,27694
13497,27717,27721
13488,27752,27758
13486,27803,27809
20707,27867,27873
20725,27896,27906
54827,27940,27946
54844,28008,28012
164230,28045,28051
116632,28079,28087
15163,28136,28142
53924,28203,28213
690566,28251,28257
337458,28282,28288
545436,28314,28320
899883,28349,28357
410339,28639,28647
650801,28670,28680
379903,28703,28707
68783,28738,28746
335405,28769,28779
181496,28858,28866
1854,28888,28898
68761,28924,28928
181288,28954,28960
304376,29143,29151
75169,29228,29236
392169,29260,29264
181409,29292,29298
303914,29322,29328
303745,29353,29357
181307,29380,29390
581213,29520,29526
1756,29611,29615
120917,29643,29651
68765,29699,29705
68770,29756,29764
4410,29822,29828
2493,29853,29859
55168,29946,29952
121058,30019,30029
83683,30049,30059
685404,30104,30112
181609,30145,30151
181613,30204,30208
55128,30257,30263
55139,30312,30322
17727,30351,30355
17729,30381,30385
23318,30429,30439
756277,30462,30468
80738,30491,30499
55150,30529,30533
348390,30564,30568
741,30597,30601
57739,30627,30635
57740,30665,30669
692,30708,30716
544867,30741,30747
715,30780,30788
143187,30831,30839
143195,30879,30887
109757,30910,30918
812698,30943,30951
351269,30985,30989
15876,31018,31022
695017,31047,31053
1113,31091,31101
6889,31129,31137
55155,31242,31248
683868,31485,31489
76682,31532,31542
758041,31564,31572
200330,31594,31602
342270,31655,31659
257093,31836,31842
5555,31866,31872
575307,31896,31902
199465,31972,31978
144120,32003,32011
301356,32039,32047
57204,32098,32104
544308,32132,32136
353025,32201,32205
110217,32230,32236
1127,32275,32281
110217,32323,32333
353022,32372,32380
683448,32406,32412
147090,32443,32449
413753,32478,32486
1143,32509,32515
622673,32542,32548
7135,32629,32637
353588,32720,32726
206426,32756,32762
87162,32794,32804
144663,32829,32833
6993,32865,32871
350737,33019,33027
347427,33080,33086
669,33110,33120
677,33145,33151
708,33184,33190
540572,33215,33219
23445,33290,33298
348513,33323,33331
23450,33380,33388
348348,33412,33418
152794,33450,33454
348329,33534,33538
71177,33566,33572
348354,33596,33602
544670,33626,33632
752,33660,33670
55111,33693,33697
652199,33723,33733
348964,33756,33762
254118,33795,33799
57871,33827,33831
17833,33856,33862
54080,33887,33893
56728,33979,33987
10776,34010,34016
56618,34041,34049
267455,34074,34084
267448,34132,34138
334409,34161,34169
740,34198,34208
147754,34232,34240
665,34264,34270
858,34380,34384
15662,34461,34467
462639,34492,34498
683447,34528,34536
1468,34619,34627
146664,34650,34656
763925,34682,34688
861901,34924,34930
18202,35046,35054
697601,35078,35084
18193,35167,35173
54438,35277,35281
683604,35307,35315
350986,35338,35348
147513,35387,35395
683577,35427,35435
148883,35482,35488
345576,35510,35520
351560,35560,35566
1032,35622,35626
342283,35658,35662
342286,35741,35747
199465,35771,35781
147071,35804,35812
57204,35850,35858
683448,35879,35889
1138,35912,35918
147090,35948,35956
295393,35979,35985
20889,36013,36021
20923,36044,36050
19839,36084,36092
181588,36124,36128
350821,36165,36169
350841,36239,36247
56076,36271,36279
56044,36307,36313
345145,36337,36343
56041,36374,36382
56194,36403,36413
184010,36438,36444
5812,36468,36474
345116,36499,36505
148024,36531,36537
345047,36561,36567
344687,36599,36605
344721,36629,36635
650385,36660,36666
79310,36708,36718
688516,36745,36751
147010,36816,36820
355370,36881,36885
273712,36942,36948
153403,36999,37007
355385,37090,37096
6481,37123,37127
5226,37158,37164
355407,37211,37219
5222,37256,37264
5221,37298,37302
325401,37327,37335
323866,37459,37463
402366,37515,37523
542637,37556,37564
56907,37590,37600
56910,37628,37638
271012,37665,37675
372143,37696,37704
372146,37729,37737
372148,37811,37817
564377,37842,37846
151783,37881,37885
535556,37913,37919
481404,37944,37952
6478,37990,37996
535495,38020,38030
57427,38053,38061
547051,38102,38108
536762,38133,38139
151308,38163,38169
640300,38192,38200
3052,38232,38240
403029,38263,38269
912340,38298,38304
403039,38352,38356
3058,39261,39269
338064,39301,39309
329827,39336,39344
117554,39370,39376
351223,39401,39407
84181,39442,39450
203937,39488,39494
742868,39525,39533
75854,39569,39575
75845,39598,39606
535059,39630,39636
84600,39672,39678
84685,39711,39717
200357,39743,39751
57741,39777,39783
20432,39808,39814
57752,39865,39873
116446,39899,39905
20418,39933,39939
81627,39969,39973
113114,39998,40006
56517,40040,40044
4688,40070,40080
20372,40101,40109
345424,40132,40138
345418,40163,40169
54740,40202,40210
345330,40235,40241
17499,40266,40274
751284,40296,40304
13444,40516,40520
55189,40550,40558
290737,40584,40592
338982,40621,40629
338991,40654,40662
21234,40686,40696
537379,40719,40725
690235,40751,40757
694194,40780,40788
694044,40817,40821
7391,40849,40857
577548,40883,40889
339302,40914,40920
339305,40954,40960
7457,40991,40997
694171,41023,41029
339620,41052,41060
339624,41081,41091
54760,41112,41120
21234,41153,41159
338994,41184,41192
338996,41239,41247
338747,41336,41342
278268,41378,41384
302508,41410,41420
350937,41441,41449
593826,41490,41498
160072,41522,41530
54174,41560,41568
301378,41596,41606
23454,41640,41646
1040,41672,41680
5420,41703,41709
456742,41732,41740
86701,41763,41771
23156,41795,41801
1030,41903,41911
1131,41939,41947
351562,41979,41985
57862,42088,42094
813777,42118,42126
401048,42155,42159
342663,42190,42196
351560,42227,42231
1135,42265,42269
344122,42300,42308
996004,42331,42337
290517,42371,42377
199465,42404,42412
301355,42437,42445
2807,42470,42476
301356,42505,42511
546407,42536,42542
353027,42598,42604
144638,42629,42633
110216,42687,42691
5144,42744,42752
23231,42777,42783
537208,42816,42820
23264,42848,42856
158092,42886,42892
1212,42916,42924
343932,42950,42956
316266,43253,43257
476187,43288,43292
345581,43371,43379
372266,43429,43439
263055,43501,43505
395575,43547,43551
315783,43580,43586
23252,44371,44379
21785,44405,44413
119329,44440,44448
80665,44472,44480
3242,44505,44513
341795,44540,44550
290950,44584,44588
430114,44613,44623
286857,50919,50925
80750,50954,50964
80743,50989,50997
754,51041,51047
55099,51116,51126
534477,51153,51159
348957,51185,51193
556973,51216,51224
322890,51248,51258
541741,61535,61541
1488,61607,61613
1456,61643,61649
347148,61676,61684
12964,61708,61716
12974,61745,61751
862210,61815,61819
12974,61933,61941
862210,61997,62005
12974,62044,62052
541482,62087,62093
57840,62117,62127
12964,62169,62177
534629,62216,62224
4530,62251,62259
350287,62288,62298
350289,62323,62331
350292,62354,62362
354590,62388,62394
4564,62440,62444
531905,62472,62478
7217,62526,62530
271,62566,62570
741243,62601,62607
9002,62649,62655
20936,62681,62687
147513,62715,62721
6981,62746,62750
7107,62793,62801
353331,62831,62837
353341,62867,62871
2068,62897,62901
57644,62930,62938
19697,62980,62986
342212,63014,63020
427911,63044,63050
537231,63087,63091
537233,63131,63135
556957,63160,63168
402594,63194,63204
402596,63226,63232
427907,63400,63408
193778,63431,63439
427907,63550,63556
57225,63584,63592
682274,63618,63628
19686,63649,63657
689831,63687,63693
689791,63729,63735
689832,63763,63767
689822,63801,63807
342199,63879,63887
19698,63921,63929
146918,64000,64010
151220,64052,64060
151227,64106,64114
430114,64154,64160
57180,66239,66243
151032,66320,66326
354635,66357,66361
333666,66397,66403
119329,66469,66479
119330,66501,66507
80704,66542,66550
80712,66579,66585
106,66617,66623
54556,66681,66687
86627,66718,66724
396396,66758,66766
86661,66836,66840
86649,66926,66932
86661,67015,67021
86643,67043,67053
86649,67085,67093
237736,67350,67356
289278,67384,67392
237724,67425,67433
54153,67468,67478
756,67553,67557
278269,67591,67597
7392,67640,67644
694176,67687,67691
690238,67716,67722
7397,67745,67753
690233,67774,67784
53950,67810,67816
436,67841,67849
321592,67874,67880
321585,67994,68002
275826,68129,68137
1491,68179,68187
541139,68210,68216
347148,68266,68272
12964,68319,68325
534629,68358,68366
350286,68471,68477
56680,68533,68543
54749,68577,68585
120832,68608,68614
324665,68641,68647
343048,68672,68680
54493,68707,68711
14284,68736,68744
56670,68784,68794
56671,68830,68834
343598,68887,68891
403062,68916,68922
534657,68946,68952
343744,69053,69059
148877,69106,69114
151709,69139,69145
115968,69175,69185
567971,69209,69215
12477,69264,69274
542266,69299,69305
534627,69334,69338
345642,69363,69369
1490,69394,69398
17836,69435,69441
54187,69500,69506
345675,69537,69545
23444,69587,69591
143599,69620,69626
154693,69648,69658
773,69685,69691
15883,69719,69723
456742,69747,69755
6936,69829,69837
6579,69874,69880
6571,69905,69911
690925,69959,69967
683868,69988,69998
6571,70021,70027
758044,70060,70066
888239,70090,70096
435290,70137,70143
346129,70210,70218
683868,70240,70248
254104,70313,70319
301375,70362,70370
1030,70405,70415
57862,70442,70450
401048,70475,70483
345572,70514,70518
342648,70550,70556
807949,70579,70587
57820,70615,70619
80350,70649,70653
147227,70678,70686
15658,70717,70723
56590,70759,70769
338246,70797,70801
338250,70830,70838
824328,70864,70870
141528,70905,70913
824322,70939,70947
532314,70979,70989
338167,71037,71043
9814,71079,71083
143255,71107,71115
23450,71190,71196
545666,71221,71227
544673,71279,71287
540856,71310,71318
346568,71341,71347
273724,71371,71381
829,71406,71410
121128,71441,71447
55113,71485,71491
55108,71529,71537
55109,71559,71569
54555,71600,71606
81078,71630,71640
17726,71702,71706
341916,71756,71762
4377,71807,71815
181548,71849,71855
2419,71878,71888
338345,71919,71923
484304,71954,71958
313107,71984,71990
484311,72014,72024
484314,72050,72054
7553,72250,72258
161360,72286,72294
161356,72322,72330
271403,72406,72410
690574,72440,72448
54086,72472,72480
419601,72503,72513
339290,72536,72542
110077,72819,72827
212177,72858,72868
539420,72891,72899
693945,72922,72928
694010,72961,72967
694004,72998,73006
694001,73029,73037
4473,73061,73065
694230,73091,73097
7902,73144,73150
313984,73186,73192
539530,73349,73353
539527,73380,73388
161309,73416,73422
54889,73449,73455
340220,73483,73487
544974,73512,73518
323545,73552,73558
340222,73590,73596
723270,73624,73632
341762,73677,73687
20732,73710,73718
54827,73779,73789
54844,73840,73848
164230,73884,73892
116632,73927,73935
15138,73964,73972
164103,73996,74004
148211,74033,74041
590894,74067,74073
314554,74140,74148
54055,74175,74181
402444,74219,74227
120622,74286,74294
120632,74339,74345
336120,74393,74399
336072,74433,74437
336071,74476,74484
335424,74509,74515
335418,74539,74549
147358,74576,74584
15124,74655,74661
685717,74688,74692
148286,74738,74742
22925,74780,74790
54718,74821,74827
654228,74860,74868
167473,74897,74905
167251,74929,74933
145420,74960,74964
386180,74991,74997
686055,76928,76934
144509,76966,76974
144504,76998,77004
144522,77110,77118
144504,77252,77256
181618,77279,77289
167288,77310,77318
54246,77342,77348
181616,77375,77381
120917,77425,77433
68765,77464,77472
68770,77513,77519
4410,77571,77577
2496,77602,77606
55171,77636,77644
121058,77666,77674
593800,77698,77706
181609,77741,77745
55128,77780,77788
17727,77809,77819
341920,77843,77851
146874,77878,77886
80743,77930,77940
21968,77968,77974
55090,78011,78017
56620,78049,78055
152072,78078,78086
22982,78134,78142
21116,78170,78174
578206,78199,78207
21116,78248,78256
181876,78365,78371
847,78396,78402
348420,78453,78457
546779,78482,78488
55113,78514,78518
55108,78559,78565
23323,78594,78600
76594,78628,78636
698528,78767,78777
116029,78802,78808
345251,78839,78843
13482,78883,78887
341762,78918,78928
20732,78952,78958
54827,79016,79024
54844,79095,79105
164230,79143,79153
116632,79197,79207
15138,79236,79242
15122,79280,79288
148212,79381,79387
335376,79449,79455
684072,79483,79487
766419,79522,79526
444963,79549,79559
13336,79596,79600
54061,79649,79653
335426,79680,79686
690673,79709,79717
15124,79739,79747
15175,79790,79798
148286,79822,79828
14982,79852,79858
22940,79886,79892
536133,79917,79927
285,79971,79979
354039,80001,80009
145420,80035,80045
144530,81348,81352
144529,81522,81530
144533,81589,81599
144522,81719,81725
144504,81781,81785
181618,81818,81822
810551,81846,81854
537021,81877,81885
15563,81937,81941
17452,81967,81973
545013,81999,82005
15002,82049,82057
22916,82106,82116
273837,82139,82145
116641,82170,82176
482972,82203,82209
20633,82264,82270
651861,82297,82305
20706,82336,82346
345200,82379,82389
13476,82419,82427
20741,82452,82456
116007,82482,82488
345292,82520,82526
20242,82551,82557
17488,82607,82613
355471,82637,82643
254278,82670,82674
533071,82705,82709
17104,82735,82741
2738,82764,82772
347936,82800,82804
305137,82830,82834
305130,82871,82879
540258,82904,82912
402676,82935,82941
586686,82970,82974
312737,82999,83007
620555,83141,83151
347923,83195,83199
2325,83222,83232
347928,83289,83297
54967,83326,83334
542937,83361,83367
541966,83396,83404
281593,83429,83433
16823,83459,83463
16830,83493,83501
546470,83525,83531
537,83574,83580
530982,83603,83611
575445,83638,83644
290957,83667,83675
289763,83698,83704
202191,83744,83752
309173,83778,83786
309162,83808,83816
449700,83854,83858
309162,83890,83898
654566,83927,83931
372499,83965,83969
531215,84008,84018
206247,84038,84048
55930,84095,84101
348769,84175,84179
1889,84204,84212
54797,84243,84249
2335,84276,84282
55515,84311,84317
15687,84345,84353
55678,84378,84384
55575,84408,84414
300228,84447,84453
544873,84488,84496
4604,84534,84540
246101,84564,84570
534460,84596,84600
122435,84626,84632
995136,84656,84662
348798,84689,84699
402717,84723,84729
535071,84757,84765
150829,84800,84804
694801,84828,84836
348029,84923,84931
348610,84955,84961
16533,84997,85005
55573,85038,85048
1444,85068,85078
348663,85108,85114
348701,85137,85145
287008,85168,85174
1531,85198,85206
54991,85248,85258
354846,85281,85285
354841,85310,85320
147709,85343,85347
354233,85372,85378
56744,85411,85421
403044,85455,85459
56741,85523,85529
539421,85553,85559
353389,85591,85597
86808,85629,85639
54260,85661,85669
122301,85693,85697
7165,85723,85727
308101,85752,85760
56639,85784,85788
350391,85813,85821
694279,85844,85850
277831,85881,85885
277832,85956,85964
12921,86000,86006
56634,86079,86089
436087,86117,86125
563659,86151,86157
80237,86184,86190
152073,86214,86222
344006,86243,86253
540467,86274,86284
109757,86359,86367
344103,86395,86401
