408965,30778,30786
150926,30812,30820
575065,30850,30856
339078,30881,30887
655124,30911,30917
647898,31065,31071
408965,31100,31106
270635,31133,31139
4355,31164,31170
545525,31196,31202
20674,31236,31240
651861,31276,31286
532131,31308,31318
892955,31350,31358
20705,31392,31402
20706,31426,31432
345187,31462,31468
345200,31509,31515
5606,31541,31549
13476,31575,31583
345223,31605,31615
54635,31648,31656
345292,31686,31694
20242,31715,31725
345321,31750,31758
345402,31791,31797
55004,31828,31834
20367,31861,31867
345457,31890,31898
6100,31926,31936
6110,32042,32048
684571,32082,32092
684568,32145,32151
198906,32217,32223
352158,32257,32265
146868,32328,32336
273156,32359,32365
655754,32399,32403
164105,32431,32437
18550,32478,32484
684522,32531,32541
75243,32575,32579
540095,32611,32615
353876,32640,32646
1465,32669,32677
307073,32781,32787
1468,32814,32818
146664,32971,32977
338197,33053,33059
538999,33082,33090
351784,33141,33151
351723,33173,33179
651144,33236,33244
764505,33271,33279
1659,33302,33310
343722,33355,33365
343702,33389,33399
56868,33438,33446
289005,33479,33487
91852,33510,33518
353653,33547,33555
353671,33580,33586
110435,33609,33617
350055,33640,33648
352634,33682,33688
349943,33712,33720
355557,33744,33752
938,33774,33782
5881,33811,33817
84836,33872,33880
20467,33904,33912
419657,33937,33945
56947,33974,33982
464200,34024,34034
276951,34057,34063
337957,34099,34103
269053,34139,34149
539308,34183,34189
870298,34224,34230
870309,34263,34271
586845,34304,34314
352348,34346,34356
327095,34378,34384
352346,34413,34419
151985,34443,34451
335704,34478,34482
151854,34513,34519
150368,34546,34556
404363,34580,34586
151851,34613,34619
276935,34654,34664
535462,34688,34694
276980,34723,34729
206301,34756,34760
690270,34789,34795
323915,34826,34830
755652,34859,34863
85295,34889,34897
323913,34924,34932
346046,34955,34963
541691,34986,34992
361600,35016,35022
5870,35045,35053
146783,35080,35084
146782,35170,35176
267858,35203,35213
9820,35252,35256
410239,35280,35288
262848,37075,37083
582103,37121,37129
57360,37154,37158
534507,37192,37200
56919,37224,37228
55756,37259,37267
55762,37297,37303
323049,37382,37388
322664,37431,37439
544090,37467,37471
323898,37499,37509
57403,37540,37546
542637,41341,41349
56907,41384,41390
271012,41432,41440
324073,41470,41480
55330,41506,41510
150319,41535,41541
118924,41565,41571
325420,41606,41614
325387,41648,41654
539012,41679,41687
56906,41732,41742
539031,41763,41773
529916,41800,41810
540468,41835,41839
55310,41887,41891
5870,41944,41952
146789,41977,41985
20359,42019,42023
20323,42055,42061
5137,42092,42098
344821,42122,42130
344822,42157,42163
57646,42188,42194
79739,42217,42227
19745,42266,42270
345037,42298,42304
5824,42327,42337
148011,42358,42366
345111,42387,42397
15672,42419,42429
56042,42457,42463
345158,42488,42492
56076,42529,42539
350848,42565,42569
350842,42604,42610
652074,42634,42640
327992,42670,42676
2063,42700,42706
2007,42821,42829
353339,42856,42862
57195,42891,42897
22277,42950,42956
22269,42985,42991
350179,43195,43201
544406,43226,43232
1111,43258,43264
1138,43306,43312
110211,43351,43361
350208,43389,43395
141461,43420,43428
350246,43457,43463
569889,43491,43497
316833,43535,43541
290752,43586,43596
21869,43620,43626
341851,43655,43661
57172,43703,43709
3239,43742,43750
350410,43774,43782
57644,43828,43834
55437,43863,43869
80654,43912,43920
342190,43944,43948
56760,44004,44012
342191,44035,44041
537007,44095,44099
587966,44129,44139
19698,44261,44267
19703,44298,44306
55440,44328,44336
311828,44397,44403
342212,44433,44439
5804,44470,44476
328424,44501,44507
705489,44550,44556
351341,44588,44594
311834,44618,44626
751214,44648,44658
342317,44691,44697
545990,44731,44741
419554,44771,44779
118957,44812,44816
419547,44870,44878
419552,44933,44939
419544,44969,44979
880665,45002,45010
125214,45034,45044
419533,45090,45096
350918,45120,45128
651682,45184,45192
350918,45215,45221
570690,45303,45311
148093,45456,45464
331731,45487,45497
661424,45529,45535
911,45561,45567
914,45591,45597
5156,45636,45646
538909,45671,45675
75243,45711,45721
1476,45745,45749
146660,45776,45780
110227,45831,45837
349644,45878,45886
349645,45911,45917
349564,45947,45955
5707,46000,46006
128680,46029,46037
277829,46062,46068
181378,46121,46127
321447,46153,46159
277839,46198,46206
607448,46228,46236
683890,46272,46278
21999,46520,46530
290100,46553,46561
350233,46614,46620
321471,46647,46651
421550,46678,46684
20985,46707,46715
436080,46737,46745
848989,46766,46776
21004,46814,46820
57832,46851,46857
5702,46887,46891
122267,46927,46933
654000,47186,47196
122264,47217,47227
462805,47251,47259
200822,47331,47337
351633,47366,47372
696528,47403,47411
5712,47432,47442
602542,47465,47469
351639,47492,47502
6,47522,47532
1477,47559,47567
351733,47590,47596
351893,47622,47626
56516,47753,47761
24,47845,47851
56596,47903,47911
56514,47934,47940
351894,47962,47972
75243,48030,48038
351726,48066,48072
146660,48104,48108
20,48136,48144
696883,48168,48172
13729,48204,48208
349819,48374,48384
344702,48414,48420
344732,48446,48452
200713,48475,48485
200832,48511,48519
147746,48540,48550
540532,48572,48580
297409,48617,48627
148917,48651,48655
203518,48680,48688
198906,48732,48736
352158,48768,48772
119547,48804,48808
567841,48836,48844
343717,48873,48881
118499,48908,48912
1584,48943,48947
354326,48979,48985
91850,49023,49031
91851,49088,49096
343560,49118,49126
353651,49151,49157
353654,49183,49189
161728,49214,49218
352254,49249,49253
71589,49277,49285
352312,49308,49316
737575,49490,49494
537101,49634,49644
116141,49666,49674
352634,49717,49723
352655,49758,49766
349913,49790,49796
937,49823,49831
350603,49861,49869
683886,50556,50566
766895,50591,50599
350742,50626,50630
419640,50656,50664
683552,50688,50698
110037,50718,50728
85289,50754,50760
755655,50782,50792
535429,50832,50838
535470,50862,50868
464200,50894,50902
695232,50924,50934
337957,50974,50982
269053,51021,51029
327648,51050,51060
350968,51087,51095
535579,51118,51126
267902,51202,51210
374203,51236,51242
202044,51267,51277
159829,51309,51313
152236,51352,51358
510907,51382,51388
510906,51419,51425
371782,51456,51464
536785,51487,51495
329843,51518,51526
351811,51564,51570
351968,51600,51604
483186,51662,51670
329847,51691,51701
191967,51929,51935
331945,51959,51965
575639,51991,51997
191967,52027,52035
329853,52058,52066
150949,52088,52096
351810,52122,52128
4702,52174,52178
389199,52218,52228
608113,52259,52263
150982,52298,52306
608257,52333,52341
742930,52365,52375
742936,52397,52407
389199,52428,52436
546343,52458,52468
608592,52488,52498
329841,52522,52526
546343,52552,52558
608592,52582,52588
329845,52667,52675
545931,52703,52713
331925,52735,52741
548215,52895,52905
351992,52928,52932
331922,52958,52966
561268,52991,52997
150950,53027,53035
585987,53108,53116
389199,53139,53147
389200,53197,53207
351809,53227,53237
750844,53263,53271
389200,53338,53346
351812,53367,53377
545959,53412,53416
331936,53439,53449
150966,53476,53480
402862,53506,53516
150987,53566,53574
535996,53599,53607
263836,53633,53639
332004,53665,53669
152048,53749,53757
84172,53786,53790
3172,54184,54188
539594,54212,54220
487311,54290,54296
691467,54319,54327
331930,54351,54357
150993,54382,54386
351853,54428,54434
3110,54495,54499
3120,54550,54554
84256,54598,54606
536078,54630,54636
764775,54673,54677
764772,54703,54713
350680,54739,54747
372222,54774,54784
481400,54806,54812
372199,54835,54843
203381,54867,54873
764485,54922,54928
82755,54955,54961
342548,54986,54994
151756,55034,55038
342526,55105,55113
542613,55156,55166
542637,56908,56914
323870,71981,71987
118220,72013,72019
55313,72046,72052
3404,72081,72087
3407,72140,72146
118142,72172,72180
346053,72208,72216
323889,72254,72264
57345,72286,72294
346057,72319,72323
119281,72367,72375
346076,72404,72414
3392,72451,72461
416576,72483,72489
56258,72511,72521
355404,72546,72552
402354,72577,72585
402344,72625,72633
161034,72667,72671
576918,72714,72720
110780,72819,72825
355363,72852,72858
402340,72885,72889
110789,72914,72922
84884,72948,72956
84917,72984,72992
770150,73018,73028
270890,73052,73060
403206,73083,73089
538651,73123,73129
407538,73217,73227
539886,73282,73288
325078,73312,73318
323025,73380,73386
57347,73418,73424
56978,73450,73458
346076,73483,73491
3392,73523,73529
57141,73593,73601
537756,73640,73648
5223,73674,73680
537756,73706,73714
355403,73737,73747
267395,73771,73777
291117,73819,73825
161026,73848,73856
355365,73878,73886
286710,73923,73933
546308,74025,74033
402340,74074,74084
110789,74115,74119
149837,74148,74154
84933,74181,74189
84929,74214,74218
346875,74244,74250
537731,74283,74287
20293,74322,74326
335469,74351,74357
741644,74383,74391
402395,74413,74421
346014,74453,74457
345910,74509,74519
535437,74547,74553
535476,74581,74587
57421,74611,74617
289217,74648,74654
536762,74680,74684
3098,74724,74728
613138,74904,74914
613100,74945,74955
349491,75034,75040
350334,75075,75081
191582,75108,75116
181481,75203,75211
403037,75243,75251
329128,75276,75286
329818,75315,75323
329123,75344,75354
351708,75422,75432
537022,75461,75467
770380,75500,75508
351205,75530,75538
273427,75600,75606
267910,75630,75638
277046,75662,75666
350967,75692,75696
57394,75745,75751
535435,75787,75793
57398,75820,75828
326564,75852,75862
57344,75887,75895
326449,75920,75928
276933,75951,75959
695232,75981,75989
464206,76022,76028
755763,76053,76059
397187,76091,76095
419654,76122,76132
537176,76159,76163
537093,76189,76195
110063,76220,76224
544859,76252,76260
537198,76287,76293
543333,76333,76339
302529,76365,76369
353672,76394,76400
536765,76431,76439
1639,76466,76470
766285,76512,76522
146873,76545,76549
119103,76579,76589
539474,76613,76617
1667,76643,76649
1672,76679,76685
20948,76768,76778
271,76801,76807
18226,76865,76871
741244,76893,76903
534521,76955,76959
56590,76987,76995
338167,77031,77037
727,77077,77083
339195,77108,77116
147715,77146,77152
23450,77178,77182
545666,77210,77218
147411,77335,77343
772,77373,77383
820,77406,77414
154704,77444,77452
804,77495,77503
81068,77529,77537
195333,77718,77724
195342,77766,77774
531938,77797,77803
86650,77827,77835
80726,77861,77865
80737,77912,77920
80663,77954,77962
19839,77995,78001
350821,78041,78049
350841,78098,78104
350847,78130,78138
56044,78169,78173
80575,78206,78214
19668,78249,78253
351101,78279,78285
351100,78310,78318
6014,78353,78361
6071,78411,78421
56445,78453,78459
402471,78485,78493
147628,78533,78537
55978,78567,78575
547038,78600,78606
690300,78632,78638
98255,78739,78743
342844,78767,78775
419748,78798,78804
361595,78830,78836
740340,78859,78867
56069,78891,78897
350862,78923,78931
350849,78954,78960
350842,78988,78996
3260,79023,79029
327992,79064,79068
3255,79099,79109
401431,79130,79138
144597,79162,79168
341797,79442,79450
316841,79479,79489
21852,79515,79521
286663,79547,79553
342609,79581,79589
688967,79631,79639
1001758,79664,79672
286662,79695,79701
142912,79727,79733
343785,79767,79771
676180,79795,79803
394137,79829,79837
556694,79917,79927
343827,79957,79965
342128,79988,79994
56770,80018,80024
56779,80046,80056
56752,80079,80087
19703,80111,80119
342212,80219,80227
430416,80249,80257
57639,80282,80286
401497,80316,80322
152791,80347,80353
67083,80385,80393
20931,80419,80425
20899,80463,80469
80496,80500,80506
385,80564,80574
355505,80604,80614
94,80671,80675
20961,80699,80707
20966,80731,80741
543290,80768,80772
562048,80799,80807
7164,80846,80850
355485,80879,80885
148898,80918,80922
305497,80949,80959
533071,80991,80997
17108,81027,81037
16842,81063,81067
534194,81096,81104
16789,81130,81138
16797,81161,81167
16830,81210,81216
652156,81239,81247
126,81273,81281
55664,81310,81316
74336,81340,81348
17260,81379,81385
348241,81412,81416
17307,81448,81454
17317,81491,81499
351024,81523,81529
351004,81565,81573
551475,81607,81615
191315,81642,81650
4008,81682,81690
273735,81750,81756
547825,81784,81792
152201,81821,81827
534904,81861,81865
203403,81890,81896
151607,81929,81939
3914,81960,81968
351503,81998,82004
351442,82036,82044
352978,82071,82079
349191,82126,82134
151427,82156,82164
583916,82187,82195
400663,82279,82283
581352,82307,82317
349163,82343,82347
565495,82371,82379
349177,82404,82408
350385,82433,82439
404241,82466,82476
353123,82497,82507
430795,82529,82539
350648,82563,82569
351437,82597,82605
351441,82629,82637
3906,82672,82680
330692,82702,82710
639195,82764,82772
332394,82854,82860
273727,82886,82892
273741,82948,82954
545422,82979,82985
191295,83022,83030
13504,83055,83063
351003,83087,83091
120848,83125,83133
120846,83158,83162
17298,83185,83195
206420,83224,83232
17265,83258,83264
74345,83312,83320
55660,83343,83353
91,83378,83388
267118,83438,83444
744311,83474,83482
13121,83510,83518
255932,83541,83549
11730,83584,83592
530670,83623,83627
54345,83654,83658
343531,83683,83691
289786,83733,83741
50503,83767,83773
335585,83811,83819
19598,83845,83851
651819,83877,83881
12447,83906,83912
15072,83939,83945
22934,83969,83975
54718,84021,84031
654228,84072,84078
285,84110,84114
760534,84140,84144
543543,84168,84178
486233,84201,84209
886877,84230,84240
148740,84271,84281
334246,84340,84346
709846,84428,84438
334250,84463,84473
334253,84497,84505
536784,84528,84534
15563,84583,84591
17451,84613,84621
545013,84645,84653
15002,84694,84700
54243,84727,84731
22916,84772,84778
148283,84803,84809
116641,84842,84846
164128,84871,84877
337452,84900,84910
54133,84946,84950
655385,84974,84984
54129,85014,85018
308219,85068,85074
4355,85152,85162
4354,85186,85190
