355016,3140,3146
355470,3172,3176
355020,3231,3237
57015,3262,3270
431128,3304,3312
147797,3334,3342
56244,3370,3380
90033,3402,3408
90040,3435,3443
355172,3468,3474
355407,3501,3509
537754,3680,3688
56258,3713,3719
56260,3802,3806
5223,3831,3837
355396,3859,3869
291117,3896,3902
402345,3926,3934
273711,3968,3974
153403,4101,4107
164079,4221,4227
56818,4256,4264
5217,4286,4294
146968,4318,4322
537890,4351,4359
56277,4400,4408
741644,4445,4453
346011,4479,4485
345910,4531,4537
402339,4565,4573
350624,4598,4602
350678,4633,4637
407566,4662,4668
402321,4739,4743
374304,4767,4777
536684,4808,4814
3121,4847,4853
117545,4879,4887
331903,4911,4915
607920,4939,4947
683920,4973,4983
607915,5007,5013
643102,5038,5044
331860,5068,5074
150956,5098,5106
351812,5131,5139
4702,5166,5172
389200,5211,5221
750844,5272,5278
389200,5306,5314
483186,5343,5349
545931,5377,5383
150971,5409,5415
150948,5440,5444
331996,5469,5475
487307,5499,5509
329846,5543,5549
389205,5571,5581
696690,5604,5612
585992,5639,5643
150955,5668,5678
370144,5713,5723
195500,5755,5761
536847,5787,5795
338037,5818,5824
537075,5850,5856
481413,5883,5889
351308,5915,5921
3048,5949,5957
536733,5987,5993
351294,6023,6029
536711,6052,6060
766680,6081,6091
403031,6123,6127
150999,6152,6158
613138,6185,6191
349491,6237,6241
150939,6275,6281
684054,6305,6313
349490,6340,6346
181481,6385,6391
350359,6415,6423
329830,6472,6482
329818,6505,6509
543681,6534,6540
403032,6562,6572
543564,6595,6603
327608,6626,6632
273417,6658,6662
56894,6696,6700
428253,6724,6732
277242,6767,6771
56943,6812,6822
543506,6845,6851
308286,6881,6889
308249,6910,6920
340854,6949,6953
338012,6982,6990
350875,7018,7026
544328,7049,7055
308269,7078,7086
308264,7107,7117
2988,7149,7157
308256,7186,7196
633108,7224,7230
335699,7255,7263
151818,7287,7291
84619,7325,7331
535063,7364,7372
57100,7399,7405
202247,7454,7462
75857,7488,7494
349022,7518,7524
349878,7552,7558
57313,7603,7611
148682,7635,7639
582382,7663,7671
3758,7719,7727
690846,7749,7759
3765,7782,7786
352327,7814,7818
151586,7857,7863
152156,7889,7893
4015,7922,7930
352825,7954,7960
591645,7984,7992
655821,8015,8021
151600,8058,8064
352020,8097,8103
627858,8128,8134
815259,8157,8165
627640,8186,8196
152359,8306,8314
351815,8338,8344
152084,8374,8378
351445,8410,8418
350076,8441,8449
350102,8474,8482
350117,8527,8533
121511,8576,8584
350131,8611,8619
530101,8643,8649
341997,8677,8681
343087,8755,8765
564213,8788,8796
685927,8969,8977
318943,9002,9006
402135,9030,9038
547476,9064,9070
334935,9114,9122
147461,9145,9151
344386,9175,9181
345879,9207,9211
317449,9236,9246
57057,9278,9284
684519,9315,9321
57064,9353,9363
353063,9388,9392
316603,9416,9424
653705,9453,9457
882916,9481,9491
90626,9513,9521
350644,9551,9559
352978,9580,9590
84547,9612,9618
75348,9644,9652
351499,9686,9694
351530,9721,9727
351547,9754,9762
351442,9785,9793
3913,9816,9822
556934,9846,9852
750398,10000,10006
741306,10302,10310
649443,10335,10343
331062,10369,10375
351501,10402,10410
351529,10468,10476
351531,10688,10694
351540,10719,10725
351532,10750,10756
152084,10780,10786
351442,10812,10820
350075,10875,10879
160999,10906,10910
350117,10999,11005
121510,11032,11038
346359,11060,11070
4181,11109,11119
481508,11285,11295
152661,11331,11339
684518,11364,11372
344294,11397,11403
530310,11428,11438
353079,11461,11465
151537,11488,11498
350387,11531,11537
404244,11563,11571
330496,11597,11605
350648,11628,11636
3904,11701,11705
151676,11730,11740
75348,11765,11769
330692,11795,11799
689721,11834,11840
151601,11867,11871
273727,11910,11916
273741,11964,11972
17432,12007,12017
350993,12047,12053
351003,12078,12082
120848,12110,12116
17293,12143,12149
206420,12183,12189
55675,12214,12222
74345,12243,12253
92,12291,12299
152544,12329,12337
16772,12374,12378
341442,12404,12412
148859,12439,12445
17103,12477,12483
17469,12510,12516
355482,12540,12546
164083,12571,12575
7158,12633,12639
54257,12676,12684
539214,12706,12716
146738,12741,12745
353396,12811,12817
353395,12843,12851
353386,12875,12883
146745,12915,12919
351154,12948,12954
54247,12982,12988
704379,13012,13020
541111,13043,13051
54499,13079,13089
54749,13110,13118
147683,13150,13158
54493,13185,13189
345296,13214,13220
14305,13249,13257
345416,13283,13289
20360,13314,13322
345451,13348,13354
57788,13377,13385
56478,13413,13419
346706,13447,13453
20410,13477,13483
57753,13509,13517
159276,13543,13553
56481,13576,13586
346741,13614,13622
270886,13654,13664
73377,13692,13698
346835,13723,13729
537467,13754,13760
4753,13788,13794
4774,13827,13831
181324,13857,13863
197446,13889,13895
626771,13953,13957
197463,13985,13993
197493,14051,14055
540454,14098,14106
346921,14134,14140
233,14167,14177
351201,14238,14246
273789,14275,14279
351214,14310,14318
84181,14342,14350
203937,14372,14382
302523,14405,14415
202247,14444,14452
75859,14477,14487
349870,14508,14516
541784,14545,14555
57313,14583,14593
352713,14615,14623
152190,14648,14656
70625,14682,14688
349430,14723,14731
349970,14757,14767
814744,17223,17233
3934,32760,32766
352949,32792,32798
3777,32859,32865
3765,32889,32897
352326,32920,32930
152167,32970,32976
56820,33058,33064
56821,33088,33096
329028,33125,33131
621807,33165,33175
654356,33206,33216
481490,33297,33303
620178,33358,33368
152257,33395,33403
151588,33424,33434
56820,33456,33466
352949,33489,33493
3777,33528,33534
331135,33560,33564
57314,33630,33638
352724,33660,33668
684960,33696,33702
148667,33724,33734
57271,33760,33764
3736,33790,33796
352837,34322,34332
148689,34355,34363
148682,34387,34393
352902,34451,34457
581468,34481,34489
69961,34527,34535
57270,34562,34568
564611,34724,34728
3682,34789,34797
352837,34830,34836
57313,34909,34915
148689,34941,34947
352707,34970,34978
690302,35001,35007
151589,35032,35036
273834,35067,35071
349431,35096,35104
684639,35129,35135
620162,45426,45434
620178,45456,45466
3789,45497,45501
575957,45534,45538
352689,45584,45588
151594,45613,45621
352541,45645,45653
627735,45678,45684
627710,45710,45718
621569,45740,45748
152359,45785,45793
654522,45822,45828
351529,45874,45880
351539,45906,45912
152289,45938,45944
3935,45975,45983
690848,46009,46015
278803,46043,46051
352752,46093,46099
686132,46123,46129
57314,46158,46166
148952,46188,46198
349972,46220,46226
400273,46263,46269
222135,46292,46302
352688,46357,46365
403336,46618,46626
352698,46669,46677
351815,46700,46708
654522,46751,46757
351531,46780,46788
329044,46815,46819
421553,46845,46851
75876,46892,46898
352024,46952,46958
3935,47042,47048
812703,47070,47080
690847,47113,47121
3777,47151,47157
766737,47183,47189
57314,47283,47293
152168,47315,47325
352894,47348,47356
684960,47383,47393
148667,47415,47423
57271,47449,47455
542440,47487,47491
332294,47516,47522
3682,47746,47754
57313,47781,47787
690077,47826,47832
352708,47872,47880
352716,47905,47909
151589,47939,47945
3758,47980,47986
3792,48011,48017
56821,48041,48047
152076,48076,48080
351559,48109,48117
151593,48154,48158
351533,48189,48195
152084,48224,48228
351442,48262,48270
330812,48292,48300
330811,48323,48331
537462,48355,48365
90625,48388,48394
888195,48416,48426
400662,48448,48454
349171,48478,48486
349369,48527,48535
400677,48572,48580
147608,48609,48619
653705,48650,48654
152604,48693,48703
151520,48746,48756
586102,48780,48788
581352,48904,48914
152932,48936,48942
349169,48969,48973
349369,49007,49013
147608,49037,49045
152604,49098,49102
151546,49128,49138
404241,49163,49169
353124,49193,49199
151541,49234,49244
350644,49279,49285
3904,49323,49331
351441,49369,49377
351501,49407,49415
351529,49447,49451
351539,49475,49483
329039,49514,49520
351551,49564,49570
352024,49592,49602
812703,49624,49630
3777,49655,49661
3765,49685,49693
352326,49806,49816
352328,49848,49852
352027,49886,49890
70469,49915,49925
352331,49948,49958
567848,49984,49990
547256,50044,50052
571159,50075,50081
571158,50217,50225
151589,50246,50256
403362,50283,50289
352326,50313,50321
151586,50349,50357
152162,50406,50414
351592,50466,50470
812703,50495,50501
278803,50525,50533
352752,50581,50589
57314,50677,50681
152198,50730,50734
273834,50764,50774
349430,50807,50815
70540,50841,50849
684639,50878,50888
400274,50916,50922
349999,50946,50954
152621,50995,51003
350033,51035,51043
346229,51329,51339
684964,51371,51381
350499,51405,51411
403366,51444,51450
400317,51488,51498
400345,51526,51534
481488,51566,51572
400347,51786,51794
269207,51894,51902
3801,51965,51973
151618,52005,52009
83411,52055,52061
83423,52092,52100
620170,52175,52183
620162,52204,52214
619818,52235,52243
349441,61654,61660
620226,62302,62308
3789,62341,62347
352691,62370,62378
222140,62438,62442
400275,62470,62476
619818,62507,62511
152252,69295,69305
150405,69334,69344
197869,69384,69394
351586,69417,69425
70506,69463,69471
70511,69536,69544
3936,69568,69574
351679,69600,69608
70347,69648,69654
70214,69679,69687
84443,69713,69723
75863,69749,69757
150,69790,69796
75845,69837,69845
84597,69871,69877
57795,69901,69911
84692,69947,69955
200364,69984,69992
57741,70016,70024
20432,70055,70059
57752,70118,70124
4214,70164,70170
546075,70217,70225
564376,70249,70259
310855,70287,70291
350054,70323,70331
621316,70360,70364
634747,70389,70395
429622,70425,70433
429623,70465,70473
435975,70496,70502
429622,70526,70534
429631,70588,70596
650426,70619,70625
71656,70651,70659
344209,70681,70689
429613,70716,70722
344210,70747,70751
310854,70797,70803
344279,70827,70837
536752,70862,70868
116138,70894,70898
769012,70921,70931
353657,70953,70961
1620,70988,70992
766285,71020,71028
766283,71052,71062
540614,71084,71090
539472,71114,71122
539477,71151,71159
539501,71182,71188
196217,71213,71223
764503,71246,71254
146656,71277,71283
692623,71306,71314
5723,71337,71345
538851,71368,71374
18519,71396,71406
1463,71427,71435
908,71519,71527
782452,71559,71565
997289,71589,71595
782449,71620,71626
654055,71727,71737
542162,71766,71772
158214,71801,71807
308051,71836,71840
350657,71864,71872
308061,71894,71902
430556,71937,71945
256949,71967,71975
350493,71997,72005
404986,72030,72036
82771,72087,72097
2037,72148,72156
705489,72187,72195
544074,72223,72229
147397,72259,72263
351323,72291,72299
115788,72325,72331
649802,72357,72363
755922,72394,72402
5967,72448,72456
313498,73142,73150
424591,73199,73209
55994,73230,73238
3211,73261,73271
696822,73292,73300
349619,73332,73338
713776,73364,73372
5962,73403,73411
85266,73435,73441
357864,73468,73476
350742,73511,73515
543537,73541,73549
542837,73574,73584
323913,73620,73628
407532,73670,73678
346049,73740,73746
57403,73771,73781
56910,73807,73817
271012,73844,73852
324073,73874,73882
55321,73908,73912
146790,73935,73945
385629,73967,73973
402357,73997,74003
151791,74025,74035
764116,74058,74066
538490,74101,74107
538489,74130,74138
764119,74164,74168
151781,74206,74212
372201,74235,74243
342568,74266,74272
3181,74311,74317
370065,74350,74358
372216,74394,74400
324733,75000,75004
535529,75036,75044
345826,75097,75105
328841,75129,75139
535399,75169,75177
151757,75222,75226
741639,75256,75260
536239,75291,75301
146816,75325,75331
346902,75354,75362
346828,75395,75401
20296,75429,75435
270875,75459,75467
537300,75496,75504
20453,75541,75545
56502,75576,75586
57769,75611,75617
57752,75682,75686
116446,75711,75717
684494,75743,75753
81627,75778,75786
113114,75810,75816
56517,75845,75853
20377,75884,75890
345431,75918,75924
345403,75954,75960
345324,75985,75991
17498,76019,76027
347458,76052,76060
116029,76096,76102
20745,76127,76133
651832,76158,76166
164543,76190,76196
539180,76325,76331
55368,76356,76362
684405,76399,76407
178504,76431,76437
590284,76463,76471
146832,76507,76513
13457,76549,76555
539180,76577,76587
693733,76610,76616
684405,76649,76659
340225,76714,76724
53972,76807,76813
13486,76854,76858
20707,76893,76901
20717,76988,76994
337010,77026,77036
337011,77058,77068
690570,77095,77099
543386,77125,77131
337025,77165,77171
520000,77202,77206
8244,77240,77246
274361,77271,77279
308136,77302,77308
338912,77334,77340
571215,77556,77564
434383,77588,77592
484386,77616,77624
484383,77650,77656
338466,77679,77687
54123,77710,77716
67481,77767,77777
308176,77802,77812
338545,77840,77844
54128,77876,77880
564701,77912,77918
564702,77942,77948
581807,77975,77979
581455,78065,78073
289186,78108,78114
287560,78146,78156
684064,78220,78224
338486,78264,78270
379638,78303,78309
824351,78336,78342
337447,78458,78462
462467,78488,78492
339059,78534,78542
308221,78585,78593
308192,78617,78621
76552,78651,78659
337057,78696,78704
308176,78883,78889
338546,78921,78927
54128,78961,78971
564701,78997,79003
564702,79028,79036
338553,79060,79068
289186,79116,79126
289189,79155,79161
571361,79194,79198
484486,79391,79401
54138,79424,79430
824382,79453,79463
545487,79489,79495
444342,79519,79525
484485,79551,79557
562880,79582,79588
337448,79638,79642
336395,79689,79695
652246,79718,79728
289183,79756,79764
54131,79789,79799
685734,79820,79828
2837,79851,79857
54649,79884,79892
542085,79918,79924
439629,79952,79960
122099,80001,80011
23018,80034,80044
23051,80064,80074
342637,80137,80147
268197,80168,80176
12352,80199,80205
12025,80251,80259
11113,80304,80310
12287,80337,80345
11793,80370,80374
12788,80399,80407
651127,80440,80444
1904,80473,80477
149990,80550,80556
339700,80583,80587
11700,80629,80639
178760,80664,80670
53864,80697,80703
303350,80760,80766
417118,80789,80797
273555,80860,80864
178671,80888,80898
54705,80949,80955
149525,80982,80990
310193,81012,81022
159838,81056,81062
11575,81089,81097
267019,81122,81132
11769,81155,81161
54335,81187,81193
532752,81217,81223
293884,81251,81255
1930,81288,81296
341074,81326,81330
341161,81357,81367
311460,81391,81399
531143,81424,81432
308586,81460,81466
376900,81492,81498
491691,81522,81530
340669,81555,81559
341126,81586,81594
4591,81616,81626
306992,81648,81654
619828,81691,81699
276265,81732,81738
4592,81793,81799
55575,81822,81830
13274,81852,81862
55546,81935,81945
654925,81967,81973
277499,81999,82005
339723,82036,82040
55625,82065,82071
339745,82115,82123
339750,82149,82157
340611,82180,82188
340622,82212,82216
341099,82242,82250
599,82284,82288
148806,82320,82328
2845,82390,82398
342376,82450,82458
342456,82518,82522
407312,82556,82562
325869,82591,82597
648221,82631,82639
325869,82661,82669
342462,82692,82698
342458,82721,82729
620840,82841,82849
2864,82902,82908
490885,82932,82938
325852,82962,82968
2863,83045,83049
684413,83074,83080
4580,83110,83114
12025,83169,83177
11113,83223,83229
12287,83257,83263
11793,83291,83301
12788,83333,83337
651127,83371,83379
339708,83403,83407
307951,83565,83573
340650,83599,83605
340656,83631,83637
56458,83668,83674
264166,83696,83706
341126,83736,83744
340725,83774,83780
15413,83811,83819
55890,83846,83852
340811,83885,83889
531024,83915,83921
402041,83952,83960
402042,83982,83990
343627,84015,84025
461764,84047,84053
531929,84083,84087
289585,84146,84150
11968,84175,84185
1935,84266,84276
148552,84297,84305
149552,84343,84351
341083,84372,84382
341085,84416,84420
11572,84444,84454
149643,84488,84492
120860,84521,84529
15896,84564,84572
53850,84598,84606
53857,84643,84651
147532,84682,84686
54345,84728,84734
256617,84764,84770
355981,84802,84810
122070,84834,84842
12285,84868,84874
531940,84900,84904
435,85336,85342
54163,85367,85373
593826,85404,85412
54164,85438,85444
254085,85467,85475
762,85505,85511
650794,85537,85541
346566,85568,85576
116095,85666,85670
766700,85695,85701
346562,85727,85731
152792,85760,85766
67709,85800,85810
143302,85835,85839
118968,85872,85880
118974,85918,85926
346982,85949,85955
23445,85978,85986
326679,86008,86016
54603,86037,86047
331686,86086,86092
148884,86117,86125
20842,86173,86179
20900,86207,86213
7092,86239,86243
19839,86269,86275
350825,86308,86314
350847,86358,86366
