434279,52,60
54194,83,91
317376,236,242
20836,274,284
2388,309,317
55125,354,360
402649,384,390
402642,418,424
53984,454,460
402637,484,490
402631,566,576
343437,838,844
308232,869,873
53984,899,903
402652,930,936
612801,1137,1147
286485,1468,1478
121083,1520,1524
149189,1591,1601
4374,1693,1703
4377,1730,1736
2419,1778,1786
2397,1815,1821
542380,1847,1855
4512,1879,1887
539116,1911,1917
54910,1942,1946
345073,1973,1977
538199,2004,2008
54827,2049,2055
54844,2110,2116
338659,2142,2148
336250,2172,2180
81953,2208,2216
116646,2241,2247
651645,2269,2279
146751,2304,2312
402443,2350,2360
313177,2383,2387
336192,2617,2623
335983,2648,2654
2881,2678,2684
402433,2728,2734
402422,2760,2766
126248,2808,2818
4261,2838,2848
463949,2870,2878
122099,2940,2950
23016,2970,2980
23049,3007,3011
12866,3121,3125
344504,3152,3158
184058,3184,3188
12943,3223,3229
12737,3265,3271
150913,3294,3302
346280,3326,3336
17002,4574,4582
17009,4604,4614
81436,4634,4644
150913,10041,10047
533551,13981,13991
69525,19582,19592
2284,26695,26703
77047,26738,26748
1361,26771,26779
55613,26806,26812
17108,26841,26849
542049,26873,26881
541966,26905,26909
16797,26946,26954
16830,26995,27003
652156,27029,27037
126,27065,27073
330139,27097,27103
55671,27134,27142
17260,27184,27190
348241,27228,27236
17318,27259,27265
17307,27314,27318
17317,27412,27418
351029,27445,27453
351028,27480,27486
351004,27514,27522
551475,27580,27586
17398,27617,27623
70304,27646,27654
70347,27704,27710
349879,27781,27789
349878,27816,27824
57277,27851,27859
352837,27882,27888
57313,27922,27926
586225,27955,27963
3633,27994,28002
152148,28033,28037
110238,28272,28278
350011,28318,28324
57325,28353,28361
352957,28641,28651
57325,28679,28685
83447,28715,28723
567855,28746,28754
3997,28811,28815
349361,28858,28864
350639,28892,28896
70601,28966,28970
151588,29000,29004
150427,29029,29035
197979,29085,29089
151583,29186,29192
152154,29219,29227
351611,29258,29266
70505,29289,29297
351611,29323,29329
152106,29355,29363
3936,29387,29393
3944,29416,29426
17406,29511,29515
17392,29573,29579
17393,29610,29618
17395,29691,29697
191295,29741,29745
350993,29793,29801
535096,29839,29845
120848,29874,29880
120846,29918,29922
17298,29947,29957
206420,29997,30001
17265,30111,30115
74346,30176,30182
74345,30238,30246
330133,30271,30279
107,30305,30309
92,30344,30352
267020,30388,30396
152544,30423,30429
16831,30458,30468
16772,30504,30514
16780,30544,30552
16788,30596,30606
341442,30660,30664
341443,30693,30697
254974,30748,30752
148859,30804,30810
541486,30853,30861
198042,30913,30919
355462,30963,30973
17464,31006,31012
17495,31040,31044
22776,31069,31077
347865,31101,31107
116029,31129,31139
345252,31160,31168
13482,31190,31200
341762,31235,31239
20732,31266,31274
54827,31308,31316
54844,31375,31381
164230,31419,31427
116632,31461,31467
652052,31506,31516
652053,31548,31554
652050,31608,31614
652051,31647,31651
15163,31742,31750
53924,31834,31840
567705,31866,31872
444016,31898,31904
444021,32018,32028
574351,32081,32089
57916,32116,32120
654506,32145,32151
53976,32176,32182
148618,32205,32215
53812,32248,32252
147330,32277,32285
147347,32320,32328
68719,32352,32358
534767,32382,32390
273842,32416,32420
336020,32447,32451
581762,32478,32484
147390,32508,32518
567513,32548,32552
335602,32583,32591
68728,32657,32665
372489,32692,32700
372491,32729,32735
149373,32784,32792
703437,32815,32821
335531,32863,32869
142447,32901,32907
335623,32938,32948
148295,32975,32981
335535,33023,33033
148292,33057,33063
335501,33098,33106
149352,33180,33188
149349,33220,33228
147300,33251,33259
335586,33301,33305
335585,33362,33366
123794,33401,33409
334669,33435,33443
547471,33465,33473
334845,33509,33517
53882,33539,33547
334988,33582,33588
147134,33633,33643
334985,33663,33673
316698,33695,33701
407557,33945,33955
334988,33979,33989
126442,34017,34023
126452,34053,34057
150366,34083,34089
147299,34144,34152
126439,34174,34182
651043,34205,34213
335505,34259,34267
335491,34298,34302
126254,34336,34346
542555,34369,34375
142429,34413,34421
336331,34450,34458
336327,34871,34879
410289,34904,34912
4270,34942,34946
126209,34977,34985
126262,35010,35014
151164,35047,35053
151171,35083,35089
55461,35129,35135
151146,35163,35167
149354,35196,35206
335437,35232,35242
149373,35294,35302
335617,35325,35333
407648,35355,35363
55461,35440,35444
151148,35477,35483
335446,35506,35516
342091,35579,35587
914685,35630,35638
342449,35662,35668
2882,35973,35981
335412,36008,36018
15123,36098,36104
148289,36131,36137
68738,36160,36168
567704,36201,36205
419582,36230,36236
647057,36261,36271
568759,36295,36299
635330,36436,36444
289334,36491,36497
146667,36550,36558
374062,36616,36622
655917,36646,36652
797567,36676,36684
543160,36706,36714
15061,36746,36750
67713,36777,36785
53997,36819,36827
148078,36853,36857
451905,37068,37076
571228,37230,37236
571230,37259,37267
451861,37290,37296
571228,37349,37357
587859,37381,37387
53928,37417,37423
654260,37451,37461
54006,37494,37502
685661,37525,37535
149885,37565,37573
54485,37602,37606
751499,37631,37637
486200,37663,37667
342669,37691,37699
144378,37725,37731
144883,37768,37776
334897,37801,37807
334988,37833,37839
649796,37885,37893
53895,37918,37924
74332,37978,37988
144832,38011,38017
750964,38046,38054
151051,38157,38165
334786,38190,38198
147180,38239,38245
315439,38291,38295
685244,38321,38331
53940,38351,38361
316104,38383,38389
147368,38423,38429
151156,38454,38462
289375,38489,38493
336627,38523,38529
336057,38555,38563
571145,38661,38669
336120,38694,38698
336066,38725,38731
336071,38761,38769
335425,38805,38811
335376,38836,38842
147365,38866,38872
55653,38896,38904
151148,38926,38934
342446,38986,38994
914685,39018,39022
375593,39096,39102
407658,39132,39138
151126,39164,39172
622129,39194,39202
699896,39228,39236
15289,39260,39266
151148,39291,39297
68729,39320,39330
378150,39390,39398
148295,39421,39429
149368,39484,39490
335477,39513,39521
335491,39544,39550
335933,39575,39581
126238,39650,39658
542487,39680,39688
12575,39711,39721
122099,39769,39777
342635,39841,39849
290624,39875,39881
149471,39909,39915
343159,39993,39999
343168,40023,40029
565253,40105,40111
13086,40164,40172
567112,40357,40365
13090,40397,40407
401100,40427,40437
322921,40459,40467
539580,40494,40502
341615,40527,40537
341616,40584,40594
322942,40615,40625
56152,40646,40654
268196,40704,40708
12025,40740,40750
11113,40805,40815
12288,40839,40845
11898,40874,40880
12788,40927,40935
651127,41000,41006
1904,41029,41037
149990,41153,41161
150376,41187,41197
12228,41217,41227
54336,41248,41256
12216,41838,41842
11678,41867,41873
147530,41896,41904
54345,41942,41952
256641,41982,41990
6489,42013,42019
335586,42053,42059
540280,42084,42090
144823,42129,42135
12447,42160,42166
22934,42208,42218
54718,42247,42255
120912,42279,42287
167473,42317,42327
167251,42347,42357
145417,42378,42386
686150,42417,42423
686144,42451,42457
145445,42489,42493
144504,42520,42526
686144,42568,42576
145455,42598,42608
144504,42632,42636
145428,42661,42667
7187,42692,42698
7184,42723,42727
15563,42759,42767
17453,42796,42804
862584,42831,42835
15059,42881,42891
12440,42915,42921
144826,42952,42956
144822,43009,43015
152067,43088,43096
54358,43132,43142
343530,43165,43171
12565,43218,43226
347624,43253,43257
532926,43282,43288
149479,43775,43779
532749,43803,43811
15813,43835,43841
148276,43885,43891
54326,43915,43923
11678,43978,43986
53849,44008,44016
340330,44057,44063
178704,44089,44097
178731,44125,44129
273552,44159,44165
178647,44188,44196
303350,44231,44241
273589,44503,44513
399471,44551,44561
148118,44582,44590
11687,44617,44623
11695,44680,44684
345990,44709,44717
396897,44739,44747
532276,44798,44806
1919,44841,44849
147254,44877,44885
54336,44909,44913
531676,44999,45005
531678,45040,45048
531646,45100,45104
531676,45647,45651
531646,46104,46110
11678,46749,46755
15896,46783,46789
149529,46823,46829
529951,46934,46940
289419,46980,46984
530665,47012,47016
147532,47042,47050
54345,47096,47102
256603,47130,47136
12241,47167,47171
531420,47197,47201
122070,47225,47233
12285,47261,47269
539958,47295,47301
685642,47331,47335
268196,47364,47368
11113,47411,47421
11817,47442,47452
685642,47479,47487
539895,47511,47519
539958,47542,47548
685642,47575,47583
278754,47605,47613
12918,47637,47643
2825,47667,47673
343744,47697,47703
345336,47731,47739
345416,47763,47771
20367,47798,47804
148917,47828,47838
352158,47861,47865
567842,47891,47897
582475,47922,47932
201180,47956,47962
354906,47993,48003
586951,48024,48032
146568,48077,48087
758514,48115,48125
927,48408,48416
310486,48637,48645
260565,48667,48675
1618,48734,48738
1655,48764,48770
354350,48793,48803
1569,48825,48833
354382,48859,48867
354422,48907,48913
16956,48953,48959
16902,48983,48989
17002,49030,49038
17009,49067,49075
533485,49099,49103
54420,49129,49135
1312,49159,49165
354504,57288,57294
388481,57318,57324
81438,57348,57354
354504,67432,67438
310361,67463,67467
811900,67491,67499
305036,67523,67527
54935,67611,67621
353782,67642,67650
353798,67703,67709
354398,67856,67866
16928,67887,67895
4291,67924,67934
348761,67970,67976
17009,68066,68072
533355,68104,68108
122741,68148,68156
533485,68199,68209
17018,68397,68401
17099,68428,68432
17166,68458,68464
122360,68488,68498
17469,68525,68531
148858,68556,68562
122333,68588,68596
21019,68624,68630
164085,68655,68659
7217,68691,68697
271,68727,68733
181470,68757,68763
374,68847,68857
6889,68880,68884
342354,68973,68979
5533,69004,69010
575304,69038,69042
564870,69076,69080
5547,69129,69133
342359,69197,69207
342357,69232,69236
345865,69260,69270
456740,69296,69300
2086,69399,69407
345871,69440,69448
332913,69478,69482
82617,69532,69538
545960,69562,69568
342648,69605,69609
351045,69648,69656
807949,69680,69686
807951,69721,69731
57820,69764,69770
44,69794,69802
541985,69836,69842
349673,69889,69895
581050,69920,69926
70802,70059,70069
70811,70091,70099
122229,70142,70150
402552,70171,70181
347257,70210,70220
146833,70248,70254
75288,70332,70336
342654,70364,70370
342664,70408,70416
6893,70441,70447
342356,70501,70509
5547,70553,70561
690878,70598,70606
540854,70707,70715
345871,70748,70756
55155,70780,70786
332913,70811,70815
23164,70841,70849
6893,70882,70890
342354,70913,70919
5547,70951,70955
342359,70986,70992
690878,71052,71060
5566,71085,71089
346008,71150,71160
345865,71180,71190
15877,71229,71239
346985,71260,71268
348517,71292,71300
55096,71326,71336
348966,71358,71364
556973,71396,71400
321618,71424,71432
540309,71456,71464
534629,71488,71492
868,71547,71555
350292,71579,71585
12704,71614,71618
54257,71680,71684
539214,71729,71735
146621,71790,71800
146740,71822,71828
201134,71872,71876
86808,72049,72057
351154,72085,72091
54260,72135,72141
4572,72174,72180
7217,72222,72228
265,72268,72272
397,72296,72306
374,72337,72343
540261,72365,72375
21364,72397,72403
147513,72428,72434
342664,72498,72508
6891,72543,72547
575304,72572,72578
342360,72602,72610
342357,72636,72642
5421,72695,72699
5425,72736,72744
23141,72767,72773
23149,72800,72808
384769,72830,72838
95614,72866,72874
342107,72901,72911
6568,72966,72972
301362,73092,73098
346007,73122,73130
683868,73258,73262
6568,73318,73324
5564,73417,73423
5493,73447,73453
357333,73476,73484
760681,73507,73517
147041,73540,73548
110216,73579,73585
80725,73649,73655
19839,73683,73691
350821,73719,73723
350841,73775,73781
350847,73807,73811
56044,73836,73842
56051,73868,73876
56036,73901,73905
56194,73930,73936
345117,73958,73968
5812,73993,74001
5817,74048,74054
289009,74081,74089
3215,74121,74129
262810,74150,74160
56845,74181,74189
349377,74212,74218
696931,74244,74250
349619,74286,74292
349622,74324,74332
713776,74358,74366
5882,74394,74400
20467,74436,74444
419657,74470,74474
346042,74498,74508
55331,74534,74540
323913,74567,74575
323898,74597,74607
57401,74633,74639
785531,74676,74682
324093,74815,74825
324092,74980,74988
342526,75009,75019
321401,75041,75049
323015,75079,75085
785531,75116,75122
324093,75188,75198
342525,75219,75227
342524,75251,75255
271021,75286,75290
542581,75666,75672
57399,75748,75754
397084,75779,75787
346353,75814,75822
197481,75846,75852
535423,75878,75884
346043,75918,75926
56954,75954,75964
20433,75991,75995
3210,76024,76028
349408,76058,76062
355590,76087,76093
1679,76119,76125
56860,76162,76168
543308,76200,76206
809566,76231,76237
5840,76280,76288
184011,76312,76320
345122,76345,76353
56042,76386,76392
56064,76422,76428
80625,76458,76466
353747,76490,76494
343421,76521,76527
342870,76743,76751
402595,76774,76782
690315,76804,76812
541343,76833,76843
343677,76867,76871
54590,76930,76934
55437,76965,76973
762214,76997,77001
146638,77027,77035
146639,77078,77084
354648,77202,77210
342157,77822,77832
459815,77859,77863
492079,77888,77896
344955,77931,77937
354545,77965,77973
342612,77997,78003
76625,78040,78048
758394,78083,78091
342714,78113,78123
570964,78144,78152
386305,78349,78355
385196,78382,78388
159932,78413,78421
82147,78443,78451
343764,78484,78490
286654,78514,78520
119335,78543,78551
333666,78578,78586
14018,78609,78615
710860,78638,78648
410427,78672,78678
55716,78714,78722
301360,78748,78752
301370,78775,78785
690802,78811,78819
23156,78842,78852
86701,78878,78884
5547,78909,78913
5566,78938,78944
6931,78980,78986
6933,79048,79056
10234,79191,79201
688,79226,79234
109759,79343,79349
347449,79380,79386
338944,79410,79418
342643,79440,79448
331686,79470,79478
342354,79502,79506
57866,79928,79938
146737,79987,79993
690798,80017,80025
342277,80083,80087
1381,80113,80121
346480,80142,80152
5495,80172,80182
346145,80261,80267
762716,80292,80296
342277,80323,80329
301363,80377,80383
23149,80408,80412
384769,80438,80442
435312,80468,80478
695907,80547,80553
345603,80595,80599
546082,80627,80633
255058,80656,80664
6568,80690,80698
86701,80767,80775
23156,80799,80805
693144,80828,80836
540683,80898,80906
769666,80958,80966
540707,80993,81001
5568,81029,81037
23144,81061,81071
346090,81091,81101
1051,81122,81132
23141,81318,81324
6568,81508,81518
5460,81618,81624
23156,81651,81657
812224,81685,81689
1030,81716,81722
812220,81747,81753
290517,81782,81790
316880,81993,81999
346289,82023,82029
690802,82055,82059
346421,82084,82092
812287,82167,82171
5567,82201,82207
22250,82284,82292
23144,82323,82333
22250,82358,82366
95614,82389,82397
6568,82422,82428
5565,82510,82516
19051,82547,82555
5463,82583,82591
540520,82615,82619
146737,82655,82665
1069,82686,82694
812008,82764,82772
884094,82795,82801
540708,82825,82833
693128,82856,82862
5568,82908,82916
1384,82939,82949
2092,82972,82978
82617,83030,83036
23164,83060,83066
6893,83114,83124
342354,83155,83159
5566,83183,83191
1381,83215,83225
693142,83290,83300
692310,83321,83329
812008,83380,83388
5460,83448,83454
55151,83485,83495
5568,83528,83532
1381,83556,83564
1384,83589,83597
346187,83627,83633
147736,83685,83691
463177,83715,83723
301360,83745,83753
301359,83775,83783
540445,83951,83959
357333,83999,84005
5514,84042,84048
357333,84103,84107
147738,84142,84150
710914,84192,84196
710912,84238,84244
147736,84271,84277
55719,84357,84365
55716,84413,84419
55714,84442,84450
80713,84473,84483
80725,84511,84521
19839,84553,84559
350823,84585,84589
350841,84621,84625
56063,84658,84664
19659,84692,84696
56035,84724,84732
345131,84755,84761
345119,84788,84794
345065,84818,84826
19746,84850,84858
344642,85034,85042
79739,85082,85088
19745,85118,85124
345037,85153,85159
655296,85185,85189
769204,85215,85223
257123,85248,85254
355618,85288,85292
402878,85318,85324
6138,85346,85356
930,85381,85387
55082,85432,85438
352109,85462,85470
302502,85492,85500
491715,85522,85530
121258,85555,85561
355715,85600,85606
355744,85649,85655
354860,85679,85685
332,85723,85731
54444,85755,85759
571396,85782,85792
55749,85817,85821
350728,85855,85861
2053,85888,85892
350802,85919,85923
17515,85954,85960
351482,85985,85993
148872,86019,86023
5547,86046,86056
540707,86078,86086
5568,86107,86117
5567,86138,86146
301363,86168,86176
690792,86201,86205
1090,86260,86270
1052,86290,86300
77022,86353,86359
697094,86382,86390
