116259,3,9
402053,33,39
456197,66,72
532276,27498,27502
532208,27694,27702
150376,27725,27733
345840,27797,27803
345996,27827,27835
345840,27884,27892
532208,27913,27923
12757,27963,27969
200705,28000,28006
290807,28029,28037
55859,28059,28067
55867,28101,28107
307924,28139,28143
149926,28200,28204
345970,28237,28243
290800,28282,28286
290796,28314,28318
55858,28346,28350
532154,28384,28390
147254,28466,28472
149892,28586,28590
530670,28624,28630
54345,28692,28698
268605,28756,28764
256641,28799,28803
289786,28877,28883
6489,28913,28919
684354,28970,28980
147320,29029,29033
418,29069,29075
334472,29135,29141
685625,29170,29180
74333,29206,29212
334561,29236,29242
147165,29272,29278
144765,29312,29316
486201,29340,29348
486206,29390,29398
750964,29461,29467
334783,29492,29498
581629,29527,29535
147180,29577,29587
335075,29621,29631
908896,29672,29680
315453,29715,29723
315458,29758,29764
148078,29808,29816
413581,29869,29875
587856,30083,30093
53943,30131,30137
53930,30160,30170
654260,30195,30201
413508,30231,30239
148078,30282,30286
54003,30314,30320
685661,30353,30363
149885,30411,30417
334598,30444,30454
147167,30573,30581
147180,30605,30611
149887,30635,30641
53942,30699,30709
534652,30731,30737
334283,30774,30780
53865,30802,30812
372750,30836,30844
53872,30894,30902
379256,30925,30931
181464,30957,30965
543267,30992,30996
334360,31023,31033
334363,31065,31075
336575,31099,31103
54229,31131,31139
413850,31161,31171
464084,31195,31205
384572,31229,31237
199493,31295,31299
181268,31333,31341
303914,31383,31389
303898,31414,31420
78997,31457,31465
78929,31514,31522
144544,31552,31560
762834,31589,31595
181260,31665,31671
413859,31697,31703
336602,31778,31784
68750,31840,31846
1728,31880,31884
68784,31911,31915
690217,31946,31954
1680,31984,31990
336923,32031,32035
690076,32101,32107
1682,32130,32140
54119,32165,32175
336927,32197,32205
548417,32234,32240
2723,32263,32271
308178,32294,32302
55181,32329,32339
654826,32362,32368
53956,32467,32473
484399,32504,32512
685667,32543,32551
19219,32577,32585
690608,32607,32615
690609,32636,32646
54885,32669,32673
690593,32698,32708
690605,32728,32738
341182,32762,32768
331616,32797,32801
695027,32835,32843
690574,32872,32878
339289,32914,32918
534993,32942,32950
419601,32980,32988
339290,33012,33018
1483,33041,33049
161309,33072,33078
308227,33108,33112
17840,33137,33145
338731,33168,33176
338734,33198,33206
338739,33230,33238
338745,33297,33305
278268,33331,33337
338754,33374,33378
289286,33567,33573
694541,33597,33605
7487,33631,33639
338533,33678,33686
338741,33725,33733
338739,33757,33767
338745,33794,33800
278268,33842,33848
698529,33877,33883
755,33922,33930
302508,33955,33961
54163,33988,33992
57729,34017,34025
593826,34062,34068
532175,34096,34100
54164,34125,34135
54174,34157,34163
254085,34186,34196
23454,34226,34232
692,34267,34271
346985,34298,34302
147687,34340,34348
344097,34384,34392
110078,34419,34427
326677,34451,34461
344101,34485,34489
1097,34521,34529
674,34574,34580
402542,34627,34633
538258,34666,34674
655414,34701,34705
611268,34818,34826
44,34849,34857
349122,34880,34886
24111,34910,34918
351467,34947,34953
351620,35048,35056
351621,35104,35110
57593,35150,35158
144642,35645,35655
3225,35678,35682
80658,35709,35717
341795,35749,35753
350266,35786,35792
679512,35822,35828
316841,35853,35859
354635,35893,35903
119335,35928,35936
342602,35962,35968
76625,36007,36015
21784,36044,36050
82146,36072,36082
707532,36105,36111
21838,36141,36147
21851,36177,36185
758407,36216,36222
343765,36245,36253
343762,36282,36288
343771,36310,36320
76645,36345,36351
542883,36380,36388
286662,36418,36426
142950,36448,36458
690327,36492,36498
696813,36544,36552
696808,36643,36651
142950,36675,36683
696808,36718,36726
286662,36781,36787
142928,36817,36825
286676,36850,36860
55444,36888,36894
21873,36922,36930
341851,36953,36961
57172,36994,37002
80662,37036,37046
3241,37069,37075
2063,37137,37145
15765,37169,37177
862217,37212,37222
152790,37244,37252
142302,37276,37280
288510,37307,37311
547852,37338,37342
353471,37377,37383
353339,37410,37420
57197,37448,37452
20890,37479,37487
350759,37518,37524
385,37611,37617
355505,37650,37656
97,37681,37689
888327,37715,37721
7164,37755,37763
355487,37786,37792
355472,37820,37826
254278,37849,37859
533071,37881,37891
17104,37919,37929
534614,37951,37957
348834,37991,38001
150725,38046,38054
151281,38235,38243
151272,38269,38273
54965,38310,38320
54967,38341,38349
542049,38376,38384
534192,38408,38416
1947,38439,38449
150744,38469,38479
349129,38511,38519
538882,38541,38549
2308,38574,38578
355568,38629,38639
620555,38662,38670
2305,38692,38700
392966,38786,38792
355308,38824,38832
392967,38863,38873
2323,38896,38900
392966,38967,38977
355308,39034,39042
392966,39087,39097
540251,39180,39188
355589,39213,39217
402683,39258,39264
148271,39289,39293
300903,39317,39327
537610,39349,39357
55494,39383,39389
534986,39423,39427
16689,39456,39462
16758,39490,39494
16748,39540,39546
150780,39598,39608
16772,39635,39639
16788,39667,39673
341443,39709,39713
148859,39752,39758
341450,39787,39793
17109,39822,39830
355473,39855,39861
115905,39892,39898
355482,39923,39931
21020,39963,39967
651857,39993,40001
7217,40023,40033
265,40066,40072
18579,40095,40105
538854,40136,40144
18517,40169,40179
556932,40202,40208
908,40274,40280
2101,40308,40316
80320,40340,40346
741290,40380,40388
338192,40537,40543
1473,40568,40574
581585,40600,40608
538841,40640,40648
18193,40683,40691
1472,40714,40720
5164,40746,40752
567824,40803,40809
349678,40831,40841
582271,40869,40875
542238,40903,40909
462638,40953,40959
357179,40989,40997
546487,41020,41026
541918,41053,41061
351961,41091,41099
2053,41121,41131
430882,41153,41163
57593,41187,41195
87162,41221,41231
6436,41254,41260
6994,41323,41331
147086,41363,41371
141430,41403,41411
146887,41441,41445
57845,41475,41479
6900,41625,41631
352103,41720,41726
690762,41768,41776
388119,41879,41889
351570,41912,41920
158215,41943,41951
348579,41977,41983
17512,42014,42020
683817,42044,42052
688894,42079,42087
15662,42111,42119
683432,42143,42151
309221,42180,42188
369686,42213,42219
908,42308,42314
80320,42379,42387
80383,42410,42416
338196,42554,42560
1469,42646,42654
307073,42691,42699
1465,42731,42735
652161,42764,42768
158209,42796,42802
55750,42878,42884
542052,42908,42916
421438,42940,42950
350919,42982,42992
316402,43029,43037
354870,43058,43068
354889,43118,43122
755930,43146,43154
412404,43568,43574
355744,43627,43635
354860,43656,43666
119964,43690,43696
95376,43723,43729
252014,43762,43770
354816,43792,43800
654779,43823,43829
602610,43854,43858
581409,43882,43890
54443,43913,43919
909,43941,43951
332,43972,43982
353820,44037,44043
541667,44071,44075
421441,44101,44107
55748,44174,44180
351961,44216,44222
2049,44319,44325
541948,44349,44359
158089,44460,44464
158078,44556,44564
158084,44793,44799
393434,44821,44831
144698,44874,44882
351627,44926,44932
57604,44971,44977
684616,45003,45009
351482,45036,45040
47,45065,45071
57820,45109,45117
75286,45139,45147
532289,45182,45188
147225,45255,45261
15662,45286,45296
15667,45349,45355
15658,45385,45391
56590,45426,45430
338246,45458,45464
109475,45602,45610
824317,45723,45727
532314,45751,45761
17664,45781,45791
75285,45813,45821
860742,45844,45852
351045,45876,45882
328019,45910,45914
2043,45939,45945
351620,45984,45990
351621,46024,46030
541258,46052,46062
328044,46180,46190
5744,46212,46218
705489,46252,46260
351341,46289,46293
544074,46316,46326
147397,46379,46383
351323,46407,46415
86887,46468,46474
350891,46501,46507
2067,46556,46562
544235,46589,46595
762787,46619,46625
312123,46649,46657
54689,46692,46702
542878,46722,46732
428537,46756,46760
333,46786,46796
342317,46820,46824
581462,46852,46858
419552,46888,46896
125240,46919,46925
583151,46958,46966
199691,46988,46996
419527,47049,47055
412414,47077,47087
354830,47109,47115
350312,47155,47165
148093,47187,47195
252014,47226,47232
661424,47260,47266
55751,47288,47298
5156,47347,47355
34,47409,47419
56596,47461,47465
353765,47510,47516
699965,47541,47545
540186,47578,47586
699965,47608,47616
539932,47698,47706
541689,47731,47741
158222,47818,47822
350726,47847,47855
206296,47879,47883
206298,47907,47915
80380,47940,47946
655412,47971,47975
347257,47999,48007
693879,48054,48060
653686,48084,48090
430936,48114,48120
637606,48143,48151
351478,48189,48193
62,48276,48280
345579,48304,48312
6893,48338,48346
1030,48371,48379
290517,48400,48410
301350,48435,48439
147074,48465,48475
692693,48519,48529
692815,48551,48557
2818,48584,48594
309715,48648,48656
539792,48678,48686
57851,48719,48723
1120,48759,48763
147090,48807,48811
413753,48842,48848
7009,48903,48911
57188,48936,48942
20923,48969,48977
19839,49002,49012
350821,49036,49046
350841,49095,49101
350847,49127,49131
56044,49156,49166
345145,49187,49195
56041,49220,49226
56195,49253,49259
184010,49292,49298
346383,49321,49331
148851,49355,49361
148024,49389,49393
345065,49419,49425
19797,49454,49464
345047,49488,49494
344687,49535,49541
568442,49564,49572
19705,49600,49606
56986,49631,49635
79307,49659,49667
537608,49695,49699
348055,49729,49739
19917,49775,49779
206307,49812,49816
6769,49839,49849
4886,49872,49876
353243,49908,49916
147817,49945,49951
147826,49978,49986
355304,50009,50015
545642,50040,50048
197858,50073,50079
197525,50109,50117
73813,50141,50145
836150,50172,50182
57050,50305,50311
197591,50349,50353
3436,50380,50384
197538,50420,50424
750805,50616,50622
355095,50646,50652
355097,50678,50686
4827,50715,50721
147795,50750,50756
355026,50785,50793
599618,50816,50824
398381,50850,50854
90040,50884,50892
5241,50951,50957
355179,50987,50993
355172,51022,51032
5223,51078,51084
355147,51109,51113
355065,51142,51146
84883,51187,51195
388663,51219,51223
204658,51262,51270
1164,51314,51320
1165,51344,51350
57111,51377,51385
350062,51463,51469
5131,51493,51499
19735,51525,51531
345025,51554,51562
345037,51585,51595
148011,51621,51629
5840,51655,51663
184011,51685,51695
535042,51715,51725
345130,51751,51759
56043,51792,51798
56064,51825,51835
56070,51858,51866
152352,51894,51898
353747,51927,51933
115823,51980,51988
2065,52013,52023
343424,52045,52051
342870,53834,53838
352953,53863,53871
503345,53893,53901
503330,53957,53963
55345,53988,53998
149909,54023,54029
333,54053,54061
545990,54084,54092
350904,54313,54319
556928,54342,54350
544165,54379,54385
351360,54414,54422
545353,54446,54452
308065,54476,54482
350464,54505,54515
203538,54537,54547
350493,54570,54576
350704,54614,54624
761485,54645,54653
55747,54681,54687
110593,54718,54728
351872,54750,54758
354816,54833,54841
911,54863,54873
55114,54895,54903
95383,55042,55048
55123,55071,55079
6377,55105,55111
661424,55134,55142
870155,55166,55170
870160,55195,55203
6365,55230,55234
995186,55259,55265
697335,55290,55294
75212,55319,55327
75215,55372,55382
75216,55406,55410
538909,55436,55440
351899,55474,55484
75258,55513,55519
75263,55550,55554
351729,55582,55588
540095,55611,55621
34,55650,55658
351839,55707,55715
351961,55741,55747
861529,55775,55781
538209,55806,55812
206386,55867,55875
684615,55899,55909
351469,55934,55938
351482,55964,55970
342662,55995,56001
6890,56024,56032
5549,56054,56062
540636,56229,56237
57866,56348,56356
690798,56394,56402
346486,56435,56443
540635,56466,56476
5564,56530,56538
5493,56568,56572
1090,56598,56602
147736,56651,56657
14029,56687,56695
689878,56721,56727
147041,56761,56765
760678,56794,56800
341860,56829,56839
5144,56862,56870
342125,56897,56903
342606,56932,56938
10224,56961,56969
55443,56991,57001
142912,57027,57031
343788,57057,57063
144676,57102,57108
55746,57132,57138
753819,57168,57176
676451,57203,57211
57434,57259,57269
191362,57293,57299
546505,57324,57330
191358,57354,57364
191340,57387,57391
191350,57431,57439
56772,57466,57472
191361,57509,57515
146920,57543,57549
80657,57578,57588
55440,57627,57633
342212,57664,57668
430416,57696,57704
15749,57740,57750
142197,57772,57778
350440,57802,57810
5744,57834,57842
308069,57867,57875
350493,57906,57912
542082,57940,57944
80365,57975,57979
55747,58010,58018
351832,58055,58061
351880,58086,58094
351888,58122,58126
109242,58153,58159
642583,58185,58189
615872,58213,58221
642583,58301,58311
108937,58332,58340
75215,58412,58418
351888,58441,58451
75243,58518,58528
56513,58549,58559
421456,58608,58614
651143,58654,58658
148587,58686,58690
654012,58723,58731
344695,58753,58763
7176,58787,58791
540592,58816,58824
200832,58850,58856
147746,58901,58907
352176,58936,58940
20400,58966,58974
345422,59008,59014
14337,59037,59045
54742,59072,59076
148878,59100,59108
287682,59134,59140
308403,59185,59191
287707,59215,59223
464242,59244,59254
534657,59289,59297
403066,59332,59342
321640,59374,59382
403059,59405,59411
13040,59438,59446
12917,59468,59476
122847,59497,59507
122846,59528,59536
55273,59569,59577
12867,59623,59631
122844,59690,59694
339115,59720,59724
340552,59761,59767
55265,59793,59801
255471,59829,59835
304301,59858,59866
343238,59897,59905
534574,59926,59936
410453,59960,59964
341966,60004,60010
149930,60037,60047
13202,60094,60102
762269,60126,60132
307870,60157,60163
56541,60214,60218
535177,60243,60249
1901,60275,60283
535035,60304,60314
532982,60339,60343
267335,60369,60375
460076,60409,60419
1904,60448,60454
149990,60503,60507
55843,60534,60538
345996,60571,60579
116252,60601,60611
150376,60638,60644
254341,60670,60676
345840,61865,61871
12751,61899,61909
532264,61932,61938
416883,79407,79413
12216,79436,79444
