20717,25,33
337008,56,64
191270,90,98
534529,143,147
312572,173,179
638746,217,227
271403,292,302
690574,366,372
56153,395,403
54909,442,446
337024,501,505
690570,531,535
4339,569,573
182329,775,783
543471,809,815
694630,837,847
341182,871,879
54086,904,910
7724,951,955
57704,981,985
313948,1023,1029
54889,1057,1067
694446,1094,1098
694518,1123,1131
694272,1154,1162
21234,1209,1217
537379,1242,1248
7394,1271,1279
537327,1302,1308
7415,1334,1340
537359,1405,1411
694023,1437,1447
7450,1469,1477
323102,1499,1507
54270,1533,1541
436,1564,1570
850,1597,1603
345648,1633,1639
661,1677,1683
567828,1707,1715
4527,1743,1747
575593,1770,1780
695823,1810,1816
348966,1841,1849
276639,1875,1885
348424,1958,1966
56620,1996,2002
277853,2028,2036
888232,2076,2080
54617,2157,2165
353913,2189,2199
583201,2222,2230
690739,2255,2263
695410,2291,2295
695419,2328,2334
21119,2362,2370
695434,2407,2413
215269,2440,2448
247971,2469,2479
4534,2501,2507
354590,2539,2545
122302,2572,2582
148259,2615,2623
122320,2649,2653
542451,2678,2684
7193,2708,2716
305497,2740,2748
533071,2774,2780
2731,2806,2812
542937,2839,2845
1955,2876,2882
349121,2905,2913
16830,2943,2949
126,2995,3001
55671,3050,3056
17250,3091,3097
342348,3121,3127
90647,3159,3165
697122,3189,3199
344411,3224,3228
344388,3260,3266
147463,3290,3298
344386,3320,3328
308346,3359,3365
341988,3388,3396
22547,3418,3426
344354,3471,3477
533960,3609,3615
151671,3639,3645
119873,3668,3678
481500,3699,3709
343084,3734,3742
316368,3767,3775
315879,3798,3806
343029,3841,3847
315873,3876,3884
315961,3924,3930
57075,3965,3973
581633,4011,4019
353237,4044,4054
57092,4115,4119
531076,4144,4150
531099,4221,4231
57898,4269,4277
404352,4302,4310
533261,4332,4340
494,4366,4370
354915,4399,4405
307750,4435,4443
150300,4465,4473
150702,4512,4516
150720,4550,4556
2299,4582,4592
313119,4615,4621
347923,4655,4661
54972,4691,4699
306061,4726,4734
369670,4762,4768
586322,4809,4813
246437,4842,4850
69525,4887,4895
310356,4925,4929
354529,4960,4966
310365,4998,5004
17033,5029,5037
55030,5062,5068
17075,5097,5103
151297,5130,5136
264561,5164,5172
689036,5199,5203
264233,5230,5234
814977,5258,5266
115382,5291,5297
1299,5320,5328
2283,5350,5358
2292,5383,5391
55610,5416,5422
17104,5452,5460
16842,5484,5492
541966,5518,5522
122435,5574,5578
54964,5604,5612
150751,5635,5643
290512,5696,5704
450,5730,5738
402080,5766,5772
55237,5803,5809
56560,5944,5954
339571,5980,5986
150222,6012,6022
15711,6045,6053
10859,6081,6085
55532,6116,6122
621189,6145,6155
1422,6185,6191
345195,6213,6223
344628,6245,6251
538169,6274,6282
290473,6304,6312
4618,6334,6344
481114,6367,6373
55043,6440,6448
530025,6476,6482
530021,6521,6527
530022,6551,6557
339246,6582,6588
255329,6611,6621
54021,6643,6649
341681,6671,6681
287709,6704,6710
86094,6734,6742
343746,6765,6771
54505,6802,6806
694932,6830,6838
863,6880,6888
9784,6913,6919
881,6943,6949
842,6973,6981
849,7003,7011
55095,7062,7072
355938,7094,7102
343971,7146,7154
343977,7179,7183
344032,7209,7215
109754,7241,7245
109757,7292,7298
54428,7325,7331
54602,7354,7364
82520,7393,7399
23163,7447,7451
1115,7476,7486
575304,7510,7518
158322,7541,7551
342284,7616,7624
199465,7701,7707
147074,7730,7738
683448,7853,7863
147090,7888,7892
6993,7917,7923
350759,7959,7963
20876,8000,8008
688894,8032,8036
576838,8064,8070
21018,8097,8103
7159,8133,8141
355483,8165,8169
148898,8202,8208
1293,8236,8246
346190,8269,8273
77041,8298,8304
1312,8342,8348
264561,8377,8383
689042,8408,8414
354183,8437,8445
115347,8469,8475
586451,8497,8507
821218,8528,8536
1316,8559,8565
55027,8596,8602
73558,8632,8636
73593,8659,8669
354221,8690,8698
146744,8722,8728
201123,8752,8758
354241,8787,8793
353392,8820,8828
86808,8883,8891
353389,8913,8921
146623,8948,8952
354592,8979,8985
536654,9010,9014
120829,9137,9145
147683,9181,9189
115974,9213,9217
86102,9251,9261
339276,9285,9289
67062,9313,9321
568,9380,9384
343239,9407,9417
341218,9440,9448
331663,9470,9478
305021,9499,9509
535005,9540,9544
392409,9576,9580
151249,9628,9636
535140,9662,9670
529977,9693,9703
1418,9732,9740
1422,9788,9798
344591,9819,9827
255272,9850,9856
344632,9909,9917
1401,9940,9946
644,9971,9977
149314,10000,10010
344789,10039,10045
534444,10073,10079
148831,10103,10111
533247,10134,10140
533424,10179,10187
1442,10211,10217
56663,10244,10250
56660,10274,10280
150714,10310,10320
16729,10346,10350
347640,10373,10383
486630,10403,10413
356314,10433,10443
2214,10481,10489
152405,10516,10522
2231,10578,10586
766611,10608,10616
3624,10640,10644
113911,10670,10678
354428,10699,10709
404,10733,10737
354344,10762,10768
1623,10802,10810
343289,10832,10840
652299,10864,10868
2157,10894,10898
355716,10921,10931
591736,10955,10959
354871,10985,10991
95383,11015,11025
55123,11047,11053
661424,11078,11086
34,11116,11122
338196,11165,11173
353905,11197,11203
367806,11235,11241
741706,11264,11274
701139,11298,11306
348886,11343,11353
349659,11374,11384
648148,11404,11414
57820,11436,11442
347257,11466,11474
586070,11498,11504
316458,11561,11567
350988,11595,11601
146833,11624,11634
532289,11658,11664
540261,11689,11693
902,11717,11725
18569,11747,11755
20966,11793,11797
888327,11829,11837
7164,11860,11866
148898,11894,11898
17112,11926,11930
17104,11955,11961
16842,11983,11993
541966,12016,12024
542139,12050,12056
16750,12079,12087
55488,12119,12123
16667,12147,12155
150829,12178,12184
16703,12211,12219
543620,12366,12370
355434,12406,12414
55494,12447,12451
534986,12481,12491
402716,12544,12554
289179,12637,12645
403227,12668,12674
479417,12710,12718
479414,12742,12750
305111,12778,12786
255933,12815,12823
151272,12848,12856
54965,12890,12894
347932,12919,12925
2796,12955,12963
2750,12997,13003
17124,13040,13048
17134,13092,13096
149261,13126,13134
1312,13176,13184
353301,13243,13249
689039,13306,13314
814967,13338,13346
689563,13367,13377
201512,13402,13406
73558,13433,13439
55004,13463,13469
201152,13502,13508
539422,13531,13539
201133,13563,13569
203271,13597,13607
146745,13633,13643
146623,13670,13678
122301,13702,13712
56630,13736,13742
694026,13766,13772
321466,13797,13805
350395,13831,13835
737759,13860,13866
277832,13903,13909
460861,13935,13941
738,13974,13984
56634,14023,14031
353523,14052,14062
319653,14107,14113
347499,14144,14148
347504,14172,14180
534864,14207,14213
351262,14238,14246
542625,14270,14278
148360,14320,14326
15875,14349,14359
57862,14381,14387
402529,14419,14427
57848,14451,14461
110211,14486,14492
144637,14518,14522
15778,14557,14567
141817,14589,14597
80658,14621,14629
564550,14655,14659
151211,14721,14725
151219,14760,14766
151213,14804,14814
151215,14837,14841
56760,14866,14872
19703,14894,14904
54590,14926,14934
539130,14960,14968
2045,14997,15003
67083,15037,15045
57195,15072,15078
10756,15107,15115
350180,15138,15146
392590,15169,15175
302112,15219,15225
57847,15252,15258
57859,15284,15290
351493,15316,15322
166805,15425,15431
94,15456,15464
888327,15486,15494
303762,15517,15523
57832,15547,15555
20981,15591,15597
352441,15620,15628
21004,15664,15670
583533,15693,15701
567981,15788,15794
181364,15828,15836
562147,15866,15874
5707,15926,15934
349578,15961,15965
741243,16028,16034
20936,16101,16107
18220,16134,16144
149942,16175,16185
18219,16217,16223
338220,16247,16257
15667,16283,16291
56590,16313,16321
338167,16350,16356
353907,16380,16388
55274,16423,16431
484627,16458,16466
319661,16491,16495
80237,16521,16525
710842,16550,16556
152073,16579,16587
354755,16609,16617
353547,16641,16649
347499,16679,16685
80238,16712,16718
534864,16745,16751
721,16774,16782
665,16804,16812
351266,16853,16861
669,16913,16921
620856,16943,16951
532299,16972,16982
23159,17012,17016
5541,17042,17046
23156,17129,17133
693143,17157,17165
342279,17224,17228
812221,17252,17262
290520,17287,17293
413768,17318,17326
586455,17351,17361
413768,17401,17405
413777,17432,17436
86698,17522,17528
86666,17553,17561
86649,17611,17617
86666,17644,17648
86649,17699,17709
86661,17730,17738
86649,17789,17799
86666,17823,17829
86649,17884,17892
86698,17918,17924
161484,17949,17955
545188,17980,17984
161484,18008,18016
444861,18395,18399
445099,18424,18430
315333,18543,18551
15289,18575,18585
151148,18612,18616
151152,18641,18651
55458,18673,18679
335491,18705,18711
126254,18749,18759
148067,18779,18789
142429,18815,18821
122099,18890,18896
23016,18924,18930
23049,18957,18963
12866,19070,19076
344504,19098,19108
184060,19129,19137
12937,19160,19166
54032,19199,19203
55600,19229,19235
149261,19259,19265
269228,19289,19297
269242,19448,19456
269231,19616,19624
391975,19657,19667
269220,19772,19778
346216,19803,19809
116276,19832,19840
348744,21730,21734
194427,21760,21764
150309,21794,21800
17009,21827,21835
17069,21862,21866
17117,21893,21899
1380,21932,21940
440309,21977,21983
540409,22012,22018
4617,22096,22102
577781,22335,22343
535891,22366,22374
530022,25592,25602
148626,25626,25634
339253,25661,25665
543522,25692,25698
339257,25772,25780
341681,25808,25812
339268,25867,25873
323765,25914,25922
323760,25945,25951
407173,27780,27788
647522,27857,27863
308398,27885,27895
324681,27917,27927
323749,27994,28002
287709,28025,28031
287714,28241,28249
164305,28291,28297
54748,28334,28340
147723,28365,28373
345297,28437,28447
115905,28481,28487
122331,28512,28516
21020,28543,28547
651857,28573,28579
20967,28606,28616
271,28658,28668
538850,28691,28695
538998,28730,28740
605768,28763,28771
707347,28797,28803
861898,28856,28862
605768,28895,28903
538949,28936,28940
697601,28985,28991
338202,29015,29021
1478,29047,29055
378,29080,29086
20966,29116,29124
562048,29146,29154
7164,29180,29188
355485,29211,29219
355472,29240,29250
17112,29276,29280
17104,29316,29324
2743,29357,29363
2795,29409,29417
148838,29441,29449
14924,29478,29484
1394,29530,29538
82846,29562,29566
290510,29595,29601
536084,29626,29634
440309,29837,29841
55065,30021,30025
540409,30050,30058
433535,30087,30095
65435,30218,30226
402900,30451,30459
339247,30494,30500
255329,30529,30533
54024,30559,30565
12727,30595,30601
54025,30636,30640
54032,30692,30698
654785,30737,30745
198039,30768,30774
122360,30808,30816
355473,30867,30871
17469,30907,30915
115905,30954,30960
355480,30987,30993
907297,31019,31023
164083,31048,31058
7210,31087,31095
265,31132,31142
271,31177,31185
397,31208,31216
9002,31320,31328
18225,31499,31509
122246,31532,31540
355497,31590,31598
18226,31623,31629
374,31660,31664
152550,31689,31695
147083,31719,31727
147086,31770,31778
350173,31812,31818
141424,31856,31860
352101,31886,31892
351393,31917,31927
353005,31948,31956
342284,31983,31987
199465,32144,32150
301355,32190,32198
819991,32222,32228
353027,32321,32329
353025,32656,32664
586455,32686,32696
702562,32727,32733
813510,32805,32811
692241,32887,32895
690802,32920,32928
346486,32961,32969
301363,33036,33042
6579,33155,33163
22253,33189,33195
690925,33226,33230
1381,33287,33295
346090,33319,33325
546178,33351,33357
435305,33380,33388
116453,33415,33425
143302,33446,33456
540626,33477,33487
346982,33525,33533
110218,33563,33569
23445,33596,33604
344097,33635,33639
855,33664,33672
17661,33697,33703
54438,33754,33758
338258,33783,33789
683604,34093,34097
57819,34181,34185
147513,34214,34220
1134,34297,34301
328030,34336,34340
350753,34364,34374
7008,34395,34403
57184,34424,34434
7107,34488,34494
353331,34524,34532
353341,34559,34567
57644,34625,34631
539168,34718,34722
756087,34769,34777
537231,34801,34809
57219,34840,34844
688694,34870,34874
538328,34899,34905
413504,35009,35015
6066,35044,35052
402611,35090,35100
419748,35132,35138
347315,35164,35170
6067,35195,35205
6042,35226,35234
56446,35258,35264
147628,35299,35307
122129,35332,35340
347321,35365,35371
346475,35593,35603
79485,35635,35641
410655,35707,35717
474050,35741,35745
652177,35770,35778
260903,35853,35861
353768,35893,35899
88228,35932,35940
543571,35964,35972
56002,36061,36071
581507,36185,36191
55996,36214,36222
582619,36243,36253
424591,36301,36307
355639,36362,36368
355661,36395,36401
352088,36450,36458
352109,36482,36488
355685,36510,36520
355696,36541,36549
2128,36573,36579
342796,36603,36613
355715,36644,36652
355741,36676,36682
354859,36707,36711
148096,36739,36745
55123,36771,36775
1,36798,36808
586127,36905,36913
1469,36938,36942
338224,36972,36978
146826,37027,37031
338230,37057,37063
56590,37088,37092
338246,37120,37128
730,37155,37159
55146,37183,37191
147715,37218,37226
109757,37330,37338
887708,37360,37368
262891,37393,37401
326677,37466,37472
109762,37506,37516
351266,37562,37566
17661,37666,37672
54438,37918,37924
683604,37948,37954
57819,38007,38015
402546,38042,38048
402559,38072,38078
764653,38103,38107
328286,38156,38166
861529,38192,38198
17521,38260,38266
206386,38441,38451
351457,38474,38480
12380,38505,38511
612517,38534,38542
637606,38683,38691
349679,38716,38724
309207,38772,38778
351478,38809,38819
345579,38841,38847
345573,38891,38895
2093,38920,38928
5541,38952,38960
1114,39016,39020
545005,39045,39055
55155,39080,39086
147720,39162,39168
301363,39195,39199
1384,39225,39229
750777,39252,39262
147736,39354,39358
540520,39382,39390
77000,39450,39456
521190,39480,39486
316915,39567,39575
693126,39598,39606
342279,39630,39638
1133,39669,39677
57862,39746,39752
351573,39778,39782
6904,39861,39867
348579,39892,39896
146838,39923,39929
17647,39954,39958
430302,39985,39991
349,40039,40049
1468,40070,40078
541890,40108,40114
55750,40160,40170
149296,40194,40200
421438,40228,40236
316402,40259,40265
86892,40321,40327
354866,40411,40419
119964,40452,40462
331731,40485,40489
109371,40515,40521
351888,40546,40552
654572,40576,40584
109205,40608,40612
18549,40644,40648
351911,40674,40680
351927,40710,40720
14061,40805,40813
655754,40938,40942
164105,40972,40980
546610,41015,41023
18549,41047,41055
548347,41078,41086
870155,41109,41115
548387,41195,41203
75274,41227,41233
548347,41257,41263
431840,41288,41292
109364,41387,41397
353765,41420,41430
56599,41452,41458
540186,41500,41508
252014,41546,41552
575394,41576,41582
256806,41610,41618
934,41641,41647
256838,41679,41689
252012,41739,41749
739612,41770,41778
702650,41800,41808
581409,41831,41837
911,41867,41871
353820,41945,41951
350919,41976,41984
350918,42015,42019
651682,42061,42069
199691,42091,42099
614996,42134,42140
342322,42205,42211
55353,42291,42301
86901,42321,42331
57233,42353,42359
54598,42385,42393
755863,42440,42448
541212,42746,42752
147642,42807,42813
146959,42837,42843
57228,42869,42877
312034,42901,42907
55341,42931,42937
351251,42963,42971
351301,42993,43001
755922,43023,43031
5967,43083,43089
271339,43115,43121
147628,43156,43160
534544,43185,43191
122123,43215,43221
353752,43253,43257
260903,43286,43294
735013,43494,43500
56015,43796,43806
78743,43831,43839
290683,43893,43903
546012,43927,43935
270555,43960,43968
15857,43991,43999
313446,44118,44124
629526,44216,44222
3211,44247,44255
56860,44294,44300
56009,44333,44343
353745,44375,44379
289224,44412,44418
260903,44470,44478
145580,44502,44506
541702,44566,44570
348409,44610,44620
433232,44650,44656
204641,44742,44748
56849,44866,44874
349375,44901,44907
257123,44930,44938
349382,44962,44966
355618,45009,45013
290765,45076,45084
55988,45108,45112
582618,45141,45147
55996,45230,45240
810279,45354,45360
810283,47307,47313
122136,47336,47344
410677,47396,47402
347321,47430,47436
771146,47462,47472
410742,47499,47509
771146,47533,47541
754370,47565,47573
410684,47605,47611
410678,47634,47642
464189,47749,47755
565174,47919,47927
482514,47955,47959
347724,48037,48043
347319,48071,48079
70946,48128,48132
56024,48155,48165
56210,48187,48193
56043,48218,48226
56069,48257,48263
350862,48286,48294
350842,48350,48358
3260,48381,48387
3259,48412,48422
14042,48455,48461
680489,48492,48496
1128,48554,48560
540500,48611,48619
77000,48665,48671
690798,48697,48703
1384,48726,48736
257093,48823,48829
147720,48945,48951
95614,49001,49011
341931,49040,49046
540414,49086,49096
195332,49134,49140
86678,49214,49220
80726,49246,49250
80737,49290,49300
19650,49324,49328
342125,49356,49362
286663,49385,49393
76625,49433,49441
21784,49463,49473
286580,49512,49518
342709,49543,49547
385004,49577,49587
487936,49622,49628
120705,49681,49687
69912,49878,49884
117058,51646,51650
384763,51761,51769
385188,51792,51800
758407,51838,51844
343764,51875,51881
849558,51903,51913
159954,51934,51942
21816,51964,51972
410409,51997,52005
290751,52060,52068
151033,52091,52097
290762,52123,52129
3239,52155,52165
350410,52188,52196
152791,52220,52226
57197,52252,52260
20890,52285,52291
350759,52323,52331
807951,52353,52361
17512,52385,52395
586070,52416,52426
402542,52573,52579
166809,52619,52625
671,52704,52708
15875,52734,52744
95573,52823,52829
6890,52852,52862
6895,52915,52923
342354,52948,52952
5533,52977,52985
342356,53011,53017
55155,53135,53139
768633,53262,53268
317255,53302,53308
200330,53469,53479
22250,53505,53515
23149,53557,53563
23158,53645,53653
1030,53684,53690
539919,53719,53727
1133,53792,53796
351567,53824,53832
351573,53862,53868
148873,53899,53907
55078,53938,53946
148868,53971,53977
351645,54002,54012
674,54041,54047
350988,54073,54079
147253,54104,54114
683816,54137,54143
17647,54168,54172
546472,54197,54205
1468,54286,54292
2101,54319,54327
80320,54356,54362
338196,54390,54398
80423,54427,54433
637608,54497,54505
56590,54535,54541
338246,54564,54574
9814,54604,54612
147604,54636,54644
23450,54707,54715
317366,54739,54743
116450,54771,54777
80748,54840,54850
345603,54874,54878
532310,54904,54912
21430,54935,54941
348386,54964,54972
21435,55004,55012
21437,55036,55042
812724,55077,55081
348347,55110,55116
812724,55141,55151
21436,55174,55178
812723,55203,55209
152799,55652,55660
772,55682,55692
148357,55714,55722
642868,55745,55753
55113,55790,55798
76594,56195,56201
1933,56601,56607
311476,56631,56639
402041,56666,56676
402039,56704,56712
11422,56785,56795
150677,56877,56883
888940,56908,56914
1905,56939,56943
55802,56971,56977
289584,57002,57008
1934,57032,57042
1935,57172,57176
461764,57205,57211
349159,57237,57243
532775,57271,57275
149486,57300,57308
341089,57331,57339
11719,57372,57376
149892,57414,57424
54339,57444,57454
256602,57477,57483
256641,57514,57520
289786,57547,57551
50503,57582,57586
335585,57623,57627
19598,57655,57661
19604,57691,57695
12446,57730,57734
22934,57765,57775
54718,57810,57814
654228,57845,57851
167473,57884,57892
167251,57915,57921
87675,57948,57956
334147,57995,58003
145477,58032,58040
886946,58089,58095
144438,58151,58159
486159,58187,58193
167255,58218,58226
7186,58249,58259
15563,58291,58299
17451,58327,58331
181305,58363,58371
181308,58397,58401
413866,58426,58432
181522,58456,58462
448566,58485,58493
448596,58549,58555
413867,58586,58592
337880,58666,58672
587313,58695,58703
581115,59666,59674
571150,59710,59714
391598,59819,59827
337966,59879,59883
337945,59936,59944
413868,59967,59975
449032,60085,60089
413869,60116,60122
546774,60155,60163
6303,60213,60219
337882,60266,60272
78928,60307,60315
181260,60338,60344
693727,60367,60375
335361,60482,60488
650388,60512,60520
492268,60566,60574
336604,60597,60603
690221,60629,60637
393604,60660,60666
339486,60690,60698
684188,60720,60730
74990,60776,60782
300307,60844,60848
8068,60876,60882
8108,60908,60914
547844,60939,60947
2656,60976,60982
55171,61013,61021
121058,61045,61049
593800,61073,61081
181609,61109,61115
181613,61163,61169
55139,61198,61206
17729,61234,61238
23318,61276,61284
55103,61311,61317
81049,61342,61348
17831,61374,61384
198823,61512,61518
95611,61547,61555
6570,61580,61586
548279,61611,61621
540638,61753,61759
5495,61906,61912
5564,61936,61942
762716,61966,61972
22250,62025,62031
812613,62055,62061
1051,62086,62092
6924,62117,62123
648748,62147,62155
348513,62180,62186
55110,62227,62235
542490,62262,62266
348518,62295,62301
532199,62339,62343
144057,62369,62375
483270,62399,62405
342152,62437,62445
321610,62467,62477
348956,62505,62513
290724,62570,62578
317404,62605,62613
695589,62640,62648
410274,62735,62739
317395,62765,62775
260537,62799,62805
348934,62831,62837
541031,62860,62868
874,62891,62897
350286,62927,62933
350287,63011,63017
56680,63054,63058
54749,63088,63094
147683,63121,63131
86102,63168,63174
323725,63201,63209
323728,63269,63279
339276,63301,63309
67062,63392,63398
54022,63421,63429
402902,63454,63458
535259,63483,63489
343233,63514,63522
343249,63561,63569
56551,63592,63600
341966,63625,63629
342252,63658,63662
402994,63753,63761
86035,63783,63791
343235,63813,63821
343243,63845,63851
343244,63875,63883
341218,63910,63918
12874,63939,63949
339238,63983,63993
2353,64024,64034
339246,64062,64068
402902,64124,64130
332629,64161,64167
568,64230,64238
289766,64261,64267
332629,64317,64327
148626,64777,64783
332629,64827,64835
640003,64869,64873
55053,64899,64903
