322206,-3,7
355027,29,37
431127,66,72
546045,99,109
147783,137,141
146768,188,198
545893,221,231
54516,259,263
147798,290,298
4938,338,348
197674,394,400
353253,433,437
273513,463,469
428578,499,509
385731,537,543
353985,574,580
20048,630,636
12155,671,675
19967,700,706
344977,730,736
150623,765,773
415199,869,877
638046,1199,1205
415199,1227,1237
454334,1259,1267
631579,1290,1296
11179,1320,1326
151015,1349,1357
351065,1410,1414
151296,1438,1446
571240,1467,1477
350045,1504,1510
571248,1534,1540
416821,1565,1569
20024,1596,1600
411270,1625,1633
353984,1664,1672
545927,1744,1754
385730,1774,1784
277147,1814,1822
353383,1863,1873
273528,1925,1931
150647,1968,1976
541463,2021,2031
547337,2062,2068
197585,2094,2098
353699,2126,2130
72880,2226,2230
613346,2256,2266
384520,2293,2301
428572,2379,2387
72574,2414,2420
197665,2450,2458
4924,2480,2488
614434,2512,2518
450078,2546,2552
685087,2580,2586
89947,2616,2620
197610,2651,2657
273501,2698,2702
71838,2728,2732
271813,2757,2763
323653,2797,2801
197441,2827,2833
534554,2858,2866
57665,2888,2896
540454,2942,2948
4798,2976,2986
198071,3058,3062
57364,3087,3093
346828,3127,3133
770150,3160,3164
20311,3193,3197
164091,3248,3258
20442,3289,3297
84827,3320,3328
56506,3358,3364
20432,3402,3408
57752,3455,3465
116446,3492,3498
20418,3524,3530
345507,3556,3562
113109,3588,3596
57778,3619,3625
148923,3655,3661
4688,3687,3695
20377,3735,3743
20372,3778,3786
147095,3811,3817
345324,3842,3850
17499,3872,3880
20509,3903,3909
2378,3937,3945
683554,3978,3986
7371,4010,4014
7343,4042,4046
276778,4079,4085
276784,4157,4165
7351,4191,4195
21234,4276,4282
537379,4305,4313
7397,4336,4342
7415,4421,4425
537389,4461,4467
148342,4496,4500
57736,4532,4542
54275,4564,4574
275823,4598,4602
54609,4632,4636
54187,4677,4685
345666,4725,4731
23434,4763,4773
154699,4798,4804
345597,4840,4844
116450,4881,4891
698835,4918,4924
435305,4958,4966
80750,4988,4996
116452,5019,5025
143293,5052,5060
119974,5082,5090
692,5133,5141
23450,5171,5177
542572,5202,5206
342150,5243,5251
819,5285,5293
861592,5316,5322
254492,5346,5356
22792,5379,5387
22733,5410,5418
20735,5447,5453
5588,5478,5482
13486,5516,5522
20707,5550,5560
20731,5587,5597
54827,5619,5627
54844,5690,5700
164230,5737,5743
116632,5775,5785
273836,5806,5816
148286,5854,5864
14990,5894,5902
203782,5945,5951
447216,5979,5985
203794,6007,6017
379095,6104,6110
545032,6866,6874
334351,6896,6904
146680,6931,6937
15061,6970,6976
147366,7007,7015
151153,7048,7056
540440,7080,7086
336018,7117,7123
568390,7147,7157
567528,8350,8356
72122,8381,8387
336053,8410,8418
336057,8464,8472
315200,8499,8505
58699,23897,23905
642811,24044,24052
58699,24305,24309
630030,24333,24341
54079,24364,24372
336067,24447,24455
336071,24495,24503
335426,24530,24534
54586,24559,24567
684072,24590,24598
336170,24622,24628
336171,24653,24659
407519,24683,24689
646583,26301,26307
336177,26330,26338
914684,26368,26374
151128,26407,26417
342445,26447,26453
315275,26475,26485
15286,26506,26514
15284,26565,26571
538946,26594,26602
15284,26624,26632
622294,26662,26668
315275,26693,26697
15286,26723,26729
622129,26806,26810
342091,26835,26841
342447,26866,26874
335520,26906,26912
151132,26947,26951
407519,26976,26982
335983,27007,27013
313177,27035,27045
336203,27079,27089
313178,27114,27118
147293,27168,27176
336147,27207,27215
304579,27250,27256
337456,27280,27290
164146,27315,27323
54133,27346,27354
54128,28398,28408
305271,28455,28461
305260,28488,28496
55179,28520,28526
151037,28550,28560
151047,28586,28594
690617,28619,28623
8024,28655,28663
8275,28685,28693
407674,28966,28976
54774,29030,29038
308165,29061,29067
650435,29118,29126
4351,29148,29158
413894,30417,30425
308461,30460,30468
380214,30493,30499
338475,30563,30569
54144,30599,30609
650795,30631,30637
739472,30660,30668
503704,30692,30698
410346,30903,30909
631432,30936,30944
338654,31025,31031
164110,31071,31079
164228,31101,31109
20781,31136,31142
116632,31169,31177
832757,31199,31209
148286,31268,31276
273798,31297,31307
15065,31415,31419
147537,31449,31455
19603,31478,31486
15088,31512,31518
334350,31542,31548
54736,31583,31591
545032,32455,32459
545034,32738,32742
545732,32767,32775
54735,32843,32851
334299,32873,32883
539916,32908,32918
413839,32988,32994
181462,33025,33031
54735,33058,33066
334360,33089,33095
15023,33117,33127
22940,33151,33157
536133,33188,33194
54720,33218,33226
15562,33274,33282
120912,33314,33324
120917,33383,33387
68765,33416,33424
68770,33466,33470
4410,33567,33577
148340,33600,33604
55171,33631,33637
121058,33661,33669
534221,33692,33700
685404,33740,33746
181609,33813,33821
181613,33955,33959
55128,34007,34013
55139,34084,34090
17727,34128,34134
17729,34193,34199
86598,34234,34240
86607,34262,34272
86560,34345,34351
195371,34373,34383
346290,34820,34830
301368,34953,34959
57866,34990,34994
95624,35024,35030
531930,35055,35061
396388,35095,35101
86672,35137,35147
86673,35169,35175
86672,35228,35236
86673,35260,35268
86672,35319,35327
86661,35354,35360
86666,35384,35390
83586,35413,35421
195352,35448,35458
542362,35481,35489
56797,35512,35518
22837,35543,35551
141517,35574,35580
53980,35649,35655
341331,35689,35697
54163,35727,35737
593826,35780,35790
160072,35815,35823
54174,35849,35857
23449,35982,35988
147687,36034,36042
344097,36102,36106
109762,36275,36285
669,36310,36316
344101,36375,36383
695,36437,36441
348512,36467,36475
709,36499,36507
23445,36562,36570
57740,36599,36609
571466,36632,36636
342150,36720,36728
887048,36754,36764
819,36789,36793
342231,36829,36837
2382,36893,36903
286484,36933,36943
338753,36964,36972
338756,37244,37252
147284,37277,37285
237724,37318,37324
54157,37353,37357
55713,37383,37391
593826,37428,37436
532175,37462,37470
54174,37504,37510
540567,37534,37542
905697,37569,37573
458863,37710,37720
148190,37785,37791
348518,37818,37828
55096,37895,37899
534477,37922,37932
317401,37953,37961
556973,37987,37993
354730,38020,38028
275822,38052,38058
388358,38080,38090
608055,38145,38153
54084,38923,38933
2836,38956,38960
289270,39011,39017
5573,39049,39055
345641,39137,39143
12964,39166,39174
534629,39198,39204
350286,39233,39237
54253,39272,39282
354590,39319,39325
122302,39350,39360
148259,39383,39389
203233,39418,39422
651636,39446,39456
353395,39706,39712
201134,39752,39758
354245,39791,39797
353392,39823,39833
146740,39857,39865
201118,39889,39895
201131,39920,39928
201117,39953,39963
200719,40002,40010
540535,40033,40043
148931,40068,40074
611889,40105,40109
297409,40164,40170
6100,40194,40202
56509,40229,40237
146868,40263,40273
119548,40293,40303
567842,40325,40335
582474,40357,40367
696925,40391,40397
354906,40426,40432
586951,40464,40468
685345,40494,40500
758512,40523,40531
934,40569,40579
82649,40606,40610
610834,40698,40706
354854,40737,40747
354874,40776,40786
569614,40808,40814
148096,40843,40851
252014,40887,40893
109391,40918,40924
689621,40951,40957
861297,40996,41006
689602,41026,41036
591715,41056,41066
56866,41090,41096
534890,41119,41127
86818,41149,41157
56519,41182,41192
4688,41227,41235
20377,41282,41286
20372,41324,41332
147095,41359,41369
345324,41393,41403
17499,41436,41440
13124,41467,41473
20509,41504,41512
324418,41541,41549
2378,41597,41603
683554,41635,41639
75160,41692,41702
435,41737,41745
338754,41768,41776
237726,41799,41805
338703,41832,41838
237718,41865,41873
81099,42004,42010
313861,42127,42135
5640,42231,42235
338439,42305,42309
463209,42335,42343
646714,45875,45883
6535,45922,45928
147288,45953,45957
56794,45981,45989
541297,46029,46035
56794,46061,46065
341262,46214,46224
338146,46249,46259
655991,46279,46289
144704,46326,46334
356336,46376,46380
8412,46480,46486
356331,46519,46527
333049,46550,46560
698406,46584,46590
698408,46662,46668
683481,46850,46858
2408,46885,46891
905705,46917,46923
333282,47002,47006
401910,47029,47039
333293,47070,47076
7887,47099,47107
7688,47132,47136
313899,47192,47200
4473,47242,47248
313984,47271,47279
343427,47306,47314
575570,47336,47344
586084,47445,47451
8412,47616,47624
19360,47648,47656
2403,47684,47688
333048,47712,47720
427896,47862,47868
182298,47906,47912
333048,47937,47947
161157,47979,47985
19360,48009,48015
333146,48070,48078
693407,48101,48107
317378,48135,48141
20826,48166,48172
7688,48219,48229
54107,48277,48281
54108,48311,48317
345008,48341,48347
191066,48377,48387
607,48416,48422
534530,48447,48451
337024,48488,48494
543388,48518,48524
337028,48548,48556
151044,48588,48596
685697,48625,48635
53957,48668,48674
685050,48697,48705
337057,48729,48737
262821,48759,48767
654826,48800,48806
53956,48830,48836
151047,48862,48868
308173,48891,48899
337059,49153,49163
617709,49185,49191
690808,49215,49221
408969,49250,49256
20634,49287,49297
414169,49320,49324
290639,49351,49357
336311,49382,49386
287608,49413,49421
541956,49446,49454
336266,49476,49484
336240,49506,49514
81953,49550,49556
116646,49584,49590
651645,49621,49631
335989,49671,49675
335416,49715,49725
15123,49756,49764
67640,49787,49797
335995,49820,49828
336000,49857,49865
649313,49934,49940
642854,49964,49970
336632,50054,50060
336545,50123,50127
336634,50226,50230
540440,50256,50260
288711,50344,50348
537617,50570,50578
288711,50674,50680
336155,50705,50709
336149,50740,50750
2897,50778,50784
54581,50809,50813
2896,50841,50845
336414,50893,50899
335432,50931,50941
290522,50987,50997
335396,51038,51042
658717,51065,51075
335443,51097,51105
335524,51128,51134
15284,51235,51241
538946,51264,51272
914685,51297,51303
335448,51330,51336
151161,51360,51370
149334,51476,51486
126248,51508,51518
542487,51545,51549
142429,51578,51582
12577,51608,51614
336337,51641,51651
2841,51691,51695
338715,51722,51726
54656,51767,51771
54855,51800,51804
338825,51831,51839
2663,51863,51869
485800,51911,51919
274518,51942,51948
410346,51975,51985
485882,52015,52025
151376,52057,52063
584672,52474,52480
410343,52540,52546
339059,52571,52575
308193,52601,52607
55176,52632,52638
484399,52666,52672
8240,52697,52703
407674,52742,52750
289500,53794,53802
1687,53840,53844
685696,53875,53881
337034,53950,53958
530497,53982,53988
338540,54014,54020
690653,54056,54060
55174,54087,54097
276810,54189,54195
54121,54225,54233
486357,54309,54317
821952,54398,54408
486357,54460,54466
821952,54491,54495
548417,54551,54561
336931,56213,56221
159600,56244,56250
685164,56281,56285
573626,56314,56320
2720,56346,56352
690076,56380,56386
336974,56412,56420
68780,56441,56451
567840,56474,56480
690318,56504,56510
124874,56539,56545
147259,56597,56607
53979,56634,56640
53915,56665,56669
335373,56703,56709
147289,56783,56791
147328,56816,56826
335995,56858,56868
336002,56901,56905
2917,56937,56943
649313,62884,62892
315200,62916,62922
642811,63136,63140
336554,63175,63181
336151,63209,63213
288711,63237,63245
537862,63917,63923
568392,63946,63954
586479,64041,64047
68735,64114,64120
683851,64150,64154
318873,64178,64186
67638,64236,64242
151117,64269,64277
684001,64298,64308
336098,64353,64361
151123,64394,64398
126253,64442,64452
148287,64473,64483
15184,64506,64516
15232,64542,64552
116633,64594,64598
22843,64635,64641
337452,64677,64681
336391,64726,64736
289191,64775,64781
534482,64833,64843
54129,64874,64884
54131,64923,64929
685573,64957,64967
54144,65012,65022
685573,65060,65068
54224,65091,65097
338476,65122,65130
308219,65180,65188
575067,65266,65272
339082,65302,65308
615201,65334,65342
546491,65365,65373
308165,65449,65455
8244,65479,65487
148597,65704,65712
407674,65734,65742
1683,65766,65772
308173,65796,65802
685697,65829,65835
53959,65953,65959
530497,65981,65991
67482,66014,66018
338545,66045,66051
690653,66083,66087
55174,66121,66129
336981,66153,66159
276810,66234,66242
690076,66267,66273
336974,66302,66312
68780,66336,66340
335406,66369,66379
181506,66420,66424
181492,66453,66459
690318,66529,66535
147258,66562,66568
68739,66606,66612
267412,66707,66717
567702,66795,66799
419581,66832,66840
574351,66877,66881
654509,66906,66912
57909,66945,66953
289336,66977,66981
57914,67020,67026
125850,67050,67058
374058,67124,67130
683929,67155,67165
586594,67189,67193
797566,67218,67226
15077,67249,67255
15060,67285,67291
12437,67316,67326
12454,67362,67372
144826,67427,67435
144822,67571,67581
152067,67705,67711
15305,67736,67744
15307,67829,67837
54358,67879,67885
55644,67957,67967
343530,67999,68007
12565,68100,68110
347624,68181,68187
11669,68262,68268
11677,68325,68335
147245,68359,68365
290778,68399,68403
149959,68480,68484
116251,68510,68520
149999,68546,68550
293885,68593,68601
15813,68624,68630
254349,68802,68812
254357,68833,68841
54337,68908,68914
55935,68941,68949
345840,68972,68982
456214,69015,69025
416843,69437,69445
456190,69727,69733
456158,69757,69763
200705,69804,69812
532694,69834,69844
149565,69920,69924
149551,69992,70000
11796,70027,70033
12268,70078,70084
122070,70123,70129
652097,70152,70162
12281,70188,70194
539958,70217,70227
685642,70317,70325
87629,70352,70362
268196,70382,70392
11113,70482,70490
685642,70541,70549
11817,70571,70579
685642,70625,70629
290625,70654,70660
343571,70683,70691
539521,70714,70720
345297,70748,70752
122331,70777,70783
651857,70808,70814
7217,70850,70854
265,70891,70899
397,70921,70929
355,70981,70987
374,71047,71057
6891,71104,71112
345573,71195,71199
440883,71225,71231
210720,71285,71293
148871,71321,71331
813827,71353,71359
15871,71381,71391
15872,71435,71439
669,71494,71500
677,71529,71537
708,71570,71574
483257,71600,71606
57739,71629,71639
23453,71663,71667
542572,71695,71705
476108,71731,71737
342152,71770,71778
818,71807,71815
817,71838,71844
254501,71883,71887
273613,72648,72656
120773,72679,72685
53862,72709,72715
148116,72769,72775
340287,72808,72816
318477,72844,72848
56684,72876,72880
417420,72925,72933
11445,73165,73173
340391,73203,73207
54704,73233,73239
55797,73283,73289
399446,73338,73348
399453,73742,73748
159839,73794,73800
159835,73831,73837
419235,74286,74292
267230,74324,74330
202211,74372,74382
344293,74461,74465
343950,74507,74515
158023,74559,74563
535101,74590,74594
343355,74623,74631
342332,74677,74685
4076,74777,74783
531068,74807,74813
531067,74849,74857
3598,74935,74941
353372,74967,74973
402110,75428,75436
4064,75495,75503
4104,75557,75561
344420,75587,75593
152632,75634,75642
4093,75663,75673
449365,75708,75712
481527,76430,76436
314673,76460,76468
490585,76505,76511
344397,76544,76550
344406,76582,76586
4057,76644,76652
341882,76675,76683
90643,76709,76715
90654,76744,76750
541530,76781,76791
348223,76812,76820
538567,76845,76855
290419,76879,76887
55466,76918,76922
509,76952,76958
330072,76980,76990
147706,77027,77031
74566,77056,77062
74568,77092,77096
336664,77130,77136
55467,77213,77221
55466,77253,77259
407272,77285,77291
762664,77315,77321
191336,77345,77351
439175,77378,77386
685277,77410,77414
267114,77438,77448
534309,77478,77482
651834,77522,77532
13120,77561,77565
11730,77630,77638
530667,77662,77668
54345,77712,77716
268605,77743,77751
289786,77803,77811
15309,77849,77857
335578,77883,77891
53883,77916,77924
903425,77947,77955
148202,77981,77989
476119,78014,78020
144708,78043,78051
334906,78100,78108
147154,78179,78185
299865,78276,78282
147123,78307,78313
120907,78337,78347
151054,78371,78379
316650,78408,78416
147216,78444,78450
147153,78477,78485
335591,78552,78560
335597,78592,78600
486196,78622,78632
335599,78654,78662
484610,78695,78701
335437,78758,78764
290522,78793,78801
402401,78825,78831
55652,78862,78868
55645,78894,78900
683953,78923,78933
54045,78955,78963
54055,78989,78995
336081,79032,79038
54046,79063,79067
120632,79125,79135
571145,79156,79166
336120,79266,79276
2897,79360,79366
336151,79392,79396
537617,79439,79445
534769,79467,79477
151317,79511,79515
568169,79656,79664
537442,79688,79694
870133,79732,79742
336155,79811,79821
336149,79860,79868
336150,79900,79904
336057,79929,79937
336076,79966,79972
120622,80001,80007
120632,80111,80119
2940,80144,80152
2883,80202,80210
2896,80238,80244
148305,80274,80282
123784,80309,80317
123781,80340,80348
334669,80374,80380
334654,80408,80416
144722,80442,80452
53900,80480,80484
417538,80542,80546
15374,80576,80580
335585,80621,80629
19551,80656,80664
335595,80695,80701
335599,80738,80746
335606,80772,80778
336528,80807,80813
336519,80849,80855
2898,80884,80894
72121,80936,80942
336050,82075,82081
336053,82121,82125
150492,82155,82163
336151,82197,82203
336554,82227,82235
