481527,2122,2132
530284,3027,3033
315868,3063,3069
267003,3097,3103
481527,3242,3252
267009,6720,6728
481527,6959,6965
887079,7106,7116
481527,7258,7264
887079,7287,7297
481527,7992,8000
887079,8024,8032
315872,8060,8066
481527,8100,8108
887079,12550,12558
530284,12583,12593
481527,18426,18430
342986,18458,18466
344397,18501,18507
344406,18532,18542
341882,18566,18574
90654,18616,18624
17290,18661,18667
74345,18714,18718
55663,18741,18751
93,18780,18786
152544,18816,18824
16835,18847,18855
16780,18877,18887
341443,18917,18923
148859,18949,18957
341451,18983,18989
198033,19018,19022
355476,19049,19053
429808,19077,19087
308403,19117,19123
54747,19162,19170
14287,19198,19206
287714,19621,19627
147753,19651,19657
148874,19681,19687
8993,19718,19728
116010,19750,19758
20741,19788,19794
543116,19817,19825
690773,19850,19856
53971,19885,19893
723270,24393,24397
341762,24435,24445
642410,25140,25146
212184,25181,25189
342481,25231,25237
212178,25262,25268
148163,25303,25313
2853,25336,25342
325869,25366,25374
2864,25409,25417
342618,25479,25485
342624,25522,25530
87590,25561,25569
15326,25596,25600
342635,25643,25647
23102,25710,25718
23110,25862,25866
12017,25894,25900
11107,25940,25946
11113,25990,25996
12288,26023,26033
122051,26072,26078
545258,26104,26112
343530,26155,26161
12565,26196,26204
54349,26236,26242
11725,26267,26275
276909,26299,26307
13118,26332,26338
50509,26388,26394
11757,26423,26429
461994,26454,26460
462006,26487,26497
15820,26550,26560
447951,26587,26595
309178,26616,26626
697756,26650,26656
531160,26685,26693
309162,26725,26731
372505,26761,26769
11631,26797,26803
531146,26842,26852
161401,26875,26883
161405,26986,26996
311465,27020,27024
311459,27092,27100
311443,27151,27159
345951,27227,27233
345961,27257,27263
12745,27288,27294
529947,27333,27337
206283,27368,27378
12268,27404,27412
122070,27452,27458
206373,27517,27525
12283,27565,27575
12285,27596,27604
12282,27642,27646
531939,27671,27681
685647,27722,27730
347841,28343,28349
345287,28377,28387
345290,28435,28445
345292,28499,28507
17502,28535,28541
148889,28565,28575
20242,28691,28695
345301,28738,28746
345316,28769,28775
164099,28824,28828
110072,28858,28862
345416,28901,28905
54545,28963,28973
20388,29027,29033
20383,29069,29075
20387,29102,29106
345451,29138,29144
148930,29175,29181
57794,29224,29228
56496,29265,29273
535091,29299,29305
4225,29336,29342
20414,29386,29394
57766,29451,29457
159276,29489,29495
20458,29571,29577
346741,29606,29612
270885,29664,29670
270887,29698,29704
20309,29739,29743
73383,29773,29781
84899,29817,29827
84947,29903,29909
57140,29978,29986
149831,30042,30052
149848,30093,30103
546252,30159,30167
402343,30213,30223
262845,30255,30263
110788,30305,30315
599122,30338,30346
763670,30379,30385
372370,30427,30435
763667,30463,30469
403216,30508,30512
652326,30542,30552
352907,30576,30580
628401,30801,30807
586380,30833,30839
146968,30876,30882
5216,30907,30915
150017,30939,30947
410244,30975,30985
355223,31005,31015
355508,31038,31046
149820,31075,31083
688534,31117,31121
19718,31146,31152
56192,31178,31184
344688,31223,31227
345014,31254,31258
57429,31288,31296
148020,31318,31326
19805,31347,31357
148006,31384,31388
345101,31420,31426
345116,31456,31460
345130,31492,31498
56043,31523,31533
56064,31556,31564
56076,31606,31614
350848,31650,31656
350842,31692,31698
3260,31725,31733
19833,31757,31765
20931,31789,31797
20899,31834,31840
122119,31863,31871
148895,31892,31902
683577,31929,31935
342648,31962,31970
20883,31993,31999
148883,32053,32057
620856,32083,32089
351642,32113,32119
15872,32143,32149
148360,32173,32179
347449,32215,32221
338660,32248,32254
1097,32349,32357
542624,32390,32396
540434,32422,32428
649718,32452,32460
147754,32528,32536
740,32591,32595
80238,32622,32632
349197,32655,32663
349199,32693,32701
349212,33135,33141
319653,33165,33173
563659,33204,33210
267454,33270,33280
548065,33306,33312
148799,33398,33406
82542,33547,33555
651798,33577,33585
431436,33606,33616
23450,33641,33647
15883,33679,33683
15884,33729,33733
77000,34038,34046
347382,34075,34079
688944,34103,34113
693142,34135,34141
86701,34170,34178
861494,34200,34208
345862,34231,34237
15877,34297,34305
339,34355,34363
23450,34390,34398
342150,34435,34443
887048,34467,34475
819,34501,34509
342231,34546,34552
341383,34576,34584
7371,34623,34627
338782,34665,34671
340207,34701,34709
338526,34754,34760
338530,34811,34815
537353,34879,34889
548016,34918,34922
694103,34952,34960
339297,36465,36469
694193,36495,36501
690237,36524,36532
339304,36557,36561
690233,36586,36592
57736,36617,36625
690216,36650,36656
436,36695,36701
410267,36735,36745
321585,36778,36782
54080,36813,36819
260539,36846,36854
690263,36876,36886
351255,36907,36915
56620,36942,36948
277848,36982,36988
839,37016,37022
558700,37049,37053
12923,37082,37088
353918,37112,37120
353919,37143,37151
683891,37176,37180
541526,37210,37216
245863,37240,37248
353923,37281,37287
56608,37312,37316
352760,37342,37348
54753,37371,37379
147683,37417,37421
343769,37447,37453
582,37476,37486
86120,37509,37513
8993,37539,37547
347845,37573,37583
116029,37610,37616
20745,37646,37650
13482,37691,37699
341762,37727,37735
20732,37763,37773
20731,37795,37801
54827,37834,37840
20546,37876,37882
290649,37911,37915
308772,37943,37953
150862,37979,37987
18093,38507,38515
212198,49602,49606
342481,49633,49641
355537,49666,49672
342457,49700,49706
410304,49730,49740
603,49776,49782
337008,49806,49814
337011,49836,49844
337017,49899,49905
2412,49930,49934
7549,49965,49969
539082,50011,50017
7698,50044,50050
484331,50074,50082
119993,50105,50113
655172,50137,50143
655170,50172,50182
694010,50249,50253
341196,50278,50286
484333,50315,50323
7667,50348,50354
161307,50379,50383
4513,50435,50443
539311,50467,50473
541366,50502,50510
2392,50541,50545
4454,50592,50602
341906,50623,50631
19450,50656,50662
148339,50684,50694
76111,50720,50726
75995,50767,50777
68771,50827,50835
68779,50872,50878
120914,50914,50922
120920,50949,50959
167425,50982,50988
543543,51011,51019
145438,51044,51052
145445,51077,51081
148736,51107,51115
334147,51148,51152
543861,51186,51194
144504,51243,51249
386212,51275,51281
148713,51308,51318
486233,51341,51347
886877,51376,51386
148721,51432,51440
536211,51486,51494
2657,51578,51586
144524,51615,51621
416164,51742,51750
148713,51773,51779
709846,51802,51810
416177,51906,51916
148740,51950,51958
545198,52002,52006
545203,52127,52131
545163,52156,52166
545231,52214,52220
709846,52245,52251
334250,52277,52283
334253,52306,52314
116808,52337,52345
15562,52376,52384
120912,52414,52418
120917,52454,52462
68765,52500,52508
68770,52551,52561
4410,52609,52617
55168,52654,52660
121058,52691,52701
593800,52729,52735
181609,52783,52789
181613,52820,52826
55139,52859,52867
17729,52898,52902
23318,52940,52948
756277,52975,52985
71701,53009,53019
55150,53041,53051
752,53076,53086
754,53110,53116
56620,53156,53162
267455,53205,53213
267454,53254,53260
151509,53320,53324
568787,53349,53357
435992,53381,53387
109754,53597,53601
54428,53630,53638
351266,53681,53685
654662,53791,53797
348866,53821,53827
18609,53855,53861
1465,53886,53894
741290,54129,54137
763924,54158,54168
763925,54218,54228
378,54340,54350
97,54372,54380
21018,54409,54415
562048,54438,54448
7164,54484,54490
888307,54514,54520
14268,54545,54551
122351,54586,54594
17465,54617,54623
17498,54653,54663
347458,54697,54703
116029,54740,54744
345251,54772,54780
13482,54809,54813
341762,54844,54852
20732,54879,54887
54827,54937,54947
54844,55009,55013
164230,55050,55056
116632,55082,55090
832756,55116,55122
148286,55146,55152
273798,55175,55183
536064,55209,55217
536133,55246,55254
285,55300,55306
7191,55332,55336
148714,55364,55372
120667,55398,55404
144438,55552,55558
120656,55581,55589
167228,55612,55618
167424,55644,55648
15563,55682,55690
17451,55712,55720
545013,55742,55752
15002,55785,55793
54243,55816,55826
22916,55868,55874
148283,55903,55907
116633,55944,55952
22838,55975,55981
337449,56009,56013
336391,56060,56068
289191,56090,56098
534482,56172,56180
564798,56205,56215
634602,56243,56247
739437,63539,63543
503704,63568,63576
268404,63607,63611
308219,63640,63644
562161,63668,63678
54143,63715,63723
545525,63753,63761
2840,63785,63793
54649,63834,63842
308778,63868,63872
370897,65701,65709
11593,65748,65752
345783,65776,65784
15819,65821,65829
15820,65865,65869
202201,65896,65904
643148,65945,65951
462002,65977,65981
267026,66029,66035
533971,66060,66064
11735,66089,66097
119538,66139,66143
13121,66177,66183
530702,66207,66215
11730,66276,66286
530007,66309,66315
54339,66341,66345
54345,66373,66379
256603,66411,66419
12238,66443,66451
355981,66479,66485
122070,66517,66525
12283,66549,66559
531941,66581,66591
685642,66679,66685
87629,66712,66718
369524,66755,66763
22990,66793,66801
643113,66825,66831
342520,66870,66874
812501,66918,66926
248190,66950,66958
342688,66981,66989
248190,67012,67020
18127,67046,67052
290436,67079,67085
150862,67115,67125
18093,67159,67165
212198,67189,67197
768881,67218,67228
342481,67292,67300
541678,67327,67335
355537,70190,70198
148158,70231,70235
2847,70261,70265
844071,70291,70297
652325,70324,70328
20731,70360,70364
54827,70403,70411
54640,70442,70448
54844,70512,70520
20783,70551,70555
164230,70578,70588
20781,70608,70618
116632,70665,70673
652050,70698,70706
15163,70754,70760
53924,70803,70813
200308,70841,70847
147266,70880,70886
690566,70909,70917
147434,70940,70948
124908,70972,70980
410334,71016,71022
337077,71256,71264
337079,71290,71298
124914,71330,71338
337457,71377,71383
147257,71407,71415
53979,71448,71454
15232,71521,71527
116633,71562,71566
20771,71599,71603
20633,71673,71679
651861,71711,71717
20705,71739,71749
345189,71770,71778
5606,71800,71810
13479,71835,71845
20739,71871,71877
345288,71902,71908
345294,71935,71941
20243,71969,71975
14263,72015,72023
345322,72053,72061
17488,72115,72119
17489,72171,72181
17474,72216,72222
254465,72252,72260
462504,72283,72291
150913,72319,72325
116276,72351,72359
56876,72384,72390
122778,72546,72552
424618,72636,72644
54952,72676,72686
347012,72707,72715
348404,72744,72754
542774,72777,72783
534678,72806,72814
493364,72836,72844
54948,72878,72884
347716,72907,72915
479,72941,72951
338563,73007,73015
921012,73568,73576
348097,73604,73608
348146,73634,73640
55692,73678,73686
338572,73712,73718
150715,74777,74787
535137,74814,74820
119965,74845,74855
347924,74891,74895
305125,74922,74932
2325,75008,75018
2295,75041,75047
355318,75079,75083
54984,75112,75120
346311,75145,75151
346314,75186,75190
348860,75220,75226
17036,75250,75256
354301,75287,75295
17076,75331,75335
151300,75365,75371
264565,75398,75402
689035,75429,75437
814965,75459,75467
689567,75491,75495
625831,75524,75530
160574,75640,75646
55021,75671,75675
55027,75775,75783
1314,75821,75827
73593,75913,75923
354221,75946,75954
354225,76002,76008
354228,76060,76068
539421,76092,76100
354243,76124,76130
303794,76185,76193
86778,76242,76248
750443,76273,76279
86714,76319,76329
816420,76351,76359
537042,76536,76544
21052,76575,76581
86808,76723,76731
54260,76753,76761
54252,76799,76809
56608,76873,76879
147728,76902,76910
345644,76945,76951
854,76976,76980
54187,77041,77049
345675,77076,77082
23444,77120,77126
345683,77151,77157
67712,77190,77198
116450,77227,77233
698835,77256,77264
431238,77355,77361
142785,77416,77422
709835,77445,77453
21434,77513,77517
152793,77546,77552
348323,77595,77601
348335,77625,77635
544673,77657,77665
21967,77695,77699
55096,77724,77730
56620,77758,77766
152072,77799,77809
542332,77830,77840
317395,77893,77903
1487,77925,77931
275822,77960,77964
2834,77997,78005
289265,78049,78057
384065,78088,78094
54275,78136,78142
410267,78289,78293
321585,78341,78347
854,78372,78378
54187,78448,78458
345666,78500,78504
55113,78531,78541
804,78570,78576
95666,78605,78609
341931,78638,78646
198879,78689,78695
540413,78721,78731
195333,78800,78808
195332,78834,78842
86649,78872,78880
86678,78909,78917
80726,78942,78950
80737,78990,78994
80663,79024,79032
3242,79060,79070
401431,79103,79107
3254,79132,79140
15755,79162,79172
311806,79201,79209
19697,79247,79253
539106,79280,79284
690619,79309,79317
540660,79366,79374
503343,79397,79405
74957,79757,79765
690315,79786,79796
538328,79821,79825
413504,79850,79858
144586,79886,79890
19673,79916,79920
56063,79951,79957
56051,79987,79993
346358,80016,80024
345131,80047,80053
184010,80079,80087
80069,80112,80118
345064,80142,80150
148012,80173,80179
19752,80209,80217
5124,80241,80245
5136,80277,80285
424555,80314,80318
354247,80347,80357
270905,80421,80429
270886,80464,80472
20309,80514,80524
84969,80549,80557
346831,80582,80590
20282,80618,80622
84998,80717,80727
760468,80748,80756
741644,80784,80792
346013,80813,80823
535055,80845,80851
345910,80881,80891
535437,80920,80928
764779,80960,80966
764777,80989,80999
56898,81026,81030
273767,81058,81066
84244,81098,81102
3124,81125,81135
544936,81159,81165
3126,81199,81207
386568,81231,81235
3126,81260,81266
386569,81291,81299
329155,81328,81332
55289,81379,81387
338048,81410,81416
331858,81495,81501
542606,81545,81553
329825,81624,81628
276392,81661,81669
329831,81712,81718
273810,81741,81749
351223,81785,81795
84181,81821,81829
352274,81872,81880
302523,81912,81918
202247,81969,81975
4655,82008,82018
4664,82038,82048
297884,82069,82077
349003,82100,82106
653965,82138,82144
3618,82211,82217
564117,82246,82254
17386,82331,82335
582378,82368,82376
57065,82435,82443
4064,82485,82493
4104,82527,82535
342331,82557,82567
152632,82593,82599
4093,82630,82638
481531,82682,82686
