383201,84,90
146966,442,450
383201,533,541
383205,715,723
383201,794,800
383204,1808,1816
342292,1838,1846
342383,1870,1874
144687,1898,1906
402579,1929,1937
403019,1959,1967
142390,1988,1998
67083,2021,2029
353337,22337,22343
206318,22392,22400
2068,22423,22431
539168,22456,22460
55440,22485,22495
149941,22518,22524
646412,22547,22555
15636,22578,22584
646408,22668,22676
15636,22697,22707
646408,22728,22736
15636,22819,22825
646408,22943,22951
15636,23036,23042
57221,23070,23080
690640,23106,23112
503343,23136,23144
54689,23173,23179
428531,23203,23211
146966,23234,23240
55349,23268,23274
428262,23297,23305
86887,23327,23337
149274,23362,23368
351252,23395,23399
122593,23424,23430
755922,23454,23460
611103,23491,23499
756118,23522,23530
427714,23552,23560
343401,23590,23594
55394,23620,23626
544223,23648,23658
144616,23684,23688
149279,23722,23730
649802,23760,23768
350159,23791,23801
115837,23827,23835
300559,23857,23865
115796,23886,23896
342871,23921,23925
57222,23949,23957
343674,23981,23989
54590,24013,24023
15744,24048,24054
350412,24079,24087
3230,24111,24117
290950,24183,24191
350266,24216,24220
316851,24247,24253
2005,24280,24288
55449,24345,24351
402496,24374,24382
2015,24414,24418
15778,24444,24452
353331,24479,24489
141817,24518,24526
15766,24553,24561
2048,24586,24592
142197,24618,24622
198783,24648,24654
529945,24696,24704
342383,24739,24745
755862,24774,24782
54601,24805,24811
383195,24836,24844
57233,24867,24875
55419,24917,24925
1146,24948,24956
692989,24978,24986
149909,25068,25074
55353,25097,25105
544163,25129,25135
351360,25174,25182
861203,25207,25215
351419,25241,25249
351430,25274,25280
684616,25304,25312
58,25339,25345
309812,25369,25377
345595,25500,25506
289323,25529,25537
402556,25566,25572
349673,25623,25631
350718,25654,25662
5783,25715,25719
256659,25744,25752
544103,25773,25783
351364,25808,25812
351361,25839,25845
311834,25879,25883
55351,25907,25917
298972,25941,25949
350891,25971,25979
544200,26003,26007
115796,26073,26081
682279,26109,26115
19685,26148,26158
402478,26184,26192
541460,26250,26256
419401,26281,26287
143773,26314,26320
263823,26359,26367
311899,26438,26446
263810,26471,26479
263825,26501,26509
354322,26534,26544
16556,26567,26575
353975,26606,26612
312198,26635,26645
689831,26677,26681
371935,27008,27016
689791,27042,27046
689832,27075,27085
689838,27108,27114
689799,27140,27148
19698,27191,27199
762410,27224,27228
55441,27253,27261
311820,27287,27295
2063,27371,27375
353339,27415,27423
7080,27455,27463
350786,27491,27497
20899,27519,27529
355505,27673,27679
94,27715,27721
543290,27745,27753
7159,27775,27783
355483,27812,27816
7193,27843,27851
115917,27887,27893
115972,27948,27956
308399,27984,27992
570995,28017,28025
147753,28053,28059
323755,28098,28106
403096,28128,28136
343775,28347,28357
403094,28380,28386
339259,28433,28437
531384,28462,28468
324681,28529,28533
823428,28556,28566
466615,28606,28616
289079,28674,28684
537421,28746,28756
647522,28785,28795
323749,28837,28845
287709,28867,28877
287714,28931,28939
164311,29017,29023
545659,29046,29054
5686,29076,29084
54636,29108,29114
20735,29142,29150
345251,29175,29181
13482,29211,29219
341762,29247,29253
20732,29286,29292
54827,29348,29358
54844,29429,29435
20783,29460,29468
20781,29497,29503
652052,29531,29539
832756,29567,29573
148286,29607,29611
53815,29640,29650
147330,29708,29714
67637,29737,29745
147340,29827,29833
641950,29860,29864
147349,30052,30060
683852,30092,30096
53811,30133,30141
798521,30164,30170
798517,30209,30219
484540,30267,30275
125845,30303,30307
374052,30333,30339
124965,30452,30458
68750,30511,30521
55185,30545,30551
547958,30576,30582
305179,30605,30613
74665,30647,30651
564532,30682,30690
698510,30721,30727
337990,30751,30759
306948,30787,30791
338509,30826,30832
340528,30855,30863
564368,30893,30901
2422,30925,30929
2424,30962,30968
300307,31021,31029
8066,31052,31058
300309,31090,31096
337991,31121,31127
225496,31218,31226
76109,31254,31260
2656,31330,31338
55168,31385,31393
121058,31451,31457
534221,31502,31508
685404,31570,31576
181609,31651,31661
181613,31753,31761
55128,31796,31804
55139,31848,31854
17727,31886,31894
17729,31925,31931
341920,31955,31963
23320,31985,31995
55103,32017,32023
81049,32051,32061
17827,32086,32094
341924,32122,32128
95611,32257,32265
23150,32288,32294
6940,32375,32383
342272,32417,32421
762719,32521,32531
86701,32566,32572
540707,32615,32623
55156,32657,32663
23156,32762,32772
812224,32797,32807
1030,32836,32842
57862,32875,32881
813777,32916,32924
345573,33007,33015
210740,33038,33044
210720,33133,33137
351645,33162,33172
672,33194,33202
271496,33227,33231
147253,33260,33264
147513,33348,33356
148872,33379,33385
20849,33428,33434
1134,33457,33465
62,33487,33495
1134,33519,33523
328030,33551,33555
541008,33582,33588
6981,33618,33624
538256,33666,33676
147086,33770,33778
141424,33876,33886
110207,33906,33916
141461,33948,33956
392326,33984,33994
290757,34018,34024
491831,34048,34058
350256,34081,34089
21868,34112,34120
21852,34143,34151
119335,34213,34223
286663,34251,34257
286676,34297,34303
537208,34339,34345
890081,34416,34424
537179,34520,34526
343895,34573,34581
56455,34605,34611
345751,34635,34641
164491,34666,34672
316266,37104,37110
21490,37307,37313
80079,37339,37345
474020,37373,37383
798498,37405,37411
648541,37507,37515
87226,37538,37546
87343,37570,37576
87314,37614,37622
56238,38020,38026
348922,38052,38058
117811,38082,38092
80140,38113,38123
86291,38145,38151
543915,38288,38294
346062,38318,38326
117640,38378,38384
56216,38409,38417
317859,38439,38449
3218,38478,38486
6746,38509,38515
771137,38545,38553
262814,38580,38584
289219,38678,38684
318202,38710,38714
487059,38741,38749
770541,38772,38778
568208,38810,38818
352084,38841,38849
349547,38919,38925
5962,38966,38970
85266,38995,39003
5890,39033,39041
346335,39064,39072
629164,39198,39208
543536,39236,39242
419657,39271,39277
535472,39301,39307
464200,39341,39349
695232,39372,39378
337957,39417,39421
269053,39446,39452
350968,39507,39515
535580,39539,39545
277324,39568,39576
535448,39604,39608
350660,39637,39647
329822,39682,39690
350341,39715,39719
535419,39748,39756
543565,39827,39837
351290,39867,39875
481413,39902,39906
351300,39947,39951
329819,39987,39991
329123,40018,40026
351708,40086,40096
151196,40118,40128
57465,40151,40155
267903,40262,40270
770290,40293,40301
110432,40349,40357
538361,40380,40390
57815,40418,40424
976,40467,40471
84692,40515,40519
151826,40552,40562
344252,40584,40594
20432,40623,40629
57752,40686,40694
20407,40716,40724
20418,40758,40764
20238,40786,40796
113109,40820,40828
113114,40854,40858
56517,40914,40918
148923,40955,40959
4688,40989,40995
86437,41026,41032
352174,41061,41069
56623,41092,41098
200834,41124,41130
352195,41153,41163
815361,41210,41218
1001472,41299,41305
203228,41470,41476
203243,41504,41514
416608,41541,41545
4572,41578,41586
7210,41622,41628
20975,41654,41662
265,41694,41702
80389,41728,41734
532293,41763,41767
538998,41794,41798
18205,41824,41830
861898,41900,41908
605768,41943,41947
707351,41974,41982
18196,42015,42025
353899,42068,42074
605399,42165,42173
684450,42200,42204
353877,42229,42235
605399,42286,42290
18196,42315,42321
908,42347,42353
18205,42378,42384
538949,42418,42426
338202,42448,42456
810291,42507,42515
810292,42604,42610
146660,42667,42675
20,42700,42706
655217,42729,42737
344710,42759,42767
394257,42826,42832
270686,42856,42862
56600,42890,42900
354620,42921,42931
201095,42955,42963
201134,43002,43010
201133,43050,43054
353392,43084,43092
146745,43128,43134
146623,43171,43177
7164,43232,43242
655803,43263,43271
7193,43295,43303
122351,43331,43339
17465,43364,43370
17498,43397,43403
347458,43438,43444
116029,43481,43489
345251,43518,43522
13482,43550,43560
341762,43588,43594
20732,43623,43629
54827,43692,43702
20546,43736,43744
2880,43771,43777
410289,43805,43811
4270,43861,43867
142418,43891,43897
126209,43920,43930
335488,43963,43969
126284,44025,44033
149369,44058,44066
695288,44115,44123
126269,44157,44165
568380,44191,44197
151148,44233,44241
126263,44298,44304
335491,44339,44349
126254,44384,44392
542485,44416,44424
142429,44449,44455
122085,44480,44488
122099,44525,44533
342635,44610,44618
278754,44648,44654
268191,44679,44683
290624,44712,44722
149471,44746,44752
343159,44785,44793
343168,44825,44833
341611,44855,44863
121314,45008,45016
12310,45055,45065
22828,45124,45130
57731,45155,45161
888069,45185,45191
593826,45220,45226
160068,45248,45258
345675,45290,45296
23444,45329,45337
67709,45361,45365
116450,45407,45411
345603,45437,45445
435550,45474,45478
345603,45627,45637
142814,45661,45669
345603,45698,45706
546082,45728,45736
23150,45761,45769
535875,45804,45810
384769,45840,45848
95614,45895,45899
95611,45926,45930
23152,45962,45966
6568,46014,46020
1384,46053,46063
5565,46105,46111
1090,46141,46145
683489,46172,46180
316872,46204,46208
316879,46234,46240
316872,46270,46278
692907,46307,46313
586455,46336,46344
413768,46451,46459
692909,46482,46490
819991,46515,46525
301356,46545,46555
5464,46580,46584
144633,46613,46621
392326,46648,46654
309647,46730,46740
2015,48430,48436
15778,48473,48483
7108,48513,48519
57192,48545,48551
7006,48576,48584
6431,48608,48616
2056,48640,48646
543012,48672,48678
403024,48701,48709
142352,48732,48738
541403,48781,48791
142390,48812,48820
353337,48842,48852
15774,48876,48882
80658,48916,48926
350947,48949,48955
350821,48978,48988
350841,49041,49047
350847,49077,49081
56044,49122,49130
56051,49155,49161
19651,49189,49195
117880,49225,49231
21583,49386,49394
21490,49772,49776
21505,49802,49806
474013,49840,49848
21497,49870,49878
1222,50024,50034
648541,50063,50071
655982,50098,50104
1222,50333,50341
117859,50373,50381
87210,50404,50414
117955,50437,50443
56222,50492,50498
289009,50523,50531
3215,50555,50559
6741,50584,50590
770950,50618,50624
771137,50658,50666
617808,50688,50696
262812,50756,50760
144615,50796,50802
348915,50826,50832
345101,50872,50880
345121,50903,50913
345690,50937,50943
56043,50965,50975
56069,51008,51014
350862,51043,51047
350848,51074,51080
350842,51116,51122
350828,51149,51155
710123,51184,51194
3251,51262,51272
3255,51297,51305
3230,51337,51345
290950,51371,51375
21733,51404,51410
21737,51557,51563
151211,51592,51600
141673,51654,51658
141630,51682,51690
57180,51711,51721
679512,51755,51759
151032,51813,51817
21865,51842,51850
21864,51871,51881
333666,51912,51920
80688,51944,51952
710860,51976,51980
110212,52011,52015
55716,52043,52051
338556,52101,52109
144589,52130,52140
540500,52162,52170
346486,52277,52285
1384,52362,52372
492265,52429,52437
346489,52459,52467
339,52491,52497
1040,52521,52529
343,52556,52562
23450,52609,52615
143237,52693,52699
347652,52818,52826
143260,52847,52857
152792,52945,52953
148369,52976,52984
143302,53008,53016
346980,53040,53046
692,53125,53131
23445,53156,53166
540478,53201,53209
662,53257,53263
347196,53286,53296
82691,53338,53346
55276,53369,53375
901,53436,53440
15667,53527,53535
182328,53559,53567
355505,53614,53620
80389,53644,53650
97,53677,53683
888327,53707,53715
351156,53738,53744
303762,53767,53775
146650,53855,53865
473530,53891,53895
887166,53921,53927
351638,53957,53965
762207,53989,53997
653999,54056,54062
14,54095,54105
161018,54130,54138
462805,54165,54173
200822,54195,54205
146650,54226,54236
200822,54309,54313
349637,54343,54347
351634,54375,54385
351638,54412,54418
351639,54444,54454
146660,54480,54484
661766,54513,54521
343722,54572,54582
343702,54611,54617
343714,54644,54650
56868,54772,54778
56869,54867,54873
146819,54950,54956
343717,54980,54990
343721,55042,55052
289005,55090,55096
342944,55123,55129
684575,55163,55169
342745,55203,55211
343291,55234,55240
117474,55263,55271
408,55302,55310
109816,55335,55341
98230,55372,55378
55375,55407,55413
6008,55441,55447
81739,55473,55481
351094,55508,55516
345146,55538,55546
56036,55567,55577
21480,55599,55605
147939,55634,55638
87364,55847,55855
424520,56069,56079
68078,56173,56179
68082,56201,56211
395684,56237,56245
424534,56271,56277
315783,56299,56309
644296,56338,56344
71045,56375,56381
21744,56410,56418
80551,56439,56449
184028,56469,56479
345087,56503,56513
547939,56543,56547
538270,56572,56578
354405,56603,56611
354578,56640,56644
346701,56672,56678
119329,56705,56709
106,56758,56766
54556,56835,56843
86627,56868,56874
396396,56904,56912
80748,57122,57130
761,57162,57172
55150,57196,57204
752,57233,57241
754,57271,57279
652199,57314,57318
348458,57352,57358
56737,57382,57388
556973,57425,57431
322890,57457,57463
1488,57515,57523
354718,57544,57554
1488,57607,57613
534635,57636,57644
166823,57668,57674
345617,57699,57705
539888,57730,57734
129502,57767,57773
57841,57848,57854
568195,57881,57887
86140,57918,57928
115964,57951,57957
120837,57981,57987
512712,58067,58073
147683,58106,58110
343048,58138,58144
582,58168,58176
545697,58214,58222
287707,58253,58259
287681,58282,58290
5686,58318,58324
347475,58365,58371
339022,58404,58412
651121,58435,58441
538470,58476,58484
694022,58507,58513
538464,58639,58649
694000,58672,58680
631619,58705,58711
343744,58745,58755
148877,58777,58783
346022,58830,58836
147723,58863,58867
14256,58893,58901
115905,58928,58934
355488,58958,58964
21020,58991,58997
7210,59022,59028
20994,59053,59059
265,59083,59093
397,59117,59123
355,59176,59184
374,59242,59248
20900,59270,59280
7098,59308,59318
288486,59339,59347
353337,64728,64734
812825,64797,64805
2048,64827,64835
350433,64861,64871
144687,64911,64917
148351,64940,64950
5744,65033,65037
308068,65063,65069
578364,65211,65215
55749,65239,65247
22615,65269,65279
404993,65302,65306
350493,65334,65340
350707,65366,65374
2053,65398,65404
430882,65431,65439
57593,65463,65471
87162,65494,65502
407563,65537,65543
144691,65567,65575
2057,65599,65605
144698,65632,65636
17517,65659,65669
351653,65697,65703
308052,65729,65737
351822,65763,65767
55747,65849,65853
110593,65881,65887
55751,65964,65968
5160,66031,66039
351888,66075,66083
6374,66106,66112
697335,66137,66143
167955,66169,66177
661424,66241,66251
353870,66279,66285
108936,66309,66315
5156,66381,66391
353876,66415,66423
690670,66445,66453
15667,66478,66484
652300,66510,66516
730,66546,66554
9814,66577,66585
55146,66658,66664
109753,66697,66701
745,66728,66734
55110,66803,66811
1496,66837,66845
355938,66870,66878
343971,66944,66954
343977,66977,66987
344033,67009,67015
147604,67048,67052
55142,67077,67083
15883,67118,67128
5420,67173,67179
147720,67205,67213
1384,67248,67254
86701,67297,67307
23156,67368,67376
690801,67399,67409
812224,67437,67445
1030,67526,67530
1131,67571,67581
57862,67626,67636
351573,67703,67709
2043,67738,67746
343912,67787,67795
351620,67821,67829
57612,67858,67864
17516,67892,67900
351653,67962,67968
308052,68035,68039
350657,68066,68070
82771,68095,68103
547900,68130,68136
578364,68268,68274
431001,68357,68363
566122,68418,68422
350493,68447,68453
350704,68501,68509
350707,68532,68538
861529,68578,68586
430882,68665,68675
206386,68721,68731
82796,68799,68807
82800,68873,68879
350083,69028,69034
2057,69107,69115
2062,69171,69181
864314,69203,69209
6994,69235,69243
350168,69269,69275
141424,69318,69326
1111,69357,69365
57854,69393,69399
144649,69431,69435
5465,69467,69477
144649,69501,69505
353180,69529,69537
141461,69563,69567
144637,69593,69599
15778,69634,69642
67085,69682,69690
812825,69713,69719
350433,69760,69766
181461,69794,69802
198783,69831,69841
288635,69864,69870
55411,69912,69920
142560,69945,69949
691876,69976,69980
350896,70005,70013
350891,70042,70048
460310,70116,70124
2067,70147,70155
342871,70184,70192
403014,70216,70220
74955,70246,70252
54694,70280,70286
312210,73821,73831
350902,73851,73861
115788,73886,73892
351254,73918,73924
755921,73952,73956
5967,74009,74013
342838,74036,74046
144674,74076,74084
2180,74109,74115
342738,74139,74145
17818,74169,74177
1655,74201,74205
184055,74231,74235
1551,74260,74266
354407,74290,74296
354437,74337,74343
684334,74369,74373
2221,74406,74416
261335,74441,74447
150309,74478,74488
17032,74514,74524
346305,74547,74555
346310,74581,74585
16577,74626,74630
16581,74676,74680
2324,74703,74713
347928,74738,74744
150725,74774,74780
305111,74945,74951
348819,74987,74995
403226,75017,75027
2330,75092,75100
818903,75123,75133
655146,75159,75165
313150,75187,75197
150849,75218,75226
643173,75885,75891
642780,75915,75921
150853,75946,75952
824566,75975,75983
541426,76004,76014
541431,76043,76053
348852,76079,76087
122434,76117,76123
16744,76162,76168
16788,76198,76204
341443,76232,76242
148859,76273,76279
341450,76305,76311
17109,76340,76346
17469,76374,76378
355482,76405,76413
652117,76436,76442
7210,76467,76473
265,76516,76522
355497,76547,76551
355,76584,76588
374,76685,76695
6974,76718,76724
1139,76747,76755
7116,76785,76789
654610,76812,76822
151955,76844,76850
152791,76874,76880
142390,77008,77016
141817,77044,77052
15774,77074,77084
341972,77106,77114
564550,77141,77145
151211,77219,77223
141687,77251,77257
545474,77478,77486
151220,77710,77716
545474,78094,78100
21727,78122,78132
151220,78170,78180
539590,78200,78210
341973,78234,78238
3241,78265,78269
2063,78351,78359
430839,78384,78388
353471,78414,78420
142363,78443,78451
67088,78473,78481
142302,78529,78535
206321,78563,78567
353337,79420,79428
206318,79508,79516
350433,79547,79553
560682,79578,79586
144698,79609,79617
2024,79662,79670
699917,79695,79701
288505,79724,79732
206468,79826,79832
17517,79859,79867
142408,79893,79901
262293,79925,79929
55747,79974,79980
351829,80002,80012
351872,80035,80043
5156,80067,80073
6370,80098,80106
351907,80132,80138
168180,80170,80174
547866,80358,80364
546610,80388,80396
18550,80422,80428
75243,80462,80468
649860,80507,80515
307272,80536,80546
540095,80575,80581
34,80616,80622
353765,80652,80656
153830,80685,80693
54443,80723,80731
86892,80755,80765
149403,80786,80794
354889,80829,80839
562112,80866,80872
355728,80902,80912
684398,80935,80943
115872,80977,80981
121258,81154,81158
355700,81200,81204
210745,81501,81507
226885,81533,81543
2135,81575,81583
2136,81625,81633
98249,81654,81664
343537,81689,81693
342731,81721,81729
1627,81753,81759
343557,81782,81790
353654,81814,81822
353671,81850,81854
14690,81882,81892
536714,81915,81923
1639,82136,82144
354350,82168,82176
354373,82598,82604
113105,82632,82638
113109,82663,82667
57770,82700,82708
56517,82748,82756
4688,82785,82791
345432,82815,82823
345403,82846,82854
429803,82876,82886
17499,82910,82920
347457,82941,82949
116029,82974,82982
20741,83007,83015
345251,83064,83074
13486,83097,83105
20732,83127,83135
54827,83164,83170
54844,83213,83217
164230,83242,83248
652052,83272,83278
15175,83304,83310
148286,83344,83354
22925,83384,83388
54718,83418,83426
654228,83463,83471
285,83498,83506
354039,83530,83536
7189,83559,83567
486230,83596,83600
148721,83625,83633
148740,83656,83664
148731,83739,83747
334245,83773,83777
334249,83811,83819
181618,83841,83851
486162,83872,83880
7184,83904,83910
15563,83954,83960
17451,83993,84001
181305,84030,84038
413865,84067,84077
78928,84150,84156
79003,84180,84188
78928,84211,84221
78922,84254,84260
78928,84335,84343
79003,84549,84557
762834,84639,84645
413863,84671,84679
337899,84704,84712
862585,84739,84743
15059,84807,84817
12454,84866,84872
144822,84926,84930
152067,84984,84988
15307,85057,85063
54358,85087,85095
343526,85118,85124
12565,85157,85165
11677,85195,85199
15894,85225,85235
530530,85259,85265
149529,85352,85360
340323,85382,85390
56686,85414,85420
54706,85503,85509
340587,85531,85541
340632,85621,85631
15917,85679,85687
278405,85752,85760
396478,85782,85790
149318,85814,85824
149529,85847,85851
149957,85908,85914
651124,85941,85949
340337,85985,85993
340336,86022,86028
53864,86060,86064
148116,86100,86106
340294,86132,86140
178677,86162,86172
54706,86199,86205
340587,86263,86269
340632,86357,86363
