13497,506,512
13496,624,632
538372,717,727
54404,753,763
17838,800,806
539599,833,837
537342,864,870
313964,897,905
339637,928,936
191282,969,975
323545,1034,1038
5617,1064,1070
345213,1096,1100
14216,1127,1133
345290,1160,1166
14245,1214,1222
355479,1247,1253
21019,1279,1283
7210,1312,1318
265,1346,1354
397,1385,1393
374,1481,1487
6974,1511,1517
350888,1540,1550
419805,1572,1578
350749,1600,1610
350762,1702,1708
6981,1735,1739
141424,1763,1771
57845,1796,1800
756413,1824,1832
351573,1866,1874
2040,1898,1908
343912,1929,1939
421413,1962,1966
144109,1992,2000
309220,2047,2051
122229,2076,2084
701135,2162,2172
696722,2193,2201
349658,2225,2231
349659,2255,2263
57818,2287,2293
402541,2320,2328
57828,2355,2363
1097,2384,2394
57821,2414,2424
540431,2447,2453
431468,2476,2486
17661,2520,2526
15662,2551,2557
182328,2583,2591
355505,2643,2649
289209,2673,2679
21021,2705,2709
355483,2736,2746
7200,2771,2777
17464,2802,2810
17499,2836,2842
347844,2867,2873
20741,2903,2907
13482,2940,2946
20707,2985,2995
54412,3021,3029
380478,3054,3060
342458,3084,3092
541669,3113,3123
308972,3145,3153
148173,3279,3287
342688,3400,3406
150864,3432,3436
148155,3464,3470
342457,3492,3502
340788,3526,3532
181207,3556,3564
345187,3589,3595
5606,3624,3630
538373,3654,3662
21251,3690,3696
17838,3761,3767
606808,3789,3799
694518,3853,3857
694516,3923,3929
694518,4004,4008
537342,4035,4039
694516,4131,4141
694518,4212,4220
694516,4270,4276
694518,4334,4340
537342,4366,4370
694516,4465,4473
694518,4516,4524
537352,4562,4570
690247,4725,4735
339305,4757,4763
129490,4786,4794
321585,4820,4826
1491,4862,4866
1456,4890,4898
868,4920,4928
350289,4968,4974
541067,4998,5004
539214,5044,5052
86807,5074,5082
351154,5106,5110
345624,5138,5144
345626,5174,5180
147710,5204,5212
345644,5237,5247
54085,5268,5278
384080,5301,5309
2380,5343,5349
683554,5381,5389
537386,5419,5423
623892,5449,5457
7403,5479,5489
537327,5515,5521
7450,5569,5577
537355,5600,5608
7450,5675,5683
148341,5826,5830
323102,5857,5861
54275,5887,5893
321592,5920,5924
1491,5963,5967
410264,5993,5997
4530,6022,6030
54253,6059,6069
54257,6101,6109
539214,6132,6138
146623,6173,6179
351154,6204,6212
345624,6235,6241
56608,6266,6274
55222,6298,6302
275822,6325,6335
683911,6366,6374
384080,6400,6408
654251,6461,6467
57735,6490,6498
693972,6524,6530
537359,6555,6565
693997,6591,6597
7415,6622,6630
7450,6670,6678
324060,6840,6844
75165,6872,6880
693972,6925,6935
693973,6990,6996
7403,7020,7026
693997,7052,7058
694174,7083,7087
539382,7111,7119
339624,7147,7155
859977,7179,7189
812539,7210,7218
21250,7290,7298
723265,7323,7327
339655,7351,7359
684342,7385,7391
610559,7414,7422
4339,7444,7452
307052,7476,7484
151042,7507,7513
53959,7537,7545
55181,7568,7578
337057,7681,7687
685047,7869,7879
338540,7902,7908
338546,7931,7941
870245,7968,7974
151377,8008,8014
338490,8039,8045
684021,8069,8077
6234,8125,8129
336973,8154,8162
1680,8187,8193
54121,8219,8225
336940,8249,8255
337049,8282,8286
53956,8323,8329
484399,8396,8404
690606,8426,8434
54885,8458,8462
695025,8487,8493
690572,8518,8522
1485,8549,8557
346,8579,8589
537353,8611,8617
339295,8648,8652
21234,8682,8692
339302,8713,8721
537355,8755,8765
7450,8786,8794
537392,8817,8825
57737,8849,8855
150203,8897,8903
20510,8940,8946
345292,8985,8993
345301,9023,9027
164099,9056,9066
54540,9088,9094
20367,9123,9133
345451,9157,9161
57788,9193,9199
1512,9226,9232
56496,9257,9263
20408,9291,9299
20414,9333,9339
20419,9383,9389
344241,9412,9420
200371,9448,9458
84694,9495,9501
1012,9526,9534
690246,9652,9662
151818,9685,9689
57802,9715,9723
57795,9750,9758
84686,9784,9790
151826,9820,9824
531889,9848,9856
20432,9888,9898
57752,9943,9949
116446,9974,9980
684494,10009,10013
81627,10037,10045
57770,10070,10076
56519,10102,10106
20377,10133,10141
345432,10163,10171
147095,10193,10201
54742,10226,10230
429803,10255,10261
644758,10288,10294
13122,10317,10325
20509,10349,10353
2378,10418,10424
683554,10451,10455
537386,10484,10490
693972,10520,10530
537359,10587,10597
694023,10622,10628
694184,10655,10659
148342,10685,10693
57735,10717,10723
693972,10825,10831
693973,10864,10874
623915,10895,10903
7400,10926,10932
537355,10959,10967
537391,11000,11006
148342,11031,11037
150203,11084,11090
20510,11126,11136
345292,11172,11178
20243,11203,11209
17488,11239,11249
198038,11281,11291
533071,11323,11327
2731,11351,11359
347936,11380,11390
533424,11427,11437
54372,11458,11466
1442,11507,11517
535126,11539,11547
402792,11570,11576
16882,11601,11607
150761,11637,11641
395129,11667,11673
534022,11697,11703
206231,11747,11757
348078,11786,11792
348095,11814,11824
348146,11852,11856
651401,11879,11889
430240,11914,11922
410252,11954,11960
2960,11986,11990
355574,12016,12020
16805,12046,12052
16744,12077,12085
339613,12109,12113
540517,12138,12146
290512,12194,12204
15828,12237,12243
453065,12267,12273
340025,12297,12307
535174,12329,12335
308377,12362,12370
532618,12395,12401
532619,12529,12537
13383,12565,12569
290695,12600,12608
421540,12638,12648
533020,12668,12678
269250,12703,12707
269267,12878,12884
269261,12924,12928
269252,12954,12960
340618,12997,13007
5290,13045,13051
341100,13075,13083
56151,13130,13138
12311,13161,13167
1272,13190,13198
685400,13219,13229
178534,13254,13258
13457,13292,13300
4457,13323,13329
381271,13355,13363
13472,13444,13452
332720,13475,13483
340225,13556,13560
545010,13589,13593
13486,13621,13627
20707,13650,13658
54827,13706,13714
54844,13768,13774
164230,13806,13810
116632,13836,13840
832756,13867,13871
651840,13898,13902
22925,13939,13945
54718,13971,13981
654228,14005,14013
167473,14043,14049
167252,14072,14082
120666,14108,14112
543861,14141,14147
886945,14172,14182
886946,14284,14294
145495,14330,14336
486158,14365,14369
486162,14397,14401
7186,14429,14435
181614,14462,14466
652147,14491,14497
120917,14526,14534
68765,14569,14579
68770,14615,14619
4410,14668,14672
55168,14703,14711
784638,14736,14740
685404,14777,14787
181613,14839,14845
55139,14876,14880
541218,14904,14912
433841,14938,14944
141515,15091,15099
53980,15122,15132
237724,15159,15165
435,15193,15197
537386,15269,15279
693973,15299,15309
694023,15334,15340
7450,15422,15428
683554,15463,15467
537386,15492,15500
693972,15543,15549
537359,15576,15580
7400,15604,15612
690233,15649,15653
148342,15680,15688
75160,15715,15723
435,15748,15756
268140,15780,15788
5641,15845,15851
141515,15910,15916
338757,15942,15950
435,15973,15979
756,16020,16024
693974,16047,16057
623892,16081,16089
7399,16113,16119
7450,16147,16153
537392,16176,16186
53950,16208,16216
166827,16238,16248
275824,16271,16279
534635,16304,16310
57840,16336,16344
12973,16369,16375
862210,16408,16414
12974,16449,16455
600824,16481,16491
12974,16544,16554
695068,16577,16581
12974,16636,16640
600824,16665,16673
12973,16699,16705
12974,16812,16816
695069,16841,16847
12973,16882,16888
12974,16931,16941
600824,16966,16974
12973,16999,17009
12974,17047,17055
57840,17078,17084
868,17121,17127
546582,27350,27354
369353,27382,27386
146738,27592,27598
353395,27622,27630
201131,27660,27666
7149,27690,27700
354232,27721,27729
200719,27763,27769
56623,27806,27810
56624,27835,27845
540535,27870,27874
148933,27900,27906
297409,27940,27948
6100,27975,27983
57794,28037,28041
56496,28075,28083
535091,28106,28112
20410,28141,28147
20414,28177,28185
57766,28241,28249
159276,28274,28282
20458,28352,28362
346741,28391,28399
270876,28428,28434
346760,28458,28464
20305,28496,28502
267858,28538,28548
9820,28587,28595
57129,28621,28629
586739,28664,28674
116435,28706,28712
320073,28739,28747
763105,28783,28787
607900,28821,28827
262838,28850,28860
149830,28881,28891
599122,28946,28956
571236,29011,29017
56265,29039,29049
572164,29070,29078
147424,29115,29123
84887,29160,29168
84919,29206,29212
20296,29241,29251
147091,29282,29286
164091,29324,29328
537281,29353,29359
20453,29389,29395
84829,29419,29425
159283,29455,29463
57752,29547,29553
20406,29578,29586
855618,29611,29617
20418,29668,29676
20238,29734,29738
81627,29775,29783
532124,29806,29814
113114,29853,29859
57778,29884,29888
56517,29917,29925
4688,29951,29957
20376,29991,30001
147095,30036,30044
54742,30076,30082
54743,30110,30114
345330,30137,30147
17498,30175,30185
347458,30216,30220
116029,30255,30263
345251,30288,30294
13482,30324,30330
341762,30359,30365
20732,30390,30398
54827,30446,30456
54844,30521,30529
164230,30563,30573
116632,30604,30612
832757,30638,30642
148286,30683,30693
273798,30724,30730
15065,30767,30777
15060,30806,30814
19468,30845,30855
67713,30888,30894
799060,30934,30944
334238,30966,30974
19621,30996,31004
334238,31027,31035
53997,31101,31109
315459,31163,31171
148078,31205,31211
407198,31240,31244
753783,31267,31277
335164,31379,31385
335197,31414,31420
543640,31469,31477
277650,31502,31508
623586,31638,31648
693340,31673,31683
1698,31721,31729
54477,31804,31812
1718,31844,31854
535081,31886,31892
53930,31915,31923
413508,31944,31954
53938,31981,31985
695876,32012,32018
799058,32053,32061
68737,32095,32101
12454,32136,32144
144826,32169,32173
144822,32234,32238
152067,32288,32294
15304,32322,32330
55638,32354,32358
343530,32388,32396
12565,32429,32435
54346,32458,32468
11725,32597,32603
55936,32673,32681
55939,32726,32732
13117,32778,32788
50509,32897,32901
11757,32931,32937
268210,32977,32985
533971,33010,33018
254988,33043,33051
343500,33073,33081
343495,33104,33110
267062,33134,33140
119462,33165,33171
161563,33195,33201
347170,33225,33231
347870,33256,33260
161557,33346,33352
397161,33424,33428
347195,33504,33512
119464,33534,33544
12107,33579,33585
532708,33618,33622
11743,33651,33657
768972,33682,33692
462005,33718,33726
462006,33773,33783
149510,33846,33850
347980,33877,33881
372497,33908,33912
372502,33938,33944
164100,34205,34215
11591,34282,34292
345798,34390,34394
55829,34478,34484
11572,34508,34514
11726,34542,34548
149892,34583,34591
54345,34635,34645
343531,34668,34674
289786,34716,34726
50503,34753,34761
335585,34801,34805
19598,34834,34840
651822,34865,34869
12447,34897,34903
15072,34929,34933
22934,34960,34970
54718,35009,35017
654228,35052,35058
54244,35085,35089
7191,35114,35124
148714,35149,35157
886876,35181,35191
2662,35212,35220
886898,35252,35262
148740,35286,35294
886899,35331,35339
545074,35365,35371
145428,35399,35409
7187,35432,35438
537021,35463,35471
15563,35515,35521
17451,35547,35553
6286,35577,35583
15039,35610,35614
15059,35656,35664
19468,35692,35702
19603,35776,35784
334254,35820,35828
53997,35865,35871
148078,35911,35919
144775,35942,35948
54003,35971,35979
451905,36177,36185
401187,39124,39130
53943,39168,39174
53928,39233,39237
654260,39267,39271
315449,39305,39309
144743,39336,39346
144775,39369,39377
147223,39405,39409
452012,39511,39519
705697,39605,39613
334238,39638,39644
695876,39670,39676
19628,39702,39708
54709,39737,39741
336572,39771,39779
15071,39807,39811
15002,39860,39864
54243,39902,39912
798519,39945,39949
289335,39977,39983
53817,40008,40016
568702,40046,40052
419588,40097,40101
57915,40126,40134
444851,40163,40167
419583,40197,40203
567703,40237,40243
267403,40270,40278
444021,40316,40324
567703,40498,40504
147266,40535,40545
147262,40570,40578
690323,40606,40610
1728,40638,40642
547957,40671,40679
336604,40701,40709
74665,40737,40743
564532,40768,40772
698510,40799,40807
151242,40840,40846
148619,40869,40877
564368,40903,40909
300303,40936,40944
491009,40970,40978
548112,41006,41012
343251,41044,41048
306423,41093,41097
311424,41124,41132
148586,41158,41164
690680,41186,41196
690677,41218,41224
83686,41256,41262
311386,41286,41292
698408,41561,41567
683481,41600,41604
20836,41636,41642
161159,41666,41672
20801,41702,41706
55125,41734,41744
54093,41766,41772
341263,41796,41802
326731,41825,41833
2385,41861,41865
621562,42157,42167
646714,42195,42199
95793,42223,42231
649814,42261,42265
20800,42292,42298
580102,42448,42456
427575,42479,42487
6518,42574,42584
341327,42605,42615
22837,42645,42653
141515,42676,42684
237744,42766,42774
53980,42796,42804
341331,42834,42842
54163,42875,42883
593826,42927,42933
160072,42957,42963
148191,42988,42992
571466,43039,43043
861301,43099,43103
347196,43298,43306
82691,43341,43349
727,43403,43411
338647,43464,43472
695453,43494,43502
349213,43537,43545
349247,43566,43576
349222,43621,43629
331710,43652,43660
79365,43688,43692
695464,43717,43723
353624,43748,43752
349234,43777,43785
21375,43832,43838
349248,43868,43874
54617,43902,43906
10358,44021,44029
321440,44053,44063
321452,44092,44098
277839,44127,44135
4561,44164,44172
345624,44193,44203
567849,44233,44241
350297,44522,44530
54253,44561,44569
12704,44593,44599
539214,44634,44642
203268,44671,44677
354620,44701,44707
303794,44780,44784
546582,46176,46186
819488,46212,46220
146623,46262,46270
7164,46324,46330
888307,46356,46362
14268,46389,46397
122351,46426,46436
267375,46459,46469
17499,46496,46502
347457,46533,46543
116029,46572,46578
20745,46606,46610
13482,46652,46658
341762,46688,46694
20732,46725,46733
54827,46792,46800
54844,46871,46879
20783,46902,46908
20781,46935,46941
116632,46965,46971
273835,46998,47002
148286,47045,47051
273798,47084,47092
15065,47117,47125
15060,47153,47161
19468,47200,47206
117588,47231,47237
799060,47267,47275
53997,47315,47323
315459,47354,47360
148078,47447,47451
289274,47476,47482
