290812,22,32
12765,154,160
55809,183,191
290817,213,221
149964,248,256
255626,282,286
206283,316,320
11847,346,354
206373,390,400
12282,424,434
539958,467,477
685642,522,532
22828,712,722
53945,762,770
339620,795,799
339624,824,830
859979,859,865
339633,890,894
690225,918,928
17838,1032,1038
694446,1089,1093
339635,1134,1142
54403,1167,1177
161312,1199,1205
1483,1233,1239
693850,1262,1270
539420,1342,1350
341194,1466,1472
693956,1495,1505
343047,1526,1534
484320,1946,1952
159562,1978,1988
54569,2008,2018
694005,4082,4088
484333,4128,4136
7688,4158,4166
534529,4188,4196
338168,4218,4226
340793,4249,4257
2421,4288,4292
4444,4323,4333
181609,4361,4367
181613,4395,4403
55139,4434,4440
17729,4467,4475
86556,4498,4504
76594,4544,4552
76601,4575,4581
195325,4620,4624
86643,4661,4669
531936,4690,4700
80726,4733,4739
80737,4781,4785
81359,4815,4819
342681,4844,4850
342609,4873,4881
76625,4906,4914
80536,4951,4957
152487,4993,5001
159932,5041,5051
159940,5104,5114
343762,5142,5150
849558,5173,5179
354578,5203,5211
346700,5232,5242
80704,5268,5278
106,5299,5309
54556,5351,5357
86633,5387,5393
396395,5419,5425
546682,5448,5458
86666,5481,5487
83586,5528,5534
86608,5559,5565
195370,5599,5607
81078,5637,5643
17726,5685,5695
341916,5727,5733
4454,5758,5768
546498,5793,5797
83680,5823,5831
17819,5859,5865
338469,5898,5904
81864,5936,5944
545613,5969,5975
685573,30924,30928
545525,30956,30964
20674,30989,30999
651861,31033,31041
532131,31067,31073
892955,31106,31114
20706,31161,31169
345187,31198,31206
345200,31254,31260
5606,31284,31292
13476,31319,31325
345223,31351,31355
14216,31383,31391
14225,31417,31423
698477,31459,31465
13137,31687,31693
22748,31727,31733
120564,31775,31779
21232,31830,31836
86586,31858,31868
146874,31896,31900
81049,31937,31945
17831,31971,31979
201924,32093,32099
23150,32146,32150
6568,32251,32261
342272,32295,32301
86701,32423,32429
812287,32453,32463
2092,32552,32560
332913,32635,32641
5556,32925,32931
23156,33094,33100
693137,33129,33139
995095,33161,33167
1381,33194,33198
86701,33235,33241
5568,33274,33282
86699,33304,33312
23149,33335,33341
95614,33367,33371
476116,33397,33407
80750,33428,33436
81034,33458,33468
55109,33497,33503
54555,33528,33532
17712,33558,33568
17726,33604,33614
341916,33647,33657
4454,33685,33693
19517,33718,33726
83680,33756,33760
75995,33848,33856
68771,33908,33916
68779,33951,33961
181525,34177,34187
274443,34220,34228
570620,34255,34259
181269,34282,34292
419576,34319,34329
181281,34374,34382
337941,34471,34477
68754,34507,34515
690318,34543,34547
304540,34570,34580
410334,34601,34609
336961,34637,34645
650801,34714,34722
690217,34747,34753
305227,34778,34782
305235,34805,34815
338494,34979,34983
684184,35010,35016
74990,35038,35048
491009,35068,35078
569888,35101,35109
420534,35133,35139
491009,35163,35169
300309,35198,35202
336953,35226,35234
2656,35274,35280
121058,35321,35329
593800,35355,35359
181609,35403,35409
181613,35437,35445
55139,35478,35486
17729,35514,35524
23318,35559,35567
55103,35593,35597
81068,35634,35642
572328,35684,35694
198823,35738,35746
95611,35774,35782
342107,35831,35837
23150,35876,35884
198860,35938,35942
95614,35988,35992
198827,36044,36052
80748,36078,36088
81034,36119,36129
55109,36151,36161
86597,36188,36194
698528,36281,36289
20519,36325,36333
345292,36366,36374
20242,36402,36408
345316,36430,36440
1353,36464,36468
14354,36497,36503
201541,36534,36540
201512,36567,36577
308404,36615,36619
654338,36644,36650
55005,36691,36697
308413,36720,36730
575483,36754,36758
307675,36938,36946
348368,36967,36977
353841,36999,37005
402939,37031,37037
575856,37067,37075
308417,37108,37116
402959,37142,37148
354010,37174,37178
264684,37205,37211
17069,37247,37253
77047,37277,37287
341545,37309,37315
341549,37343,37347
543192,37373,37383
12936,37405,37413
341568,37442,37446
304739,37474,37480
344514,37505,37513
23043,37544,37548
87581,37599,37605
12954,37633,37643
342518,37693,37701
410370,37740,37744
587875,37828,37836
342513,37860,37870
342521,37949,37955
490885,37986,37996
342625,38019,38029
325852,38052,38056
148801,38135,38145
148806,38180,38188
2845,38250,38258
53914,38287,38295
54821,38336,38342
20700,38372,38376
345187,38401,38409
345201,38438,38446
13476,38476,38482
345223,38511,38519
14225,38552,38560
13137,38603,38607
120564,38646,38654
21232,38699,38703
76594,38749,38755
76601,38784,38790
76607,38815,38821
195320,38844,38852
229218,38876,38884
86660,38947,38955
142760,38978,38986
410432,39010,39018
5145,39043,39047
23244,39084,39090
23259,39123,39131
343859,39157,39165
343895,39191,39199
1212,39299,39307
270095,39328,39338
824410,39360,39366
756023,39390,39398
143788,39435,39443
143771,39480,39484
345228,39956,39962
147100,39991,39999
402808,40022,40028
267487,40051,40059
56764,40083,40087
152068,40110,40120
354368,40143,40147
159949,40173,40181
333666,40204,40212
80712,40236,40240
181596,40278,40284
54556,40311,40317
86633,40349,40357
86672,40379,40389
23110,40921,40929
12014,40955,40965
599,41001,41007
570760,41106,41112
342624,41269,41277
2857,41432,41438
546483,41461,41469
148189,41492,41498
53914,41523,41527
342483,41560,41564
340788,41590,41594
71810,41619,41625
2411,41652,41658
340791,41701,41709
54109,41733,41739
7556,41768,41774
338171,41800,41806
2392,41831,41839
484284,41912,41918
804484,41961,41971
698408,42038,42042
401910,42067,42073
161157,42096,42106
308238,42152,42160
308239,42183,42189
4478,42213,42219
586084,42285,42293
582019,42318,42322
333043,42346,42354
333279,42377,42387
484284,42484,42492
804484,42515,42521
698408,42546,42554
463958,42577,42583
20836,42610,42616
2388,42640,42648
586133,42675,42679
6518,42770,42776
338441,42799,42807
392000,42830,42838
689855,42864,42868
434770,43052,43060
689855,43084,43090
649811,43113,43121
56794,43205,43209
2386,43293,43301
536305,43324,43330
81099,43534,43540
5640,43683,43691
141515,43720,43730
54153,43753,43757
693884,43781,43789
150203,43818,43824
20510,43870,43880
347452,43902,43910
17503,43932,43940
345301,43965,43973
1353,44005,44009
14355,44034,44044
201541,44065,44073
201512,44102,44108
353210,44135,44141
308404,44164,44172
305657,44202,44208
201217,44232,44238
201227,44263,44271
201226,44315,44321
115372,44411,44417
353647,44498,44506
354170,44534,44538
201231,45452,45458
305695,46574,46582
160496,46617,46625
353223,46647,46657
81469,46687,46697
201540,46718,46728
402673,46777,46785
201527,46813,46821
353301,46854,46862
355360,46886,46892
17018,46965,46973
341551,46996,47002
320873,47047,47055
198039,47076,47086
355473,47109,47115
115905,47140,47148
907297,47177,47185
164085,47208,47214
7217,47241,47249
265,47285,47293
397,47326,47336
534521,47359,47363
338258,47388,47394
824313,47418,47426
15654,47449,47457
109475,47488,47494
824328,47531,47537
824322,47562,47568
824317,47596,47600
338167,47653,47661
317666,47683,47691
55274,47768,47776
54617,47873,47883
353913,47907,47913
353919,47937,47947
56607,47969,47979
542212,48006,48014
353923,48046,48054
4534,48103,48109
352743,48131,48141
54749,48168,48174
814325,48198,48204
410358,48227,48235
343051,48259,48267
545697,48310,48318
148877,48345,48349
8993,48381,48389
347845,48417,48427
116029,48448,48456
345251,48480,48488
13486,48525,48533
20707,48563,48571
20731,48605,48611
54827,48642,48648
54844,48714,48718
164230,48753,48761
116632,48793,48801
15138,48831,48837
147356,48861,48869
690681,48893,48897
314554,48940,48948
314566,48973,48977
147365,49009,49015
335390,49039,49047
273847,49075,49083
683953,49110,49116
13345,49157,49167
147392,49210,49218
54061,49241,49247
225274,49271,49277
225284,49423,49429
402444,49490,49496
654091,49525,49533
282864,49561,49565
151191,49630,49640
990914,49664,49668
151192,49722,49728
126263,49813,49819
126278,49842,49850
590840,49874,49884
126254,49917,49925
126260,49995,50005
335939,50032,50036
402425,50071,50079
402428,50128,50136
685415,50240,50248
402422,50271,50279
126239,50331,50335
126260,50414,50418
335940,50447,50451
126262,50502,50508
149332,50532,50542
335961,50565,50569
313176,50594,50602
336211,50632,50640
304579,50673,50677
379731,50703,50707
336391,50773,50779
652247,50812,50820
410348,50842,50850
410347,50879,50889
739444,50913,50921
485831,50945,50949
2671,50976,50986
485800,51021,51031
54224,51051,51061
545525,51084,51090
20674,51117,51121
532129,51146,51156
20706,51186,51192
345200,51221,51229
13476,51266,51272
651847,51300,51306
54635,51332,51340
345292,51377,51385
14245,51422,51428
115905,51459,51467
355482,51498,51504
21020,51532,51536
7210,51563,51573
265,51614,51618
388,51650,51656
741243,51684,51694
9002,51725,51729
534521,51762,51770
338231,51795,51799
338258,51829,51839
353866,51864,51870
317666,51899,51907
353907,51934,51938
349248,51963,51971
54617,52059,52069
832,52092,52102
110220,52126,52134
57839,52156,52164
260537,52186,52196
275822,52220,52230
2836,52260,52266
683911,52305,52311
54267,52340,52346
148341,52416,52424
324055,52451,52457
694169,52480,52488
166827,52514,52522
850,52544,52552
345649,52575,52581
661,52612,52616
661757,52644,52648
56738,52676,52684
348963,52711,52719
276639,52845,52855
4527,52876,52886
348962,52917,52925
348963,52955,52961
55100,53047,53053
654096,53076,53084
348424,53116,53120
754,53168,53176
55096,53208,53212
55095,53236,53244
56620,53266,53274
545006,53296,53306
152072,53359,53365
348395,53396,53402
334409,53479,53485
267454,53568,53574
343976,53719,53729
144049,53869,53875
349193,53901,53909
343976,53990,53998
147715,54140,54146
147604,54193,54197
348517,54224,54230
540392,54264,54268
152075,54297,54303
267445,54348,54358
410277,54383,54389
542332,54448,54454
56734,54477,54487
649834,54511,54519
541397,54561,54567
812121,54621,54627
695634,54681,54687
622283,54711,54717
541402,54743,54751
824571,54775,54779
690262,54804,54812
260537,54836,54846
541397,54867,54875
321626,54899,54903
824571,54946,54954
541402,54975,54985
541397,55006,55016
824571,55039,55045
260541,55071,55075
541397,55106,55112
812121,55188,55192
824571,55217,55223
850,55247,55255
345648,55280,55286
54187,55316,55324
345678,55353,55357
804,55404,55412
95666,55440,55446
341931,55557,55567
198833,55590,55598
195298,55630,55636
195333,55666,55676
195332,55700,55708
86649,55735,55743
86678,55771,55777
80726,55805,55809
80737,55849,55857
81359,55887,55895
342124,55920,55926
119322,55969,55975
285553,56000,56006
76625,56034,56044
80536,56081,56087
343762,56481,56487
688967,56511,56519
286651,56567,56577
551539,56598,56608
354580,56629,56639
346701,56663,56669
119329,56701,56709
80712,56756,56766
106,56792,56802
54556,56870,56876
86633,56906,56914
396388,56939,56947
86666,57014,57020
83586,57061,57067
86608,57091,57099
195370,57134,57140
542362,57177,57185
541219,57217,57223
140955,57248,57254
338507,57283,57287
147060,57315,57323
141520,57346,57352
53980,57386,57390
237724,57418,57424
53983,57470,57478
756,57536,57542
537386,57574,57582
693973,57608,57618
537359,57660,57664
694191,57690,57700
338782,57727,57735
7343,57802,57808
338776,57833,57839
812425,57862,57872
21297,57896,57902
340220,57934,57942
308225,57965,57973
339653,57998,58006
2819,58031,58035
484301,58063,58071
539420,58101,58105
693942,58129,58137
694009,58165,58169
694006,58193,58203
341197,58225,58233
4475,58257,58263
694233,58289,58295
198640,58330,58336
317381,58371,58379
333292,58440,58444
333264,58468,58478
333058,58500,58508
20801,58557,58563
569507,58589,58597
654791,58643,58649
410530,58674,58678
410524,58701,58711
191837,58738,58746
338443,58774,58778
322205,58803,58811
689810,58853,58859
649811,58912,58922
541322,58945,58953
56794,58974,58984
141515,59306,59310
53980,59400,59408
237724,59437,59441
54163,59473,59483
593826,59517,59527
356681,59553,59557
322896,59584,59592
661,59687,59693
56738,59717,59727
437947,59747,59757
55100,59792,59798
348424,59820,59830
55095,59856,59864
152016,59887,59895
277854,59916,59926
353525,59950,59954
349212,60034,60042
683885,60064,60072
21414,60101,60111
888,60133,60139
317666,60180,60184
886,60240,60244
888,60269,60275
338246,60327,60333
109475,60373,60381
824328,60421,60427
338258,60479,60487
338246,60525,60529
55285,60585,60591
54438,60624,60632
15668,60655,60661
309224,60728,60734
353,60759,60767
35,60791,60799
654055,60827,60831
34,60904,60912
353765,60937,60947
153830,60969,60977
739612,61290,61298
661424,61334,61342
326,61368,61374
1473,61401,61407
338211,61431,61439
15661,61463,61467
545862,61496,61504
693991,61554,61560
538453,61636,61642
902,61675,61685
683447,61710,61714
546504,61741,61749
690670,61773,61783
353903,61806,61814
338211,61894,61900
15667,61956,61960
21364,61986,61996
56590,62018,62024
353866,62074,62080
727,62103,62113
353909,62160,62166
277860,62190,62196
54617,62256,62262
353912,62289,62295
690740,62324,62330
9782,62356,62360
695410,62403,62409
695420,62452,62460
695598,62512,62520
683833,62545,62555
350422,62578,62586
888234,62609,62615
649788,62642,62652
86448,62681,62689
18574,62737,62741
9001,62823,62831
153853,62854,62860
751063,62885,62889
338210,62919,62929
367806,62956,62964
309224,63011,63019
861768,63047,63057
701123,63083,63087
750332,63111,63121
350723,63144,63150
2053,63181,63185
861528,63209,63217
350802,63315,63319
351458,63343,63351
351478,63377,63383
62,63454,63462
148872,63486,63494
342664,63517,63527
342356,63556,63562
342360,63597,63601
342357,63625,63635
55155,63664,63672
23144,63695,63701
5568,63997,64003
201294,64026,64034
1051,64066,64072
10235,64099,64103
705,64128,64134
715,64163,64171
662,64193,64201
17661,64234,64242
15667,64337,64343
431279,64367,64377
15667,64398,64408
751913,64452,64458
751063,64508,64512
338225,64547,64557
21364,64578,64586
15658,64607,64617
54438,64656,64664
15667,64690,64694
56590,64728,64734
652300,64761,64767
338246,64796,64800
730,64830,64838
147711,64861,64871
147604,64897,64901
55110,64932,64940
55096,64983,64989
55099,65014,65020
652199,65052,65058
20797,65089,65095
20784,65286,65294
55099,65411,65415
20784,65496,65506
20797,65562,65568
348424,65591,65599
348390,65625,65633
348427,65658,65666
148790,65691,65697
163972,65722,65732
119986,65758,65762
147715,65806,65812
540478,65850,65856
858,65879,65889
17664,65913,65921
54438,65957,65965
20937,65991,65999
15667,66023,66029
18219,66069,66077
751913,66139,66147
338210,66222,66228
367806,66292,66300
905,66324,66332
203382,66356,66364
1463,66399,66405
908,66470,66474
741290,66498,66508
80416,66530,66538
351795,66561,66567
5719,66591,66601
538978,66653,66663
56514,66721,66727
540096,66751,66757
18598,66794,66802
21359,66849,66857
351890,66880,66888
34,66923,66927
353765,66966,66976
911,67000,67010
861618,67032,67038
252014,67070,67076
640681,67101,67111
689591,67134,67142
6377,67303,67307
540276,67332,67342
17739,67399,67403
326,67431,67439
353899,67463,67469
307073,67499,67505
908,67531,67539
2101,67666,67676
146664,67706,67712
338192,67754,67762
1469,67814,67822
353903,67859,67867
338211,67903,67911
867328,68023,68033
338220,68056,68062
867328,68113,68123
338220,68145,68153
18219,68205,68213
751063,68245,68253
338225,68283,68291
15667,68327,68333
56590,68364,68372
338246,68419,68425
727,68449,68457
9814,68485,68491
109753,68517,68527
23450,68596,68602
56443,68626,68632
383055,68694,68698
383053,68745,68753
346982,68780,68786
1040,68811,68815
15886,68867,68871
201294,68896,68902
55156,68991,68995
342278,69019,69029
142705,69105,69115
575370,69138,69142
342279,69167,69173
812223,69198,69204
1030,69243,69249
1133,69277,69285
57858,69308,69314
345573,69339,69347
351645,69372,69380
351646,69409,69413
542624,69438,69444
721,69472,69480
82691,69528,69536
325,69560,69566
353907,69601,69607
353909,69654,69662
349248,69690,69696
562085,69803,69811
5707,69842,69848
542233,69870,69880
257018,69909,69915
73967,69940,69944
320184,70043,70053
462805,70075,70083
812505,70114,70122
812503,70159,70167
349639,70190,70196
351638,70230,70234
351639,70269,70273
148591,70298,70304
351722,70332,70338
56514,70362,70370
351829,70393,70399
542162,70422,70430
55749,70453,70461
308051,70482,70492
17518,70514,70520
861528,70544,70550
206386,70610,70618
17515,70643,70647
351482,70672,70678
342662,70702,70710
6889,70735,70739
344123,70764,70774
290520,70796,70802
413768,71080,71086
568714,71108,71118
702557,71142,71148
1095,71184,71190
55791,71220,71228
142746,71250,71258
5501,71301,71307
54568,71331,71339
396396,71377,71385
86666,71457,71463
83586,71514,71524
86608,71552,71562
195352,71587,71593
95774,71625,71635
198828,71658,71666
140953,71688,71696
583621,71717,71727
612582,71748,71758
383962,71871,71877
580102,71899,71909
338405,72026,72032
54091,72111,72119
655991,72147,72155
144706,72202,72206
333050,72232,72238
333059,72265,72273
317381,72305,72315
693412,72338,72346
317378,72375,72383
20826,72408,72414
564583,72439,72445
150169,72484,72490
338124,72514,72520
408939,72543,72551
21320,72575,72583
575685,72606,72614
575750,72636,72644
338469,72677,72681
54122,72715,72721
303654,74335,74339
55181,74366,74372
685047,74398,74408
444205,74438,74446
759885,74531,74537
305276,74560,74568
338545,74590,74598
76522,74627,74635
410343,74669,74675
