484486,54,62
684064,87,91
77062,117,125
685219,154,162
151378,208,216
685237,239,245
308178,273,281
337049,308,314
591662,342,350
484399,393,397
308166,423,431
401,457,463
690593,485,495
633180,518,524
54909,548,558
419601,582,588
812552,611,621
161309,645,653
694446,675,683
694516,707,711
537352,738,742
540651,766,774
21234,796,804
690236,827,833
537326,859,863
7415,903,909
541873,945,949
148363,987,993
339617,1017,1023
339624,1058,1062
7349,1095,1099
859977,1125,1131
690225,1156,1164
339637,1192,1202
21250,1264,1268
54766,1297,1301
693671,1326,1332
544492,1357,1361
71750,24575,24585
348168,24617,24621
54912,24647,24657
323930,24738,24748
20693,24773,24777
20734,24808,24816
345200,24849,24855
13475,24888,24896
13479,24923,24927
651847,24953,24959
54635,25001,25005
345290,25055,25061
345294,25085,25091
14245,25126,25136
148855,25163,25167
355479,25203,25209
907297,25243,25249
4537,25276,25282
4556,25348,25352
148264,25380,25384
351159,25409,25415
351050,25441,25447
146650,25538,25542
7183,25569,25575
650522,25610,25614
344592,25639,25645
815361,25668,25676
7183,25699,25707
200711,25729,25737
352180,25759,25767
200990,25791,25801
539517,25845,25855
146741,25880,25884
539421,25911,25915
201133,25947,25951
353392,25976,25982
146623,26010,26020
122298,26053,26063
122301,26108,26114
122302,26145,26151
4572,26176,26184
7210,26208,26216
203349,26286,26292
355,26320,26326
350168,26485,26491
141424,26536,26540
141430,26584,26592
147087,26615,26621
6956,26647,26653
15792,26682,26686
309689,26713,26719
753734,42026,42036
15798,42069,42075
341962,42115,42123
7106,42145,42153
353335,42176,42182
2063,42204,42214
539168,42259,42265
311806,42299,42305
427911,42339,42345
539106,42369,42377
537231,42407,42413
688694,42439,42449
402594,42471,42479
427908,42504,42508
115832,42596,42600
2067,42625,42631
115832,42655,42661
544222,42686,42694
544220,42721,42727
144616,42754,42760
351254,42786,42792
412718,42814,42824
147581,42857,42865
619067,42890,42898
6000,42919,42929
427696,42952,42958
6061,42987,42993
343405,43023,43031
149434,43067,43071
544220,43103,43107
146730,43138,43146
419558,43171,43175
311847,43204,43214
556928,43235,43243
544165,43266,43274
351360,43319,43323
861203,43368,43376
351420,43398,43406
328043,43443,43447
351427,43472,43478
57600,43561,43567
206386,43602,43608
538409,43633,43643
143019,43710,43716
350083,43747,43755
87172,43778,43784
147086,43826,43830
350172,43868,43872
350168,44015,44019
350172,44045,44051
350168,44135,44139
350172,44285,44293
141424,44504,44512
1111,44558,44564
147090,44600,44606
295393,44631,44637
57188,44663,44669
350781,44691,44701
19814,44729,44733
181589,44759,44763
350825,44790,44796
350841,44827,44833
350847,44857,44863
19659,44894,44900
56035,44926,44932
144592,44962,44966
184010,44991,44999
80071,45026,45032
19797,45057,45061
19746,45087,45097
344687,45131,45137
568442,45162,45168
19706,45194,45200
19924,45222,45232
79308,45253,45263
537608,45285,45291
348055,45319,45325
206265,45349,45357
321680,45381,45391
353243,45422,45428
410326,45466,45476
147817,45499,45509
147826,45530,45538
355305,45560,45570
355085,45597,45607
147798,45635,45643
768526,45765,45769
206269,45805,45813
428578,45840,45844
421505,45870,45880
411338,45922,45928
5050,45981,45989
20062,46013,46023
347042,46067,46077
20165,46103,46111
20177,46146,46152
351179,46184,46192
20216,46215,46225
546030,46250,46254
4798,46284,46290
198071,46348,46356
85003,46381,46389
84887,46451,46455
22958,46480,46486
149848,46524,46532
655500,46559,46567
565500,46595,46599
355278,46626,46630
5284,46825,46831
355060,46867,46873
84883,46897,46903
655500,46961,46969
354982,46993,47001
204654,47032,47036
1164,47065,47073
57111,47094,47104
350062,47152,47156
79752,47182,47188
353355,47214,47224
317702,47245,47253
65725,47278,47284
318190,47331,47337
487058,47448,47458
318190,47511,47515
487058,47568,47578
318190,47601,47605
354219,47644,47652
56852,47675,47683
257123,47723,47729
289394,47754,47762
355618,47807,47815
402879,47842,47848
1563,47873,47879
182442,47905,47913
352112,47937,47945
352122,47967,47975
149633,47997,48005
372127,48032,48036
372137,48078,48086
55084,48170,48176
55976,48200,48210
547038,48233,48239
144621,48275,48281
147252,48306,48314
56449,48337,48345
147250,48374,48378
2180,48405,48411
342784,48440,48446
343540,48470,48478
342731,48524,48528
120521,48564,48572
109821,48598,48602
353652,48628,48632
353665,48670,48680
543970,48706,48710
766900,48737,48741
537129,48767,48775
352618,48797,48805
352607,48830,48840
352606,48871,48877
4251,48912,48918
55081,48950,48958
1561,48984,48990
55986,49015,49021
536166,49045,49051
355619,49074,49084
568208,49105,49113
10065,49168,49178
605634,49378,49386
537046,49416,49424
870291,49455,49465
536168,49506,49514
355599,49537,49545
355610,49588,49592
402879,49615,49625
154988,49648,49652
352108,49676,49686
352112,49710,49718
355691,49742,49748
121325,49773,49777
535377,49840,49844
194184,49871,49877
591736,49902,49908
354854,49930,49940
354873,49977,49985
353831,50007,50015
541667,50041,50047
431712,50071,50079
350383,50107,50113
55748,50180,50186
351961,50254,50258
2053,50287,50293
538208,50317,50323
57609,50349,50355
87162,50380,50386
7007,50410,50416
350173,50443,50447
141424,50475,50483
1111,50527,50535
147090,50566,50572
430350,50624,50632
309689,50654,50664
753734,50689,50695
22269,60708,60714
328011,60740,60748
341962,60773,60777
341946,60802,60808
7108,60842,60848
20931,60872,60880
7006,60902,60912
350884,60936,60944
62,60965,60975
710166,60996,61006
546441,61111,61117
20966,61150,61160
540916,61184,61192
416608,61224,61232
56600,61269,61277
354594,61303,61307
490376,61332,61340
699823,61367,61375
541111,61398,61406
54501,61432,61440
12477,61469,61475
354485,61500,61504
12477,61544,61548
109746,61574,61578
12481,61609,61615
12462,61653,61661
116048,61702,61710
12465,61760,61770
116048,61792,61800
12465,61882,61888
116048,61913,61919
12465,62032,62038
116048,62068,62074
12456,62147,62153
384080,62234,62244
339600,62294,62302
53945,62328,62334
694901,62357,62365
690208,62390,62396
339624,62434,62442
55217,62481,62491
859979,62515,62525
694222,62545,62555
339298,62585,62591
277553,62630,62636
539092,62744,62752
277553,62810,62816
859979,62841,62851
339632,62908,62912
812541,62937,62945
339635,62974,62978
54403,63020,63028
339653,63051,63059
56154,63081,63089
539467,63113,63121
821232,63143,63151
345007,74369,74373
7708,74402,74406
693914,74431,74439
428116,74463,74471
812552,74496,74500
539529,74529,74533
313948,74580,74586
141486,74612,74616
340220,74644,74650
654817,74675,74681
323545,74728,74732
5623,74776,74786
13479,74808,74816
651847,74845,74849
54635,74882,74892
345292,74929,74933
20242,74962,74970
345316,74994,75002
1353,75027,75033
14355,75059,75065
688905,75118,75122
353210,75150,75154
201537,75184,75190
654338,75213,75221
55005,75271,75281
201213,75303,75309
201232,75435,75441
55027,75466,75472
73593,75523,75531
6712,75554,75562
354223,75585,75593
201113,75615,75623
354233,75647,75651
201127,75677,75683
354245,75710,75720
203271,75765,75771
146623,75804,75810
54260,75837,75847
345624,75870,75878
54252,75938,75946
4531,75969,75975
873,76014,76024
694918,76100,76106
539661,76131,76137
694934,76161,76167
277642,76196,76206
842,76264,76270
22321,76294,76300
563659,76334,76338
152073,76388,76394
267454,76418,76426
343980,76450,76454
147715,76543,76549
54428,76572,76582
344110,76604,76614
597301,76691,76699
344110,76723,76727
597301,76761,76769
54602,76792,76802
1097,76873,76881
57826,76910,76916
724,76943,76953
568787,76976,76982
151509,77055,77061
80238,77093,77097
563657,77130,77136
349200,77180,77186
349212,77214,77220
21375,77248,77254
388293,77277,77285
82543,77308,77314
349234,77395,77405
349251,77428,77434
15861,77459,77463
128679,77490,77496
128680,77520,77526
86448,77558,77564
349582,77589,77595
1658,77640,77644
935,77672,77678
343702,77715,77721
343714,77745,77753
273152,77797,77801
119548,77869,77873
56866,77907,77911
352162,77937,77941
57788,77968,77974
57794,78009,78013
56496,78050,78058
535091,78084,78090
20410,78118,78128
20414,78155,78159
20419,78222,78232
20441,78254,78262
200366,78284,78294
151830,78319,78323
84694,78370,78378
84624,78404,78408
57801,78446,78454
534516,78485,78489
473473,78516,78524
56940,78555,78559
543987,78589,78597
428252,78625,78631
534520,78681,78691
110432,78757,78765
308260,78792,78800
56939,78823,78829
57802,78856,78862
57795,78890,78898
84685,78919,78929
151822,78950,78958
200364,78980,78988
20423,79016,79022
57752,79096,79102
4214,79136,79142
546075,79178,79184
768680,79208,79214
537347,79258,79266
536753,79295,79303
543970,79328,79336
110435,79359,79365
116141,79389,79395
350056,79466,79470
146820,79582,79590
352631,79619,79623
352634,79679,79685
537198,79709,79717
543333,79748,79754
536752,79779,79785
14690,79815,79821
343570,79858,79862
1591,79888,79898
343172,79920,79928
342745,79963,79969
343539,79996,80002
652299,80028,80036
115872,80058,80066
342793,80092,80096
342792,80275,80283
2135,80310,80318
2136,80347,80353
115872,80385,80391
355700,80419,80423
355715,80461,80469
355745,80492,80498
412404,80911,80921
354854,80944,80950
332,81005,81009
539932,81032,81042
421443,81066,81070
421441,81095,81103
158222,81137,81143
55748,81192,81196
351961,81227,81233
2053,81259,81263
12380,81287,81295
349673,81317,81327
309217,81348,81358
402570,81382,81386
309216,81414,81420
692027,81449,81459
693798,81481,81487
289324,81512,81516
402559,81540,81548
567824,81570,81578
5785,81602,81608
256659,81633,81637
256948,82026,82032
308053,82059,82067
353000,82091,82095
349128,82118,82128
80380,82149,82157
57818,82181,82187
166809,82217,82223
15873,82262,82266
695017,82293,82301
1113,82329,82339
6890,82363,82369
6893,82393,82399
195273,82542,82550
709779,82578,82586
80748,82688,82698
345603,82719,82727
317267,82751,82759
546082,82788,82794
95609,82819,82827
95614,82883,82891
195273,82935,82939
709779,82970,82976
345603,83010,83018
709779,83086,83092
709781,83115,83123
709836,83205,83213
116451,83237,83247
116453,83272,83278
143271,83309,83315
119974,83337,83347
346982,83374,83378
23449,83405,83413
147687,83437,83443
662,83511,83519
347196,83544,83548
82691,83577,83583
267436,83606,83614
277856,83644,83654
54617,83680,83686
353918,83713,83719
9782,83743,83751
277868,83812,83818
350233,83841,83849
254773,83876,83882
561440,83912,83918
540263,83944,83952
201958,83991,83997
424612,84021,84027
424613,84055,84061
56604,84122,84126
565028,84151,84157
564766,84181,84187
865,84213,84221
695548,84245,84251
21123,84276,84286
22002,84308,84316
542054,84343,84349
277868,84372,84380
308444,84401,84411
419475,84434,84440
9784,84468,84474
352799,84503,84509
654252,84537,84543
353522,84578,84584
842,84622,84626
21425,84660,84666
319653,84691,84695
563659,84720,84726
23708,84748,84758
55147,84833,84839
665,84863,84869
22353,84922,84928
15873,84953,84961
6892,84985,84991
309732,85018,85026
302114,85064,85074
1110,85097,85101
413753,85125,85133
536119,85159,85163
543012,85190,85196
328428,85220,85226
402582,85254,85262
142190,85287,85297
181461,85322,85326
544088,85351,85359
342297,85382,85390
691877,85414,85418
300559,85445,85451
115796,85475,85481
342871,85522,85528
57224,85561,85569
312079,85635,85641
142165,85798,85806
343676,85831,85837
342375,85864,85870
152791,85894,85902
7086,85927,85935
350786,85958,85964
5723,86101,86109
289209,86136,86142
888327,86168,86174
7164,86207,86215
652065,86242,86246
122351,86280,86288
148888,86313,86317
544760,86346,86352
