16805,1,5
339592,30,36
539263,65,71
538295,97,105
56801,127,137
654022,211,215
639849,246,252
535163,280,288
376453,359,367
619610,530,534
246279,563,569
290700,600,606
55515,654,662
224711,753,757
150222,783,789
339374,818,822
344307,847,853
564682,880,884
654772,910,918
255252,943,949
12646,971,981
345011,1004,1010
255255,1035,1043
1418,1154,1160
12645,1196,1200
424562,1228,1236
617479,1267,1275
1418,1384,1394
344786,1537,1543
2744,1568,1574
148861,1601,1609
17103,1640,1648
355473,1671,1677
115905,1707,1711
907297,1738,1744
531905,1774,1782
20994,1805,1815
271,1839,1847
741243,1870,1878
9002,1924,1932
328039,2049,2057
87162,2082,2090
6994,2112,2120
141430,2170,2178
690762,2209,2215
351395,2260,2268
148909,2317,2321
402529,2354,2358
1120,2409,2419
295393,2443,2451
7013,2500,2510
57184,2542,2548
20916,2589,2593
350820,2619,2627
350841,2663,2671
350847,2695,2701
56044,2736,2742
345145,2769,2775
144592,2799,2809
345119,2839,2843
5812,2871,2879
3222,2908,2914
262810,2940,2948
56845,2972,2976
56849,3011,3019
538450,3042,3048
547995,3081,3089
545717,3121,3127
317723,3171,3179
419609,3208,3214
398558,3261,3269
398568,3291,3299
317718,3323,3329
354193,3358,3362
654774,3395,3399
55590,3433,3443
581616,3466,3470
353732,3497,3501
353751,3528,3536
534548,3566,3572
148333,3597,3603
433456,3626,3634
144621,3664,3672
55372,3697,3701
545864,3725,3733
351250,3761,3769
419558,3794,3802
146734,3826,3836
351355,3858,3864
2039,3888,3894
541205,3919,3927
147053,5995,6001
350447,6029,6033
350436,6057,6065
2006,6095,6101
350412,6125,6135
341795,6160,6166
151031,6198,6204
21865,6233,6239
21852,6265,6273
286663,6304,6310
76625,6352,6360
80536,6389,6399
159953,6759,6763
55745,6788,6794
290934,6885,6893
743828,6916,6924
732382,6946,6954
56768,6985,6991
342188,7025,7031
191361,7062,7070
144679,7094,7100
151227,7122,7132
141673,7154,7162
21873,7183,7193
290762,7218,7224
57172,7353,7359
3239,7393,7401
2063,7460,7468
15765,7494,7500
7080,7529,7533
350786,7559,7565
350888,7588,7596
350772,7620,7624
648148,7671,7675
693797,7728,7738
309203,7791,7797
421414,7822,7830
144104,7915,7919
309216,7942,7952
345596,7973,7981
543580,8004,8010
17512,8038,8046
146838,8071,8077
688895,8099,8109
122246,8130,8140
181473,8161,8171
375,8193,8199
20961,8222,8230
888327,8256,8264
7164,8296,8306
652065,8328,8336
17463,8359,8367
17465,8392,8396
17499,8422,8426
347457,8451,8457
116029,8482,8486
345251,8510,8518
13486,8554,8562
20707,8584,8594
20731,8620,8624
652069,8658,8666
54844,8720,8728
164147,8754,8760
81953,8785,8789
696749,8812,8822
336092,8845,8851
336206,8880,8884
336199,9050,9058
342486,9090,9094
335981,9128,9134
586602,9162,9166
147293,9199,9209
335416,9242,9246
15123,9276,9282
335995,9325,9329
148092,9362,9368
147351,9392,9400
695664,9425,9433
769917,9456,9466
640117,9487,9495
400961,9703,9709
697444,9734,9738
639562,9763,9773
641849,9815,9821
336656,9845,9851
53811,9889,9893
798518,9919,9925
53671,9957,9961
419585,10142,10148
147272,10229,10233
683899,10257,10267
147330,10317,10323
147340,10350,10358
318880,10384,10388
400961,10475,10483
321269,10504,10514
641849,10536,10542
695666,10566,10572
683852,10597,10601
147339,10628,10634
336008,10661,10665
151123,10699,10707
147269,10730,10738
15184,10769,10773
273837,10796,10806
116641,10832,10838
482972,10866,10872
20633,10923,10929
651861,10954,10962
20706,10994,10998
345200,11022,11032
13476,11066,11074
651847,11098,11102
698477,11126,11134
347467,11157,11167
532123,11192,11198
147600,11227,11235
352761,11258,11268
885090,11289,11297
539642,11323,11327
352796,11378,11384
695547,11409,11419
695369,11442,11448
695410,11486,11492
695420,11523,11527
21119,11556,11560
22001,11592,11602
215270,11625,11629
419472,11656,11662
863,11686,11692
277644,11722,11730
683833,11751,11761
56732,11784,11792
575618,11835,11841
575592,11992,11998
56735,12022,12032
317403,12057,12061
348830,12087,12091
410274,12114,12124
348966,12150,12154
317401,12196,12204
567826,12226,12236
4517,12259,12269
575617,12314,12322
567828,12343,12353
575618,12494,12504
410274,12555,12561
695820,12585,12591
331724,12626,12630
545035,12654,12662
343973,12691,12697
1504,12744,12750
542490,12789,12799
457842,12821,12827
348434,12853,12861
348517,12885,12893
55096,12980,12988
695593,13017,13021
56738,13044,13054
818,13077,13085
819,13110,13116
342231,13142,13150
286484,13197,13203
53983,13226,13234
431306,13255,13265
338705,13287,13293
343429,13319,13323
402642,13346,13356
402640,13379,13383
402642,13411,13415
402623,13438,13448
313953,13472,13478
338731,13501,13509
80239,13561,13569
338739,13593,13599
278264,13623,13631
755,13674,13682
308181,13709,13715
693969,13819,13825
693884,13849,13857
693972,13881,13885
537359,13925,13933
623913,13961,13967
278270,13993,14001
7391,14030,14036
694176,14062,14070
694177,14115,14121
690235,14145,14151
537359,14177,14187
537386,14210,14216
538101,14241,14245
537359,14296,14302
683554,14328,14332
7401,14363,14369
694860,14397,14405
690208,14431,14437
324383,14461,14467
54764,14493,14503
339632,14524,14534
812541,14556,14562
694469,14616,14624
539599,14648,14654
694513,14903,14911
606808,14961,14967
694513,15141,15149
539212,15172,15178
540655,15202,15210
21234,15268,15276
690236,15297,15307
7397,15328,15336
7391,15369,15377
694176,15399,15407
577548,15438,15448
537354,15470,15476
339306,15500,15506
57736,15532,15536
339311,15564,15570
410267,15595,15601
1491,15652,15660
541140,15683,15689
410264,15713,15719
12973,15761,15767
352794,15797,15805
865,15846,15852
683828,15877,15881
350422,15908,15918
842,15982,15986
21425,16018,16026
683882,16048,16056
319666,16078,16088
537216,16114,16122
124320,16160,16168
17647,16193,16199
430302,16221,16231
541918,16254,16262
393366,16289,16299
587862,16349,16357
328286,16378,16388
430882,16411,16415
684615,16441,16447
58,16470,16478
649130,16501,16509
75288,16533,16537
515923,16562,16568
402542,16665,16671
586070,16700,16704
671,16728,16736
351642,16761,16769
15870,16795,16799
402542,16828,16836
532289,16865,16871
147226,16900,16908
696905,16943,16951
461374,16978,16982
576839,17010,17018
1658,17055,17063
343722,17085,17095
119089,17119,17123
273152,17153,17159
119548,17197,17203
352152,17229,17237
57788,17269,17279
57794,17303,17307
56496,17338,17348
346706,17375,17383
20410,17407,17417
57753,17447,17453
20420,17479,17485
344242,17521,17527
650946,17556,17560
84694,17600,17608
84595,17633,17637
535063,17663,17671
85594,17776,17786
266533,17808,17816
3033,17839,17847
537102,17869,17879
350381,17908,17918
568784,17943,17951
543608,17991,17997
349491,18069,18073
191582,18104,18114
181481,18199,18205
543681,18228,18236
429314,18344,18354
273410,18386,18394
159829,18454,18458
152236,18494,18504
331985,18525,18533
152229,18559,18565
352545,18590,18596
352578,18632,18636
352677,18665,18671
375237,18697,18705
3742,18730,18736
84470,18861,18867
84715,18892,18900
110238,18925,18931
293526,18969,18977
293522,18999,19007
110238,19031,19037
349069,19063,19071
84479,19092,19102
57244,19133,19141
57243,19165,19171
70273,19225,19229
70303,19256,19262
70287,19292,19296
17393,19322,19328
350993,19371,19379
351003,19406,19412
120848,19442,19452
120846,19475,19481
17300,19512,19520
17223,19546,19556
541511,19602,19612
348219,19638,19644
539703,19669,19679
535846,19756,19762
328875,21257,21263
286692,21286,21294
328952,21318,21328
330071,21354,21360
407270,21382,21392
421510,21415,21423
685267,21446,21452
439175,21478,21486
267126,21518,21522
267118,21557,21561
744311,21591,21599
13121,21627,21635
255932,21661,21665
149643,21691,21695
120860,21725,21733
347637,21758,21764
149959,21791,21799
149961,21827,21835
116258,21867,21873
151000,21919,21925
55809,21948,21956
531459,22037,22045
55809,22132,22140
531459,22252,22258
55809,22296,22304
56573,22328,22332
55809,22436,22444
149924,22796,22806
55809,22859,22863
149924,22978,22986
151101,23020,23026
54326,23050,23058
396904,24096,24102
530531,24126,24132
53849,24186,24192
340314,24214,24224
340308,24251,24259
56683,24283,24289
149530,24315,24321
53848,24348,24352
53857,24391,24395
530665,24420,24426
12555,24452,24456
54338,24485,24493
254402,24543,24553
54338,24575,24581
54336,24606,24612
402025,24636,24644
402027,24682,24690
54326,24728,24736
402027,26188,26196
1917,26248,26258
532208,27206,27210
55858,27235,27245
531439,27319,27327
149551,27434,27444
409,27469,27477
396780,27565,27573
307941,27597,27603
339711,27626,27634
307951,27668,27676
55232,27703,27711
534351,27743,27751
13385,27778,27788
535130,27811,27817
149398,27850,27854
307968,27877,27887
55544,27946,27954
55236,27978,27986
307950,28180,28184
460076,28217,28223
122011,28271,28275
206283,28338,28346
11847,28373,28381
11839,28405,28413
348482,28445,28451
22909,28507,28515
415873,28536,28546
537476,28570,28576
149353,28831,28839
335505,28963,28973
126283,28995,29001
534278,29027,29031
126254,29081,29087
335935,29112,29118
335944,29141,29151
402428,29182,29190
685370,29219,29227
2881,29315,29323
335412,29348,29356
68742,29385,29389
15123,29494,29500
147328,29546,29556
335993,29580,29586
67524,29611,29617
67498,29642,29648
644315,29705,29711
590893,29753,29759
123771,29786,29796
147356,29823,29831
123771,29855,29861
147358,29892,29898
147267,29922,29932
685717,29955,29961
20753,29995,29999
116633,30040,30046
20771,30070,30076
20633,30130,30136
20674,30213,30219
651861,30271,30275
532132,30306,30312
20705,30337,30345
20706,30369,30379
345187,30400,30408
345200,30432,30442
5606,30467,30475
13476,30505,30513
345223,30536,30546
14225,30575,30579
13125,30619,30623
13137,30822,30830
22750,30899,30909
121266,31131,31139
593826,31170,31178
809,31203,31207
95666,31234,31238
198823,31263,31271
277693,31301,31309
342107,31344,31352
198860,31381,31391
535871,31492,31498
535875,31526,31532
198860,31571,31577
384769,31671,31677
95614,31724,31732
142779,31771,31775
709781,31798,31808
147733,31844,31854
435552,31877,31885
346984,31908,31914
692,31953,31959
346985,31982,31992
344097,32092,32098
344103,32127,32135
347449,32163,32169
765224,32201,32209
683604,33000,33010
57819,33056,33062
57820,33089,33099
430926,33127,33131
655414,33180,33186
50,33244,33250
693879,33283,33287
402556,33311,33319
637606,33340,33350
146833,33540,33550
688894,33585,33593
147226,33616,33624
122246,33649,33655
80395,33698,33704
80397,33731,33739
94,33767,33771
20966,33797,33801
7159,33836,33840
355484,33864,33872
7193,33897,33903
122351,33929,33933
267375,33964,33970
644758,33992,34002
544760,34025,34033
20509,34078,34082
20497,34108,34118
324410,34145,34151
694883,34175,34183
324311,34208,34212
539145,34240,34244
339626,34277,34283
7349,34575,34581
339632,34636,34646
536411,34667,34675
694272,34699,34709
21234,34776,34780
55076,34805,34813
694184,34834,34844
7410,34866,34872
148342,34911,34919
57736,34940,34950
150203,34986,34996
22762,35024,35030
149990,35602,35610
530580,35632,35640
178646,35662,35670
530528,35694,35704
56692,35747,35753
53848,35780,35786
310208,35811,35819
310192,35843,35851
159839,35886,35894
15916,36124,36132
159838,36160,36164
267019,36202,36212
254331,36237,36245
345812,36273,36283
151110,36425,36433
532774,36506,36512
341076,36535,36545
149486,36578,36586
341085,36626,36630
11666,36663,36673
11726,36697,36701
149892,36728,36738
54345,36784,36792
256603,36815,36821
12241,36850,36858
531420,36883,36887
122070,36913,36919
12283,36944,36950
531939,36974,36982
685642,37124,37130
539895,37156,37160
685642,37187,37197
531941,37218,37226
12352,37249,37255
348472,37280,37284
11113,37314,37318
735702,37348,37352
531941,37408,37412
552952,37437,37443
735702,37468,37472
531941,37526,37534
552952,37557,37563
735702,37603,37609
531941,37646,37654
552952,37675,37685
21018,40152,40160
21021,40185,40191
542451,40215,40221
14268,40249,40255
305492,40282,40286
17112,40313,40319
17104,40346,40352
16842,40381,40389
534194,40417,40425
122435,40492,40500
16819,40526,40532
295492,40567,40573
56805,40888,40896
117719,40919,40927
1895,40974,40978
149804,41018,41024
340801,41049,41053
340811,41079,41087
341066,41118,41124
55838,41151,41157
149564,41182,41190
149571,41218,41224
254349,41251,41257
402027,41345,41351
311708,41376,41380
402027,41442,41450
12553,41500,41510
5904,46721,46727
349445,46758,46762
5955,46787,46795
544761,46819,46825
349628,46940,46946
65525,46974,46982
5962,47010,47016
536719,47111,47119
541097,47141,47149
84836,47215,47219
5941,47244,47254
84845,47282,47290
56506,47318,47324
57769,47347,47355
57752,47422,47430
116446,47455,47459
684494,47489,47495
81627,47526,47530
113114,47558,47564
56517,47606,47610
56522,47634,47642
20372,47666,47670
345431,47695,47701
147095,47728,47732
345403,47758,47764
345324,47795,47799
17498,47824,47830
347457,47858,47864
20735,47890,47896
5588,47924,47928
13486,47970,47976
20707,48013,48021
20731,48045,48051
54827,48076,48084
54844,48152,48160
164230,48197,48203
116632,48236,48244
15139,48268,48276
15163,48303,48307
53924,48333,48343
690322,48369,48373
181516,48397,48405
1855,48465,48473
181276,48496,48504
276849,48651,48657
194205,48746,48752
1731,48778,48784
1756,48817,48825
68765,48890,48894
68770,48939,48947
4410,48996,49004
148340,49026,49034
55171,49061,49071
534221,49100,49108
181609,49154,49162
181613,49191,49195
55139,49237,49245
17729,49269,49273
23318,49309,49319
756277,49342,49352
81049,49377,49385
17831,49414,49422
198823,49502,49508
255058,49532,49538
200330,49564,49568
6940,49603,49607
346090,49642,49650
758044,49700,49708
76680,49777,49783
76682,49821,49827
6940,49943,49953
6949,50008,50014
95612,50039,50043
341931,50067,50075
540414,50115,50119
195342,50177,50185
531936,50217,50225
80726,50251,50259
80737,50301,50309
80663,50338,50342
19839,50368,50374
350821,50399,50405
350841,50442,50450
350857,50476,50482
19659,50514,50522
56035,50548,50556
144592,50583,50593
184006,50617,50623
346383,50650,50656
148024,50688,50694
19797,50722,50728
345040,50753,50761
19752,50812,50816
19760,50862,50872
344642,50914,50924
79836,50950,50956
270905,50995,50999
270887,51026,51036
20309,51072,51080
84967,51103,51109
346875,51136,51142
537467,51176,51184
346911,51207,51213
346916,51243,51247
4815,51280,51288
346925,51314,51320
346935,51344,51350
20099,51385,51391
346956,51421,51429
20154,51455,51465
57030,51491,51495
197564,51522,51528
576112,51657,51667
548088,51688,51696
57007,51721,51727
206363,51753,51761
548246,51784,51790
548114,51816,51822
3433,51847,51853
421361,51892,51898
147026,51923,51933
540454,51978,51984
4793,52009,52015
198055,52040,52044
198058,52070,52076
198071,52151,52159
346879,52180,52190
84919,52226,52232
20310,52263,52269
164091,52320,52326
5949,52352,52358
20453,52390,52394
84829,52447,52453
159278,52478,52484
57769,52516,52520
57752,52600,52606
116446,52633,52639
20418,52666,52672
20238,52696,52702
81627,52730,52736
113114,52760,52768
56517,52794,52800
4688,52825,52835
20372,52857,52863
345431,52898,52904
147095,52934,52940
345324,52968,52976
17495,52999,53007
22776,53029,53039
347457,53062,53068
116029,53093,53101
345251,53128,53134
683618,53163,53171
690772,53197,53207
53971,53246,53252
150172,53291,53297
340225,53341,53349
340228,53462,53468
542676,53493,53501
341611,53567,53575
322921,53601,53609
539579,53635,53641
581855,53680,53684
341616,53763,53769
546251,53798,53804
295552,53826,53836
503755,53879,53887
380329,53910,53918
503755,53944,53950
693365,53976,53980
491767,54072,54080
644450,54677,54683
503755,54707,54715
581818,54740,54746
148810,54770,54780
290680,54838,54846
4580,54869,54877
268196,54901,54909
229216,54957,54965
11107,55005,55013
11113,55043,55047
12291,55074,55082
12788,55104,55114
11797,55139,55145
410,55174,55184
1904,55206,55212
149968,55235,55243
55843,55291,55297
396869,55319,55329
396860,55409,55413
55858,55439,55447
532154,55477,55485
532276,55538,55546
1919,55580,55590
396594,55614,55624
12228,55653,55657
531890,55684,55694
289751,55720,55724
149571,55895,55899
532712,55925,55931
347663,55963,55971
151000,56007,56015
55809,56039,56045
290817,56070,56076
149962,56209,56217
12745,56244,56252
531288,56277,56283
530953,56410,56414
396664,56438,56446
307904,56472,56476
307815,56502,56508
340665,56531,56539
56458,56562,56570
340692,56593,56599
15403,56673,56681
307860,56705,56713
54290,56742,56748
149507,56792,56798
535029,56887,56891
307986,56935,56939
308378,56966,56972
13382,56998,57004
535275,57067,57075
535258,57104,57110
307962,57137,57143
308565,57166,57176
535183,57199,57207
1863,57260,57266
535022,57290,57296
149867,57357,57367
535023,57391,57395
535029,57457,57463
372721,57558,57564
535029,57709,57713
372721,57743,57749
535029,57838,57844
307986,57870,57876
339714,57906,57916
416574,57954,57958
56542,58003,58009
545599,58032,58042
13205,58065,58069
339571,58098,58104
13269,58130,58138
339578,58163,58169
55579,58197,58203
246111,58248,58254
372415,58279,58287
695875,58309,58319
150746,58345,58349
538877,58381,58385
2308,58410,58416
2966,58483,58493
123538,58550,58556
355308,58588,58594
2322,58663,58673
54968,58708,58714
346315,58736,58746
346314,58775,58783
348860,58815,58823
534611,58847,58851
152360,58903,58909
534599,59037,59043
354535,59072,59078
369669,59103,59109
535293,59155,59163
647682,59223,59229
72830,59316,59324
152361,59365,59373
388148,59598,59602
310340,59631,59639
385037,59675,59679
69525,59708,59712
388481,59743,59749
77049,59774,59780
17148,59807,59815
17152,59846,59852
198039,59880,59886
355473,59917,59923
115902,59947,59953
355482,59981,59991
21020,60018,60022
7210,60048,60052
265,60081,60089
18579,60114,60118
538854,60148,60156
80423,60180,60188
338205,60210,60218
338207,60243,60251
690670,60275,60281
353905,60318,60326
338211,60492,60498
15667,60526,60534
338258,60559,60567
338246,60631,60641
730,60674,60680
55147,60704,60712
147604,60761,60767
143186,60792,60796
546243,60820,60828
317366,60849,60859
148357,60881,60887
709596,60912,60920
55113,60970,60978
55108,61018,61026
23323,61052,61060
54555,61084,61090
81078,61113,61121
17726,61194,61202
341916,61229,61233
4454,61264,61270
341907,61301,61309
593797,61331,61339
76001,61361,61369
121030,61393,61399
75995,61428,61432
8066,61541,61551
8465,61572,61580
2442,61604,61612
2656,61634,61644
758670,61967,61971
55168,61999,62007
121058,62049,62055
685404,62095,62101
181609,62135,62141
181613,62177,62183
55139,62229,62235
86598,62265,62271
17728,62295,62301
756277,62338,62346
71701,62372,62378
55150,62408,62412
752,62451,62457
55090,62484,62490
277848,62514,62522
56634,62604,62612
54617,62655,62665
353912,62692,62702
583201,62726,62730
350395,62784,62790
321452,62833,62843
277839,62875,62881
350394,62906,62910
350395,62940,62944
353918,63118,63124
350939,63154,63158
541525,63185,63191
353923,63215,63221
56680,63252,63260
352760,63296,63302
54749,63333,63341
147683,63378,63384
56783,63409,63417
86132,63443,63453
339263,63478,63484
67062,63539,63545
568,63619,63625
534988,63649,63655
343235,63688,63698
343239,63726,63732
535181,63759,63763
410455,63791,63797
533966,63822,63828
535746,63869,63875
307871,63912,63916
340027,63966,63972
535155,64002,64008
535130,64031,64041
55544,64120,64130
267335,64162,64168
533517,64194,64200
460076,64242,64246
530987,64272,64278
120774,64305,64309
148116,64467,64473
340306,64503,64511
149533,64541,64549
53857,64585,64591
11683,64616,64626
147248,64650,64660
254382,64683,64693
402027,65656,65664
532751,65765,65771
293885,65800,65804
293896,65867,65875
273641,65907,65915
402096,65945,65949
149482,65990,65996
55810,66020,66030
290798,66052,66062
345979,66084,66090
55844,66134,66144
55858,66176,66186
1917,66213,66219
254326,66245,66251
147254,66315,66323
54333,66359,66369
11684,66391,66397
11678,66449,66459
147530,66481,66489
530670,66516,66522
54345,66554,66558
268605,66585,66593
289786,66703,66713
651831,66746,66752
684354,66815,66823
15294,66852,66858
15317,66915,66925
147310,66950,66958
126427,66983,66987
335544,67016,67022
335505,67084,67088
68716,67130,67136
126213,67159,67167
590840,67190,67196
126254,67220,67226
335940,67258,67264
335944,67290,67294
402428,67332,67340
685370,67373,67383
335989,67429,67435
739281,67517,67523
15254,71511,71517
407523,71558,71566
336147,71605,71609
336216,71637,71643
304579,71673,71681
164164,71708,71716
337452,71751,71757
54133,71849,71857
581808,71879,71887
337447,71939,71949
305271,72031,72037
55178,72066,72076
308178,72104,72108
55181,72139,72145
685047,72185,72193
444205,72260,72266
338544,72292,72296
690653,72330,72334
55174,72362,72366
484440,72510,72518
684021,72546,72550
336973,72595,72599
419573,72625,72629
181506,72654,72662
690318,72699,72705
147259,72786,72790
335365,73027,73031
181276,73059,73067
196316,73092,73100
181273,73131,73135
419571,73165,73173
181269,73200,73206
337939,73229,73239
650388,73261,73267
124879,73295,73305
819625,73330,73338
819621,73361,73369
587196,73390,73400
649707,73423,73429
444707,73451,73461
304448,73492,73496
484486,73567,73573
54137,73598,73602
337448,73640,73646
164110,73683,73693
164228,73729,73739
20781,73763,73771
116632,73804,73812
15138,73852,73858
15122,73883,73889
148211,74015,74019
590896,74043,74053
684072,74075,74081
54046,74111,74117
120632,74156,74162
2940,74229,74239
546701,74263,74271
282864,74309,74315
2883,74353,74357
336520,74383,74387
148305,74426,74432
123784,74464,74468
151697,74495,74499
316674,74524,74530
685641,74557,74563
334845,74599,74607
53882,74641,74645
334988,74682,74690
334867,74747,74753
151058,74824,74834
126452,74869,74875
334520,74912,74918
126447,74946,74952
335071,74984,74990
147134,75018,75024
334985,75052,75060
334895,75108,75114
334894,75156,75162
144358,75188,75198
126430,75222,75232
147327,75258,75266
147299,75305,75313
6451,75347,75355
415699,75431,75437
6452,75624,75630
6463,75670,75676
655840,75700,75710
415699,75761,75771
126411,75793,75801
126422,75827,75835
149342,75860,75868
335505,75905,75915
126272,75938,75948
149369,75970,75978
151145,76033,76041
273847,76064,76074
13345,76147,76155
335377,76177,76187
690673,76209,76215
147358,76241,76245
15124,76331,76339
685717,76385,76395
57916,76418,76422
68739,76447,76455
419589,76479,76483
57909,76506,76516
6270,76542,76550
654131,76573,76583
6273,76609,76615
320580,76723,76733
146667,76756,76760
384498,76853,76863
685561,76889,76893
582847,76923,76929
254915,76954,76958
68750,76985,76993
181276,77017,77023
419567,77048,77054
419571,77076,77086
419576,77112,77120
1840,77227,77231
203879,77262,77270
68765,77319,77325
68770,77371,77377
4410,77416,77424
2496,77445,77455
55168,77481,77485
784638,77510,77516
685404,77549,77555
181609,77581,77585
181613,77615,77623
55139,77662,77670
17729,77701,77707
3242,78080,78088
80662,78111,78117
3240,78141,78149
2063,78217,78223
350433,78250,78258
87170,78283,78289
148351,78315,78321
72454,78348,78354
643292,78378,78386
761000,78407,78417
2025,78541,78547
2036,78585,78595
143013,78616,78626
82796,78661,78667
350083,78700,78706
82800,78987,78991
350083,79039,79047
82800,79140,79148
350083,79192,79196
350123,79221,79229
350884,79253,79257
20850,79282,79290
351041,79315,79319
1112,79346,79354
57862,79387,79395
351573,79426,79434
351478,79460,79468
64,79524,79532
688895,79553,79563
375,79588,79594
289209,79618,79624
21018,79652,79660
540916,79691,79695
7159,79738,79746
122329,79771,79777
355487,79807,79811
281601,79841,79847
254276,79873,79881
533071,79907,79917
17108,79943,79951
16842,79982,79988
534192,80013,80021
289213,80044,80050
16797,80087,80091
16830,80135,80143
652156,80168,80174
126,80207,80217
330139,80241,80245
55671,80272,80282
17260,80315,80323
348241,80346,80354
17307,80385,80395
17317,80427,80435
351024,80458,80466
351007,80491,80499
551475,80572,80580
70348,80602,80610
70311,80640,80644
3778,80669,80677
152159,80700,80708
197993,80732,80740
352335,80769,80779
57315,80825,80833
352775,80899,80903
564712,80928,80938
488364,80960,80966
564768,81098,81102
487291,81155,81159
641858,81193,81201
487289,81227,81237
758689,81264,81272
83447,81301,81309
332174,81337,81341
564604,81366,81372
481492,81422,81430
70477,81470,81476
547256,81498,81508
352728,81531,81535
581468,81560,81566
148691,81604,81612
57243,81644,81652
349027,81680,81688
84442,81712,81720
75856,81745,81751
202249,81775,81781
180,81829,81835
652057,81876,81882
85594,81905,81913
84180,81938,81942
535973,81968,81974
338034,82030,82034
576535,82059,82065
403029,82124,82134
3097,82161,82167
537166,82255,82261
613139,82291,82295
349491,82341,82347
350334,82371,82377
330461,82411,82415
350625,82441,82447
3385,82472,82476
450153,82500,82508
535399,82533,82541
655616,82568,82572
326198,82611,82615
85790,82653,82659
345831,82701,82707
402383,82729,82739
3400,82829,82833
539030,82859,82865
529916,82909,82917
565254,82941,82945
407550,82982,82988
146789,83020,83030
84936,83057,83061
267858,83085,83093
354271,83118,83124
57111,83152,83160
350064,83186,83192
548222,83216,83222
5132,83277,83285
57146,83307,83317
56014,83341,83347
353730,83371,83379
381964,83405,83413
795398,83435,83443
542187,83467,83477
410618,83499,83505
1187,83543,83551
280469,83576,83582
264725,83642,83646
347971,83686,83690
80597,83763,83773
6011,83857,83865
347315,83886,83896
6042,83917,83925
144674,83955,83961
880655,83986,83996
342731,84027,84031
1644,84055,84063
184057,84084,84094
56496,84124,84128
535091,84154,84160
20410,84184,84192
20414,84215,84225
20419,84271,84277
344242,84314,84320
650946,84345,84351
84694,84385,84395
84596,84420,84428
536855,84457,84467
75853,84499,84505
202247,84534,84542
4652,84589,84597
57084,84626,84632
70189,84656,84666
70303,84704,84710
3778,84742,84750
70511,84772,84780
328469,84803,84809
152089,84848,84854
152109,84888,84898
606221,84922,84926
152208,84950,84958
352824,84990,85000
352984,85032,85036
352382,85063,85071
152176,85099,85107
455079,85128,85138
330618,85161,85167
349513,85194,85198
351539,85234,85242
330709,85264,85272
640047,85346,85352
815255,85376,85382
627736,85404,85414
637597,85435,85443
627608,85468,85472
351532,85511,85521
3914,85557,85563
639195,85586,85594
654819,85617,85627
629713,85649,85659
273727,85680,85688
273741,85715,85723
545422,85746,85752
191295,85795,85801
350993,85831,85837
535096,85865,85873
120846,85913,85917
17300,85947,85955
17223,85979,85985
55675,86010,86018
74345,86048,86056
55660,86080,86088
81,86111,86117
267118,86163,86169
651834,86201,86207
13119,86231,86237
11712,86261,86267
149908,86306,86316
54480,86356,86362
12216,86386,86392
