160072,459,469
54174,496,502
458863,535,543
148190,587,593
349195,619,627
867,649,657
15637,686,694
9814,739,747
147711,773,779
109753,803,811
692,838,844
15884,872,878
697375,908,916
697382,972,982
201294,1007,1013
342277,1037,1045
57862,1196,1200
331686,1313,1321
5413,1360,1366
23163,1411,1417
818939,1440,1448
23164,1476,1482
545960,1519,1525
342648,1556,1560
342652,1610,1618
1134,1648,1656
351493,1680,1688
57612,1953,1959
202015,1982,1990
82788,2090,2096
693529,2121,2129
202015,2152,2158
82788,2328,2334
541201,2360,2370
693529,2392,2398
351458,2423,2427
62,2455,2461
148873,2488,2494
6893,2519,2527
342360,2550,2556
301362,2579,2587
23450,2611,2617
15877,2645,2649
23450,2683,2689
55142,2713,2719
15883,2759,2767
5420,2807,2811
346007,2878,2884
812613,2964,2972
342277,2998,3004
1384,3030,3038
342277,3062,3070
5568,3103,3111
861494,3133,3143
10234,3167,3173
708,3202,3208
540476,3233,3237
82691,3282,3290
55285,3322,3330
338259,3364,3372
338250,3404,3414
338258,3448,3458
353866,3485,3489
338258,3530,3536
652300,3564,3570
338167,3592,3602
727,3641,3649
9814,3670,3680
109753,3701,3711
542572,3735,3739
342152,3773,3779
818,3808,3814
268040,3837,3845
538101,3868,3874
286484,3982,3990
237724,4012,4020
324016,4042,4050
7485,4074,4078
237718,4108,4116
338766,4139,4145
586084,4169,4175
402640,4197,4207
2388,4227,4237
655989,4267,4275
19360,4301,4311
333059,4341,4347
333270,4415,4423
317381,4448,4454
7667,4480,4484
338328,4507,4517
612796,4542,4548
313908,4572,4582
490971,4606,4612
53986,4639,4647
410536,4670,4680
410518,4707,4713
539172,4737,4747
147061,4787,4795
341331,4821,4827
54163,4855,4861
57730,4886,4894
532172,4917,4927
54164,4955,4959
54174,4987,4991
23454,5020,5024
1040,5049,5055
5420,5080,5084
346007,5170,5176
86701,5389,5393
5568,5424,5432
540708,5455,5461
345859,5486,5492
10234,5517,5523
704,5547,5555
648748,5578,5584
540478,5617,5625
724,5663,5671
54439,5695,5705
435992,5731,5737
151509,5768,5774
152075,5805,5813
152072,5839,5843
576064,5868,5874
260538,5898,5906
1489,5939,5945
854,5981,5985
348938,7293,7303
562165,7329,7333
437932,7426,7434
863,7461,7467
564764,7496,7502
565031,7531,7535
541526,7566,7570
4534,7599,7607
54749,7846,7856
120830,7876,7886
147683,7938,7942
684196,7977,7981
120833,8007,8011
567976,8042,8046
54505,8078,8082
683484,8114,8120
345642,8147,8155
289263,8179,8187
1490,8212,8218
54083,8243,8251
56728,8273,8281
10770,8309,8313
351255,8339,8345
56635,8394,8400
540528,8422,8432
56635,8464,8472
534869,8527,8531
56620,8561,8567
277848,8607,8611
277846,8636,8646
562085,8669,8679
201091,8702,8706
886518,8731,8737
351725,8761,8769
421447,8793,8799
6374,8825,8831
393158,8855,8861
153883,8889,8897
622130,8919,8927
887867,8948,8958
661424,8978,8988
353870,9010,9016
147076,9115,9123
338246,9147,9155
9814,9179,9187
347541,9211,9215
82539,9240,9248
342152,9270,9278
819,9316,9322
538101,9345,9353
121266,9413,9417
268166,9441,9449
324004,9479,9483
340207,9513,9523
7362,9545,9551
7529,9579,9587
537353,9613,9621
690247,9666,9674
540655,9695,9705
339295,9728,9738
21234,9769,9773
690241,9801,9805
7415,9830,9836
53952,9862,9868
341394,9893,9897
20519,9936,9944
345294,9969,9973
20243,9998,10008
17488,10035,10041
198038,10080,10086
533234,10109,10119
17104,10151,10159
254973,10184,10194
542937,10220,10228
534194,10253,10261
1955,10283,10291
534459,10314,10322
535906,10348,10354
433076,10377,10385
564055,10474,10478
538289,10538,10542
538296,10606,10612
564055,10635,10645
538296,10729,10733
392786,10762,10768
392781,10795,10799
564055,10886,10894
538289,10985,10991
6226,11027,11033
56805,11110,11118
348777,11145,11155
72911,11176,11184
150780,11207,11215
16747,11241,11247
16824,11291,11295
16830,11320,11330
652156,11351,11361
126,11384,11392
55664,11418,11426
74347,11453,11463
17250,11489,11497
342343,11521,11527
90647,11562,11570
530150,11601,11607
342331,11631,11637
152632,11662,11670
398339,11694,11702
564608,11727,11731
571013,11760,11768
342939,49391,49399
315947,49428,49434
342262,49460,49466
294545,49493,49497
315950,50066,50076
294688,50102,50110
346411,50133,50141
342409,57337,57347
315947,57381,57391
294686,57430,57436
448261,57465,57469
448281,57495,57503
342411,57527,57535
342416,57564,57570
342426,57609,57613
530703,57645,57653
402142,57675,57685
152631,57715,57721
343355,57757,57763
342332,57795,57803
341882,57828,57836
306234,58935,58945
535128,58972,58980
2299,59067,59075
347910,59098,59104
347924,59130,59138
347923,59167,59173
347928,59199,59207
347934,59233,59237
2750,59270,59278
148861,59322,59330
17118,59354,59360
17103,59426,59434
355457,59460,59468
7203,59494,59504
355480,59527,59533
21019,59559,59563
651857,59588,59594
20975,59617,59627
271,59652,59660
397,59690,59698
374,59770,59778
148899,59803,59811
6895,59874,59878
5549,59911,59919
5425,59945,59953
6935,59979,59983
200330,60256,60262
548279,60289,60293
888239,60380,60388
762716,60414,60422
5425,60511,60519
2086,60545,60555
540854,60649,60657
345871,60697,60701
5563,60729,60737
690878,60762,60766
384769,60929,60939
6571,60962,60966
6568,60994,60998
6949,61082,61086
683868,61129,61137
5564,61314,61320
86701,61343,61351
23164,61566,61574
289338,61651,61655
6893,61697,61701
812220,61725,61733
290520,61765,61771
316873,61823,61829
692907,61852,61860
585221,61891,61897
995095,62036,62042
1381,62069,62073
86701,63147,63153
342277,63180,63186
76680,63315,63321
6568,63394,63402
342272,63434,63442
1384,63489,63497
86701,63529,63533
23156,63603,63611
1030,63644,63654
57859,63678,63688
309743,63709,63717
6904,63816,63826
351493,63849,63859
343912,63943,63951
12380,63975,63985
349131,64017,64023
349123,64048,64056
300380,64079,64087
70802,64115,64119
349673,64143,64151
307329,64184,64190
564619,64216,64224
430936,64254,64260
309216,64285,64295
309207,64321,64331
289238,64369,64379
351621,64412,64416
206468,64440,64448
82788,64583,64591
206468,64613,64621
82788,64674,64684
201993,64707,64715
861203,64740,64748
351419,64785,64791
57604,64828,64834
684615,64861,64867
351469,64898,64904
351478,64929,64935
342662,64963,64971
6890,64996,65004
6893,65050,65060
564870,65082,65088
5549,65132,65138
683868,65509,65515
6940,65541,65547
1384,65708,65712
86701,65752,65762
346489,65789,65795
540602,65820,65824
345865,65848,65858
348492,65886,65894
812633,65916,65926
708,65951,65957
23445,66029,66035
456929,66063,66069
651,66097,66103
143233,66152,66162
694051,66183,66191
344033,66212,66222
109753,66251,66259
57740,66285,66289
347241,66314,66322
15884,66345,66355
201294,66531,66541
5568,66565,66573
5420,66599,66603
23149,66626,66636
22253,66659,66665
690925,66701,66709
200330,66732,66740
6579,66786,66796
22253,66818,66824
317255,66854,66864
23149,66897,66907
22250,66928,66938
384769,66965,66973
95614,67001,67005
142779,67032,67040
698835,67147,67157
317269,67189,67199
431238,67224,67230
142782,67254,67260
709779,67296,67300
116452,67337,67347
154694,67474,67482
254811,67505,67513
540626,67553,67557
339,67580,67590
544867,67613,67619
23445,67645,67649
715,67680,67686
147687,67715,67725
344097,67792,67800
54428,67832,67836
344110,67865,67871
540601,67896,67904
15876,67928,67934
124319,67969,67977
695017,68006,68010
440883,68041,68045
210720,68074,68080
620853,68147,68151
351645,68180,68186
351646,68229,68237
57821,68263,68269
148105,68293,68301
82691,68358,68364
727,68394,68400
338647,68425,68433
349240,68529,68535
79365,68559,68565
55275,68613,68621
353624,68655,68661
319653,68702,68710
563659,68736,68744
80237,68787,68795
347504,68823,68831
740,68878,68886
534864,68921,68927
147711,68952,68958
147715,69002,69008
57740,69033,69037
346562,69063,69069
148369,69097,69103
154694,69127,69137
812471,69240,69248
346982,69274,69282
15883,69315,69319
346007,69382,69390
6568,69510,69518
683868,69567,69573
543824,69672,69680
6570,69703,69711
86701,69804,69810
5460,69834,69842
301375,69872,69876
1030,69973,69977
57862,70017,70023
351573,70059,70067
351527,70091,70101
6904,70147,70153
351493,70188,70192
351620,70219,70227
57609,70269,70273
206468,70313,70317
542770,70343,70347
972474,70391,70395
309794,70422,70432
404981,70480,70484
350654,70620,70630
308053,70658,70666
308051,70691,70699
541948,70725,70729
350802,70754,70760
206468,70795,70803
82788,71120,71130
542991,71155,71161
541258,71190,71194
82788,71509,71513
201993,71541,71547
328044,71584,71592
693529,71614,71622
206386,71647,71655
17515,71678,71684
20856,71710,71716
64,71799,71803
342654,71831,71837
351560,71866,71870
5547,71902,71910
342360,71932,71942
55155,71964,71972
683868,72087,72095
76680,72136,72140
342272,72173,72177
762719,72223,72231
301375,72254,72260
23156,72307,72313
812223,72338,72346
1030,72383,72389
57862,72412,72420
351573,72446,72452
6904,72528,72532
2040,72557,72567
351493,72591,72601
351621,72629,72633
82788,72661,72667
351426,72694,72704
206400,72728,72736
546438,72760,72764
142207,72789,72797
430425,72841,72851
430424,73004,73008
401497,73070,73078
181435,73104,73110
67083,73136,73140
57192,73167,73175
20899,73209,73215
685224,73244,73252
20883,73276,73282
148883,73308,73314
1112,73340,73348
345574,73371,73381
351561,73403,73411
6895,73444,73454
76680,73705,73711
6568,73793,73797
200344,73847,73853
346129,73890,73898
200337,73923,73931
346145,73959,73965
540638,73990,73998
5564,74046,74054
690792,74078,74084
346187,74106,74116
1090,74170,74180
540445,74205,74211
14026,74239,74247
458224,74276,74280
147041,74305,74311
341860,74342,74346
5144,74372,74380
342127,74404,74410
23244,74475,74479
537208,74525,74531
536144,74763,74773
57434,74799,74805
342157,74829,74839
342121,74869,74875
354545,74898,74908
346700,74930,74936
14018,74963,74973
181487,74995,75001
680489,75028,75036
55716,75066,75074
144589,75097,75103
540520,75127,75135
690798,75159,75165
19051,75188,75196
346486,75224,75228
346484,75253,75261
5425,75285,75293
345862,75317,75327
348492,75353,75357
109758,75382,75390
147687,75414,75420
662,75450,75460
356268,75486,75490
568787,75518,75524
151509,75576,75580
80238,75616,75622
563659,75647,75657
349197,75690,75700
349199,75728,75736
148791,75759,75767
683882,75789,75799
21409,75837,75843
21414,75877,75881
727,75904,75914
9814,75946,75952
109753,75979,75983
692,76011,76019
15884,76062,76068
697375,76110,76116
697382,76166,76172
201294,76202,76210
86701,76239,76249
158322,76271,76279
539919,76302,76310
57858,76339,76345
55080,76367,76377
695009,76404,76410
5411,76439,76447
5541,76471,76479
82617,76506,76510
23164,76553,76561
1116,76584,76594
342648,76622,76630
351045,76686,76692
348609,76716,76724
50,76747,76755
147513,76873,76881
57818,76911,76917
147513,76947,76951
328019,77014,77020
351493,77055,77065
343912,77283,77287
351467,77316,77320
17515,77356,77360
351478,77392,77398
20856,77433,77437
849018,77463,77467
351560,77493,77499
5549,77526,77532
6939,77556,77562
5568,77663,77667
23144,77712,77720
6949,77744,77754
683868,77809,77813
6568,77856,77860
200344,77886,77892
200337,77936,77942
346145,77990,77996
762719,78023,78031
1384,78055,78063
5493,78085,78093
342278,78115,78123
575370,78160,78166
142705,78209,78215
812221,78241,78247
342286,78284,78290
316873,78327,78335
316918,78362,78370
1058,78395,78403
690800,78430,78436
86701,78507,78513
5425,78539,78543
1041,78568,78574
15881,78598,78606
23450,78672,78682
348353,78703,78713
669270,78741,78751
71170,78772,78780
71178,78805,78811
348352,78836,78842
143250,78868,78874
346566,78899,78905
152792,78933,78943
148369,78968,78972
540715,78996,79004
346984,79027,79033
15883,79069,79079
5420,79103,79111
201294,79134,79140
257091,79165,79173
812223,79265,79273
1131,79296,79306
146652,79330,79334
277638,79399,79409
353005,79440,79450
693217,79472,79478
342284,79526,79530
342287,79559,79567
316873,79598,79608
316918,79637,79641
1058,79693,79699
690800,79726,79730
346484,79766,79776
23158,79797,79807
86701,79829,79839
6939,79860,79868
55155,79891,79901
23144,79933,79937
346090,79972,79980
1030,80203,80211
351567,80234,80242
351526,80271,80281
6904,80329,80333
351484,80359,80363
351620,80395,80399
57608,80427,80431
542772,80458,80462
309794,80487,80495
761485,80524,80530
351825,80555,80561
351831,80586,80592
354816,80614,80624
911,80751,80759
153809,80784,80794
421443,80819,80827
652324,80850,80856
55748,80881,80887
350726,80912,80918
17515,80943,80947
307329,80976,80982
567851,81006,81012
586070,81037,81041
166809,81070,81078
347431,81102,81108
57826,81177,81181
724,81216,81224
568787,81248,81252
21421,81280,81286
152070,81313,81319
152589,81350,81358
546779,81386,81392
348456,81433,81441
55089,81470,81478
348390,81505,81511
144057,81556,81562
147715,81586,81594
57740,81621,81627
55142,81653,81661
1033,81685,81693
15884,81723,81731
5420,81768,81776
346007,81799,81807
1384,81831,81837
23144,81876,81886
346090,81919,81923
95612,81947,81955
198827,81987,81995
80748,82021,82031
761,82060,82068
55150,82094,82098
55099,82137,82143
534477,82168,82178
348964,82204,82212
348963,82239,82247
276634,82272,82278
276639,82305,82313
348963,82346,82354
55100,82410,82416
348390,82447,82455
348434,82482,82488
147715,82515,82523
651,82575,82583
254085,82607,82613
347241,82637,82645
15883,82677,82685
346007,82709,82719
345862,82743,82749
346007,82830,82836
6568,82861,82867
5564,82889,82899
346187,82925,82929
357333,82953,82961
147041,82985,82993
110216,83040,83046
206381,83074,83080
758133,83104,83112
55443,83134,83142
654102,83166,83176
333658,83204,83210
57180,83232,83242
537069,83266,83270
141630,83296,83300
341797,83326,83330
57172,83364,83370
3254,83395,83403
2063,83424,83434
181435,83461,83469
206316,83491,83499
57192,83524,83530
20899,83566,83574
20875,83597,83603
20883,83631,83639
1112,83711,83721
345871,83977,83985
148868,84009,84013
331686,84066,84074
545960,84104,84114
210740,84136,84144
351646,84169,84175
666,84199,84207
540431,84228,84238
855,84263,84269
82691,84306,84312
317666,84342,84350
55274,84377,84383
695464,84444,84448
349234,84471,84481
319666,84514,84520
353624,84555,84561
347499,84590,84598
560155,84622,84630
354773,84654,84664
578399,84688,84692
351261,84721,84727
147715,84754,84764
147604,84789,84795
1033,84820,84830
15883,84850,84860
5420,84885,84895
697377,84951,84957
697382,85106,85114
697377,85164,85170
346008,85417,85427
301363,85457,85461
342277,85488,85492
640652,85545,85551
1051,85589,85597
15881,85627,85637
343,85662,85666
147075,85692,85696
342150,85740,85746
887048,85773,85777
819,85802,85812
342231,85840,85848
324060,85869,85879
121266,85928,85932
384080,85956,85964
278269,85990,86000
338518,86023,86031
338530,86064,86072
7378,86095,86105
340211,86128,86134
684554,86159,86167
1269,86196,86202
340220,86227,86235
21251,86258,86266
339650,86290,86294
2819,86326,86334
