336277,484,490
564049,515,521
2842,568,574
290649,599,607
74440,631,637
542379,661,669
212198,711,719
768876,759,765
212184,789,799
541678,825,831
148158,871,877
892855,901,907
54821,929,939
347417,962,968
4337,997,1001
339211,1029,1033
71829,1063,1073
694872,1173,1183
690569,1208,1212
337025,1475,1483
54616,1507,1511
337028,1538,1542
534689,1575,1579
151044,1613,1621
685697,1642,1652
53959,1686,1696
685050,1718,1724
338544,1747,1755
690653,1795,1799
410353,1829,1837
2684,1860,1866
289189,1891,1895
567860,2054,2062
571305,2084,2092
819630,2115,2121
148502,2144,2154
581282,2175,2183
147257,2204,2214
53979,2259,2269
419590,2329,2335
53674,2361,2367
289337,2411,2421
684090,2443,2453
337462,2476,2480
57914,2508,2516
684090,2540,2544
444851,2569,2577
200312,2624,2630
15232,2681,2689
116633,2713,2721
20771,2745,2755
20633,2807,2817
651861,2840,2848
20706,2879,2887
345200,2909,2919
683572,2942,2950
116514,2975,2979
13460,3002,3012
146829,3034,3044
13457,3069,3077
13460,3107,3117
684402,3143,3151
548281,3262,3266
740932,3380,3386
146832,3410,3416
489944,3444,3448
5598,3501,3511
13479,3542,3548
20737,3571,3579
116031,3602,3610
531875,3633,3639
541330,3667,3671
410484,3698,3706
12455,3730,3738
384070,3761,3769
339595,3806,3812
54275,3839,3849
321592,3869,3879
354718,3903,3911
651627,3935,3941
4517,3965,3971
10762,4031,4035
348722,4066,4070
348724,4108,4112
56620,4143,4153
545006,4177,4185
57839,4212,4218
260537,4242,4250
1489,4288,4294
541030,4319,4327
868,4380,4388
350287,4416,4420
54749,4460,4468
147675,4492,4500
147683,4531,4535
56783,4561,4567
86132,4604,4614
403095,4638,4644
482653,4672,4678
302503,4831,4837
339258,4861,4867
308398,4922,4928
684191,4956,4960
56670,4990,4998
548131,5023,5029
539248,5057,5063
533354,5092,5098
401103,5127,5131
289303,5162,5168
13486,5211,5217
20707,5244,5252
20731,5274,5282
652069,5309,5319
54844,5359,5369
164230,5400,5406
116632,5429,5439
15163,5473,5483
68739,5506,5516
654509,5540,5548
561993,5606,5614
53831,5651,5661
148613,5685,5691
22874,5726,5730
15185,5756,5760
116633,5803,5809
20771,5834,5840
20633,5896,5902
651861,5930,5938
20705,5961,5969
345200,6003,6011
13476,6041,6047
20740,6073,6077
54635,6104,6108
345292,6141,6151
14245,6189,6195
148858,6224,6230
21019,6256,6266
7210,6294,6302
122254,6329,6339
349564,6362,6366
73959,6395,6405
73966,6480,6488
920259,6520,6526
73974,6554,6560
256958,6583,6593
20966,6617,6625
21021,6649,6659
122329,6683,6687
652065,6712,6722
122351,6755,6761
148888,6784,6792
347458,6830,6834
116029,6867,6871
345252,6894,6904
13486,6935,6941
54414,6966,6972
54827,7019,7025
54844,7076,7086
164230,7116,7126
116632,7151,7159
15163,7202,7210
53924,7237,7241
567704,7265,7273
289333,7301,7305
6270,7331,7337
684090,7362,7366
53674,7396,7402
53976,7427,7433
125850,7460,7464
336600,7490,7494
683929,7519,7529
797566,7551,7557
15023,7596,7602
54718,7643,7653
654228,7680,7686
54244,7711,7717
7192,7741,7751
144440,7774,7780
145445,7832,7836
543758,7861,7869
145460,7892,7898
145422,7922,7928
334253,7955,7959
537021,7987,7993
15563,8035,8041
17452,8066,8072
862585,8095,8105
15002,8134,8138
54243,8168,8174
798518,8196,8206
53671,8241,8245
351147,30099,30109
20091,30136,30144
351179,30184,30190
20216,30223,30229
546030,30252,30260
4798,30292,30296
198071,30363,30373
85003,30404,30410
22951,30435,30445
84887,30483,30489
3429,30514,30522
22958,30564,30570
84947,30626,30632
57140,30730,30740
769042,30951,30957
769047,30987,30995
769054,31067,31071
769051,31158,31162
769045,31186,31194
769054,31250,31254
410238,31366,31372
403203,31396,31404
20233,31425,31435
541875,31455,31465
57360,31491,31499
55756,31525,31531
346054,31555,31561
346053,31598,31606
323893,31641,31649
262791,31675,31681
56936,31716,31726
82754,31758,31766
372143,31791,31801
372146,31831,31835
372148,31865,31871
151791,31920,31924
324713,32016,32020
82755,32065,32073
342548,32107,32117
151756,32143,32153
342525,32174,32184
324096,32208,32218
542612,32242,32252
439988,32277,32285
56927,32336,32344
323009,32373,32383
654472,32416,32422
535423,32457,32465
56954,32503,32513
537175,32541,32547
84831,32579,32585
84829,32614,32620
159278,32648,32658
20432,32686,32696
57752,32751,32761
20406,32799,32805
855618,32839,32847
20418,32912,32918
20238,32973,32983
81627,33018,33028
113110,33067,33073
57770,33100,33104
56517,33152,33160
4688,33188,33196
20372,33219,33225
345431,33248,33258
345418,33279,33287
54740,33309,33317
1279,33344,33354
345330,33382,33390
345302,33414,33424
644758,33449,33457
544760,33481,33485
20509,33523,33529
20497,33562,33572
324418,33604,33610
2380,33644,33650
683554,33691,33697
539391,33723,33731
683554,33754,33762
539391,33793,33797
57735,33829,33835
75165,33966,33972
338754,33998,34002
237721,34089,34095
323083,34423,34429
237724,34460,34466
54153,34489,34497
756,34542,34546
278270,34570,34578
340207,34601,34609
7378,34631,34639
340216,34670,34676
694446,34703,34709
539599,34734,34742
812538,34766,34772
313960,34822,34830
54398,34859,34867
161312,34893,34899
339661,34922,34930
684342,34968,34972
323938,35006,35012
54912,35078,35084
337022,35116,35124
151876,35153,35159
337003,35188,35198
54827,35262,35272
20546,35308,35314
548394,35339,35345
21878,35385,35393
336311,35415,35423
336303,35446,35456
548348,35482,35492
537016,35514,35520
336256,35548,35556
337456,35590,35598
164230,35627,35635
116632,35665,35675
273836,35698,35704
148286,35735,35741
273798,35768,35776
545023,35800,35810
890168,35833,35839
19603,35900,35906
799060,35939,35945
53997,35984,35994
148078,36042,36052
316243,36075,36081
401188,36105,36111
452502,36136,36146
1697,36384,36390
335114,36414,36420
751464,36454,36460
534653,36482,36492
695876,36519,36523
19622,36551,36557
148764,36591,36597
54709,36638,36644
15072,36673,36683
15076,36716,36722
336572,36798,36808
336573,36845,36851
15069,36879,36883
1694,36906,36916
54243,36970,36978
798519,37004,37008
463996,37033,37041
53671,37069,37077
57907,37098,37108
561993,37208,37214
654509,37241,37245
561993,37323,37333
289336,37538,37546
53976,37572,37578
57904,37603,37609
337465,37632,37642
53978,37714,37718
53818,37741,37751
15232,37776,37782
116633,37819,37827
20771,37864,37870
20633,37962,37970
20674,38015,38021
54863,38089,38097
651861,38141,38149
532131,38171,38179
310898,38206,38210
20704,38237,38241
347417,38266,38274
337012,38306,38312
191270,38353,38359
54152,38395,38399
534529,38529,38535
419601,38558,38566
191282,42213,42221
13488,42251,42259
13486,42301,42309
20707,42344,42352
20731,42388,42394
54827,42423,42429
54844,42502,42506
164230,42551,42555
116632,42595,42601
15139,42625,42631
53920,42664,42674
68738,42708,42718
68739,42766,42772
419582,42799,42803
654509,44210,44220
561993,50557,50563
57914,50591,50599
289337,50644,50650
337463,50703,50711
574353,50740,50750
567703,50788,50796
15217,50832,50838
335372,50871,50879
147292,50901,50909
336095,50932,50940
336097,50975,50981
335989,51006,51014
336097,51036,51044
402443,51072,51078
402433,51102,51110
149333,51135,51143
581779,51175,51181
335564,51216,51220
149334,52423,52431
126261,52452,52462
126239,52543,52553
534280,52579,52585
126270,52639,52645
335486,52672,52678
335501,52719,52723
126314,52757,52763
149352,52817,52827
539748,53060,53068
756313,53106,53112
122066,53136,53142
13429,53170,53178
254218,53203,53211
254219,53237,53245
254218,53268,53274
254219,53315,53319
655032,53363,53367
254219,53406,53416
533329,53439,53445
254219,53477,53481
655032,53541,53551
254219,53593,53597
655032,53656,53662
313013,53695,53699
269121,53726,53734
591910,53755,53765
13428,53821,53825
13422,53891,53897
11805,53924,53928
12789,53952,53960
336572,54425,54431
15088,54483,54489
15071,54514,54522
15002,54556,54564
54243,54603,54611
22859,54638,54646
53973,54671,54677
575549,54704,54714
147278,54737,54745
289337,59742,59752
419588,59776,59784
337463,59814,59820
337465,59844,59850
15218,59875,59883
15232,59942,59946
116633,59987,59995
20771,60024,60032
20633,60096,60104
651861,60136,60142
20705,60167,60175
345187,60197,60205
345201,60233,60239
13476,60269,60275
651847,60304,60308
54635,60336,60344
345292,60377,60383
20242,60408,60414
345321,60441,60447
345402,60481,60487
55004,60518,60524
20367,60551,60557
56521,60583,60587
6100,60615,60621
57794,60676,60684
56496,60726,60736
346706,60763,60771
4225,60801,60809
20414,60849,60855
57766,60904,60910
159276,60936,60942
346730,60969,60975
20458,61014,61022
346741,61050,61054
270876,61080,61084
270886,61122,61128
20309,61163,61169
84968,61195,61201
346835,61229,61237
85010,61267,61273
20208,61298,61308
4753,61336,61344
20221,61381,61391
346920,61418,61424
346925,61448,61456
346935,61491,61499
20106,61531,61539
20096,61568,61576
150572,61602,61610
351147,63785,63791
20087,63815,63823
351179,63874,63878
20216,63921,63927
546030,63959,63967
198055,63991,63995
198071,64095,64101
73449,64125,64131
22951,64156,64164
84887,64262,64272
22958,64301,64305
161087,64333,64337
320086,64397,64405
769051,64527,64533
769045,64564,64572
769054,64597,64607
769051,64637,64643
769054,64670,64678
769051,64715,64721
769049,64752,64756
769054,64786,64796
769047,64876,64880
769049,64937,64947
696548,64969,64975
57129,64998,65006
403204,65027,65037
1164,65058,65066
57111,65093,65101
655782,65128,65134
350062,65160,65164
5136,65210,65220
5132,65252,65262
146852,65298,65304
353349,65332,65338
57148,65373,65381
487024,65425,65433
538320,65457,65463
487051,65488,65492
487058,66130,66138
487035,66166,66174
289218,66237,66247
354208,66298,66306
148055,66335,66339
142864,66365,66371
586389,66396,66404
257108,66427,66433
5307,66468,66476
807991,66499,66505
195051,66537,66543
3219,66568,66576
147444,66612,66618
346585,66643,66647
346606,66681,66687
21744,66716,66724
5143,66753,66761
384440,66784,66790
419398,66814,66820
98,66843,66853
459782,66873,66883
151963,66905,66915
55744,66940,66944
286676,66970,66978
333666,67014,67018
119329,67079,67085
80704,67147,67153
80712,67184,67190
106,67227,67231
54556,67291,67297
86627,67324,67328
86555,67923,67927
195385,67975,67985
81077,68021,68029
17711,68061,68069
17726,68195,68201
338162,68246,68250
341916,68295,68301
651842,68336,68344
4454,68375,68381
181608,68412,68418
19517,68455,68463
652063,68489,68497
19450,68521,68527
83680,68565,68573
148339,68607,68615
151403,68643,68649
121030,68687,68697
336955,68733,68741
75995,68766,68772
68771,68830,68838
68779,68883,68889
68741,68919,68923
335354,68959,68967
68754,69014,69018
650388,69059,69067
484514,69092,69098
124964,69133,69137
336662,69198,69206
148605,69291,69301
147278,69332,69342
289337,69364,69370
684090,69394,69400
561993,69656,69660
568758,69686,69694
419585,69741,69751
654509,69810,69818
57909,69858,69866
53674,69890,69896
53976,69945,69955
770534,69999,70005
575551,70079,70085
683897,70112,70118
336100,70198,70204
147333,70229,70237
636009,70261,70267
444850,70320,70328
644912,70380,70384
484543,70409,70415
636002,70440,70448
484543,70476,70486
636009,70510,70516
647194,70542,70548
336000,70574,70580
53811,70609,70619
798521,70644,70654
575549,70677,70681
53977,70714,70720
289337,70751,70759
419588,70786,70792
337463,70816,70826
567703,70850,70860
200312,70894,70902
15232,70989,70995
116633,71036,71042
20771,71074,71082
20633,71146,71152
651861,71182,71186
20705,71212,71218
345189,71243,71251
345201,71275,71279
13476,71312,71320
345223,71343,71351
54635,71386,71394
345292,71438,71446
20242,71477,71487
14263,71515,71523
17488,71571,71577
17489,71631,71637
17474,71670,71678
198038,71711,71717
17112,71753,71759
533070,71788,71796
17108,71828,71838
148826,71865,71873
348834,71902,71910
305130,71933,71943
540258,71973,71979
402676,72023,72031
313120,72054,72062
619994,72093,72101
648720,72141,72145
540169,72173,72177
348634,72206,72212
347910,72243,72247
347924,72277,72283
347923,72311,72319
305130,72380,72384
305136,72410,72414
347934,72441,72447
348837,72473,72479
541486,72512,72520
17103,72546,72556
355473,72578,72588
115905,72614,72622
122333,72645,72651
164085,72681,72685
7217,72711,72719
271,72750,72756
397,72785,72789
374,72856,72866
148899,72888,72896
6892,72919,72927
1135,72956,72964
1032,72990,73000
316873,73026,73034
692909,73057,73063
353036,73154,73162
371051,73192,73198
338556,73223,73231
54536,73254,73262
54568,73284,73294
531930,73318,73328
335488,74170,74180
126270,74224,74230
147357,74266,74274
126263,74295,74305
147357,74329,74337
449133,74553,74561
126264,74585,74591
151145,74617,74621
372431,74647,74653
683953,74686,74692
335377,74719,74727
684072,74751,74761
225274,74792,74800
225284,74855,74861
54046,74886,74892
54063,74932,74940
314514,74965,74969
769534,75039,75043
695668,75103,75107
649366,75145,75153
649287,75348,75358
2932,75379,75387
147349,75433,75441
53811,75473,75481
798521,75508,75514
798518,75564,75572
463996,75595,75601
562000,75625,75631
53671,75732,75738
53831,75777,75783
53671,75822,75832
53831,75866,75874
561993,75901,75907
568755,75943,75951
654509,76011,76019
654506,76042,76048
57914,76076,76080
289337,76120,76128
337463,76165,76171
444851,76207,76213
443997,76236,76244
147266,76269,76277
147261,76299,76309
1730,76332,76338
181276,76367,76373
181400,76414,76422
194205,76457,76465
1731,76486,76496
1756,76522,76532
68765,76592,76602
68770,76648,76654
4410,76712,76718
55168,76757,76763
121058,76791,76797
593800,76825,76833
181609,76876,76884
181613,76912,76918
55139,76951,76955
17729,76988,76992
86556,77018,77026
76594,77050,77058
76601,77087,77093
76607,77118,77126
86643,77194,77200
531936,77231,77237
198811,77264,77268
80737,77324,77330
80663,77363,77369
3242,77405,77411
401431,77488,77492
3241,77523,77529
2063,77608,77614
148077,77641,77651
142207,77678,77684
147423,77707,77717
342383,77744,77752
541212,77778,77784
342292,77817,77823
383201,77861,77867
54690,77939,77945
308054,78029,78037
352953,78059,78067
312134,78091,78095
115832,78119,78127
55397,78150,78158
56303,78182,78192
19673,78222,78230
56063,78255,78263
56051,78291,78297
19651,78324,78332
56194,78359,78367
345119,78392,78400
148024,78426,78434
148017,78458,78468
56197,78492,78502
344685,78529,78537
142853,78561,78567
19729,78596,78602
79307,78645,78653
355811,78675,78685
19918,78710,78720
19906,78756,78762
19905,78788,78794
20003,78820,78830
75688,78853,78859
13256,78881,78891
75673,78929,78935
147237,78964,78972
541463,79002,79006
685568,79039,79043
197647,79067,79075
206269,79280,79284
150589,79331,79337
353244,79361,79367
13255,79391,79399
698523,79421,79429
75768,79466,79472
206305,79497,79507
438696,79533,79539
54529,79569,79575
286768,79612,79616
56985,79643,79647
56192,79677,79683
344688,79715,79725
5129,79752,79760
146853,79782,79790
57109,79818,79824
56559,79874,79880
354288,79902,79912
10209,79942,79946
10211,81266,81270
403201,81294,81302
149818,81325,81331
57111,81353,81363
5136,81418,81422
5132,81449,81455
19735,81481,81487
57428,81511,81519
148020,81543,81549
345059,81575,81583
184011,81614,81618
15672,81641,81651
56042,81677,81681
56064,81708,81716
56076,81743,81747
350849,81771,81779
350842,81803,81807
350832,81836,81842
181591,81868,81878
14042,81914,81920
680489,81951,81959
55716,81986,81996
144589,82016,82026
540520,82054,82062
57866,82083,82093
413764,82115,82125
346484,82154,82164
346489,82186,82192
540602,82264,82268
6933,82392,82398
332913,82425,82433
575304,82461,82469
86701,82601,82607
5568,82660,82668
148104,82716,82722
5421,82747,82751
95614,82838,82844
198827,82880,82886
476116,82927,82935
80750,82963,82973
81034,82999,83003
55109,83029,83037
54555,83064,83070
17712,83098,83106
17726,83147,83153
341916,83191,83199
4454,83227,83233
19517,83260,83268
83680,83308,83314
17819,83369,83375
338465,83405,83411
338469,83445,83453
81864,83497,83503
338472,83527,83535
566576,83557,83565
485801,83607,83613
338826,83637,83645
485801,83697,83705
338826,83730,83734
485801,83808,83814
274518,83855,83863
410346,83894,83902
685573,83942,83948
562141,83972,83980
308193,84012,84018
76545,84040,84050
337057,84074,84080
444205,84252,84262
338540,84286,84294
290192,84318,84324
338547,84346,84356
305271,84407,84417
336941,84440,84448
407734,84473,84479
2722,84531,84535
2711,84560,84566
336951,84593,84597
336954,84652,84656
2413,84682,84692
355977,84720,84726
54207,84752,84756
83697,84781,84789
410563,84813,84819
313057,85025,85035
647748,85063,85067
484345,85091,85099
54100,85141,85145
542301,85168,85178
20820,85202,85208
20831,85235,85243
7688,85273,85283
54107,85315,85321
54087,85348,85352
110077,85377,85383
652283,85408,85412
308227,85436,85446
17838,85467,85475
144670,85499,85507
323543,85531,85537
340041,85563,85571
340049,85594,85602
340051,85681,85687
655157,85717,85721
653716,85744,85754
338989,85782,85786
54758,85835,85843
54760,85865,85875
537377,85897,85903
690234,85925,85935
537354,85956,85964
323102,85991,85999
339600,86037,86041
410479,86070,86080
567853,86101,86109
570775,86171,86181
410479,86206,86210
229200,86258,86264
12476,86289,86297
410496,86322,86328
388592,86355,86361
