503799,139,147
269086,174,182
689878,209,215
410433,243,251
110216,295,303
17726,20561,20567
341916,20603,20611
4454,20640,20646
652064,20671,20677
83680,20715,20721
121030,20754,20760
75995,20804,20814
68771,20861,20865
68779,20898,20906
120914,20936,20946
120920,20971,20975
167426,20999,21007
7189,21030,21036
144503,21095,21099
148731,21131,21141
428220,21184,21190
428213,21232,21240
144529,21271,21279
120667,21302,21310
686144,21333,21339
145455,21365,21373
144504,21399,21409
386212,21433,21437
148713,21465,21471
120666,21494,21502
334147,21536,21542
543861,21634,21640
334249,21728,21736
543861,21760,21764
486236,21792,21796
685632,21844,21850
427687,21993,22001
145477,22053,22063
427687,22086,22094
144438,23170,23178
486230,23218,23224
144438,23260,23268
334147,23291,23297
886946,23376,23382
145495,23405,23413
181617,23437,23445
7186,23469,23477
181614,23501,23505
1807,23535,23545
68765,23611,23617
68770,23659,23665
4410,23712,23718
2494,23757,23763
17819,23789,23799
306410,23822,23832
54217,23858,23862
338466,23887,23893
81832,23917,23923
81864,23950,23960
379933,23984,23988
484399,24020,24030
685667,24052,24060
690607,24094,24102
690608,24130,24136
645853,24172,24176
287286,24209,24215
4339,24277,24283
310278,24305,24315
1687,24359,24367
534689,24395,24405
685697,25719,25725
379933,25748,25756
591662,25779,25785
484434,25900,25904
617709,25962,25972
308461,26000,26006
339072,26028,26038
4354,26066,26076
408969,26101,26111
545525,26135,26141
2840,26170,26178
548394,26202,26210
336326,26262,26266
410289,26299,26307
4270,26341,26347
126209,26409,26417
534280,26440,26448
126270,26472,26482
148292,26559,26569
148295,26591,26597
394957,26619,26629
149370,26654,26658
335673,26684,26688
887277,26728,26734
148305,26760,26768
68720,26798,26808
68721,26831,26837
567514,26879,26883
567528,26917,26925
147396,26959,26967
147386,26991,26995
568383,27038,27044
148306,27067,27075
568170,27125,27135
336113,27168,27174
586479,27199,27203
289382,27249,27259
68735,27314,27324
336101,27359,27369
336104,27441,27445
289779,27470,27476
151117,27509,27519
534754,27558,27566
684001,27614,27620
151123,27660,27668
484554,27750,27754
647348,27788,27792
648098,27857,27863
67640,27892,27898
647379,27924,27934
67639,27959,27967
151114,28006,28014
126253,28038,28046
685717,28071,28077
20753,28111,28117
116633,28152,28156
22843,28198,28208
164146,28244,28252
336391,28331,28339
289191,28366,28372
289183,28402,28406
289195,28456,28466
54131,28490,28494
308219,28540,28550
626850,28661,28669
413897,28694,28704
337059,28941,28951
4351,28974,28980
413898,29014,29020
617711,29049,29055
935367,29083,29087
4355,29113,29119
543584,29145,29151
20634,29178,29186
20674,29222,29230
54863,29263,29273
532129,29302,29312
892955,29350,29354
20706,29429,29437
20734,29480,29486
345200,29551,29557
13475,29597,29605
13476,29628,29634
345219,29665,29671
20739,29700,29710
54635,29747,29755
345291,29778,29786
345292,29824,29832
14245,29870,29876
148855,29899,29907
355482,29931,29939
21019,29965,29971
531905,30002,30012
7217,30038,30044
352320,30068,30076
20953,30105,30113
542233,30150,30156
462465,30196,30202
562147,30231,30237
462300,30262,30268
698535,30290,30300
5702,30321,30329
161018,30361,30367
539396,30394,30400
5701,30426,30432
351053,30456,30464
416608,30501,30507
56600,30559,30563
122301,30592,30596
531905,30634,30640
20967,30671,30675
271,30716,30722
397,30762,30766
374,30848,30852
350754,30877,30883
20888,30910,30918
20916,30942,30950
350801,30978,30984
350821,31020,31028
350825,31067,31073
350841,31123,31129
350847,31160,31168
56044,31196,31202
345159,31227,31235
56035,31271,31277
56036,31314,31324
19658,31359,31369
21483,31394,31398
382622,31493,31503
474008,31526,31532
474020,31560,31568
74167,31591,31597
346333,31626,31634
346182,31665,31671
56025,31696,31702
56034,31817,31821
56042,31852,31856
345143,31888,31894
56069,31917,31925
56076,31950,31956
350848,31987,31995
350842,32028,32032
3260,32058,32066
3259,32093,32101
105,32140,32146
54556,32201,32207
86633,32237,32241
86649,32265,32273
195385,32486,32494
17712,32518,32528
17726,32571,32579
341916,32620,32630
4454,32661,32667
83685,32693,32697
593797,32728,32732
311545,32757,32767
8308,32793,32799
83689,32825,32831
914717,32856,32864
562205,32888,32894
4371,32929,32935
4454,32977,32983
83684,33009,33013
593797,33039,33047
562033,33069,33077
796922,33102,33112
690676,33142,33150
83697,33175,33183
54088,33231,33237
54204,33268,33274
276873,33438,33448
20836,33469,33479
2388,33510,33520
20808,33544,33548
4492,33577,33585
55128,33656,33666
55139,33732,33742
17727,33766,33776
17729,33803,33811
341920,33836,33842
146874,33873,33879
71701,33918,33924
21967,33951,33961
752,33983,33991
55090,34022,34030
56620,34066,34074
277848,34115,34119
841,34149,34157
277828,34181,34189
82554,34212,34218
562085,34250,34258
86448,34285,34293
349563,34319,34327
117849,34352,34358
143931,34386,34394
11,34424,34428
540004,34487,34497
540095,34521,34527
351841,34550,34558
350658,34612,34620
80370,34645,34649
543409,34681,34685
421441,34714,34722
190886,34823,34831
158214,34855,34863
350728,34889,34897
2053,34929,34935
17518,34959,34967
861528,34990,34996
57593,35022,35028
268251,35055,35061
350123,35088,35094
6986,35121,35129
147083,35158,35164
147086,35193,35197
350172,35222,35230
1111,35261,35267
546434,35293,35301
541035,35324,35332
341870,35407,35413
6876,55434,55442
76978,55472,55478
1090,55504,55512
1051,55678,55684
15877,55715,55721
23450,55749,55755
15877,55784,55788
343,55817,55825
277673,55853,55863
56444,55887,55895
346566,55945,55953
152792,55976,55982
154693,56010,56020
154694,56190,56196
540711,56220,56228
540626,56260,56266
710994,56290,56300
143251,56322,56332
148357,56356,56364
154700,56390,56396
809,56422,56432
55108,56461,56469
146876,56494,56502
81077,56530,56536
17726,56594,56604
341916,56640,56650
4454,56681,56687
534222,56710,56718
83680,56752,56762
121030,56793,56799
75995,56844,56854
68771,56897,56905
68779,56937,56943
120914,56976,56984
120920,57011,57017
167425,57044,57052
543542,57073,57083
486233,57106,57114
886877,57137,57143
2658,57171,57175
545198,57200,57208
334246,57368,57376
709846,57401,57407
334249,57430,57440
543861,57470,57478
427687,57505,57511
145477,57538,57544
144438,57575,57583
765272,58110,58118
486159,58143,58151
167229,58175,58183
15562,58222,58226
120912,58254,58258
120917,58293,58299
68765,58335,58341
68770,58382,58386
4410,58437,58447
55168,58482,58490
121058,58516,58522
593800,58545,58553
181609,58595,58601
181613,58626,58634
55139,58669,58679
86569,58703,58709
541219,58734,58738
338507,58762,58770
147060,58798,58804
141520,58841,58851
237721,58872,58880
141506,58904,58912
338439,58980,58986
341266,59039,59043
147060,59067,59075
141517,59099,59109
289278,59130,59140
338757,59162,59168
756,59196,59200
755,59248,59254
278269,59343,59351
338748,59377,59385
278268,59506,59512
755,59569,59579
54163,59613,59623
57730,59644,59654
532172,59678,59682
54164,59712,59718
277673,59822,59826
346563,59859,59865
143236,59890,59896
816004,59968,59976
143249,60030,60034
143250,60058,60066
143236,60091,60095
816004,60128,60132
347651,60157,60163
152792,60211,60219
148358,60242,60248
154700,60273,60279
815,60306,60310
55109,60354,60362
54555,60385,60393
81078,60417,60423
17726,60484,60490
341916,60534,60538
4454,60573,60577
19517,60606,60612
83680,60642,60648
121030,60681,60685
75995,60732,60738
68771,60790,60794
68779,60828,60838
120914,60868,60874
120920,60897,60905
167425,60926,60936
148713,60959,60967
886877,60993,61003
148740,61030,61038
334246,61131,61137
142836,61161,61169
334249,61194,61202
685632,61229,61233
145477,61381,61385
144438,62048,62052
334147,62102,62108
334250,62160,62166
120667,62193,62199
486159,62227,62235
167255,62260,62264
167424,62291,62295
15563,62325,62335
17451,62359,62365
6286,62391,62397
15002,62436,62446
22910,62471,62477
22916,62507,62513
148283,62540,62546
116634,62573,62579
20771,62606,62616
20633,62693,62699
651861,62730,62740
20705,62766,62774
345187,62798,62804
345201,62832,62840
13476,62869,62879
345223,62904,62912
54635,62958,62966
345290,63005,63011
345294,63035,63041
14245,63078,63082
148855,63110,63120
355482,63141,63149
21019,63173,63177
531905,63204,63214
7217,63235,63243
265,63265,63273
18579,63298,63306
538999,63328,63336
80415,63396,63406
18202,63430,63438
539001,63520,63526
538998,63551,63557
707351,63630,63638
707350,63663,63667
353877,63692,63698
686304,63722,63730
15667,63757,63767
652301,63790,63796
730,63820,63826
55146,63914,63920
147715,63991,64001
57740,64075,64079
143250,64103,64111
346566,64143,64149
67709,64182,64186
143302,64218,64222
812471,64250,64258
143206,64451,64459
143203,65583,65591
143206,65863,65871
435552,66152,66160
707466,66186,66194
56444,66222,66228
143236,66253,66259
347652,66634,66644
346566,66695,66703
152792,66757,66763
661758,66786,66794
154700,66822,66828
55113,66870,66876
55108,66914,66922
23323,66954,66962
95774,67017,67027
542362,67049,67059
541218,67082,67088
140955,67116,67124
2386,67145,67155
536305,67178,67182
7873,67211,67219
605582,67255,67261
338146,67295,67299
341258,67329,67337
655989,67385,67393
19360,67415,67423
586086,67445,67453
427753,67474,67484
575570,67505,67513
300417,67534,67544
545636,67658,67662
427753,67689,67693
4478,67752,67762
333053,67806,67814
2387,67839,67845
121087,67928,67938
55139,67976,67984
17728,68007,68015
86598,68039,68045
23318,68074,68080
756277,68119,68127
71701,68163,68173
786,68195,68201
152799,68228,68234
348352,68265,68275
346563,68300,68304
346564,68329,68337
317366,68362,68372
148369,68411,68417
154694,68487,68491
812471,68515,68523
143206,68558,68566
435552,68588,68598
1040,68624,68630
346007,68669,68675
257091,68698,68706
148104,68754,68760
346007,68783,68791
5564,68817,68821
750777,68844,68854
1090,68887,68895
346421,68918,68924
683489,68953,68961
316872,69012,69016
413771,69044,69050
413778,69078,69084
539972,69118,69124
819982,69188,69194
655994,69223,69229
1085,69255,69259
316879,69283,69291
77001,69316,69320
690800,69351,69357
346480,69379,69389
346486,69415,69425
346484,69447,69453
257093,69606,69616
1051,69765,69771
15877,69800,69810
343,69833,69841
23450,69881,69885
346563,69910,69916
143249,69938,69948
152792,69972,69978
154694,70081,70087
540626,70114,70120
346984,70156,70162
110218,70188,70192
147687,70237,70241
344097,70267,70277
344104,70328,70336
351266,70409,70417
82691,70684,70690
325,70730,70738
730,70780,70790
9814,70814,70820
147715,70844,70852
57740,70891,70897
23450,70933,70939
143234,70963,70971
143236,70998,71002
346564,71028,71038
152792,71061,71065
67709,71103,71107
143293,71133,71141
540626,71173,71177
1033,71204,71210
346007,71237,71245
345871,71267,71275
346484,71297,71305
1091,71385,71391
77000,71415,71423
57866,71445,71453
316872,71487,71491
431012,71631,71637
647647,71671,71679
693148,71711,71715
147071,71739,71747
539973,71771,71775
413778,71828,71838
353034,71868,71876
316880,71950,71956
568399,71979,71989
1058,72043,72049
690798,72082,72092
301363,72191,72199
1051,72227,72233
15881,72263,72269
23450,72297,72305
143234,72327,72335
143236,72357,72365
347650,72390,72396
317366,72428,72436
67709,72467,72475
540711,72498,72504
540715,72531,72541
540626,72573,72581
1040,72608,72612
1050,72638,72642
5420,72701,72707
345865,72732,72738
201294,72783,72789
95614,72888,72894
435312,72920,72928
435305,72953,72957
116452,72992,73000
154694,73062,73070
143203,73100,73110
812471,73133,73141
773,73164,73170
763,73192,73202
347650,73224,73230
273723,73253,73261
829,73290,73298
121128,73322,73332
55108,73395,73401
146876,73430,73438
81077,73468,73474
17726,73531,73539
341916,73576,73580
4454,73611,73617
83685,73640,73648
593797,73673,73679
121064,73702,73710
121030,73741,73745
336955,73769,73777
75995,73800,73806
68771,73867,73873
68779,73912,73918
120914,73956,73960
120920,73992,73998
167425,74023,74027
543543,74052,74058
87675,74088,74092
334147,74142,74148
145477,74183,74187
765272,74211,74219
543860,74262,74270
144438,74327,74337
87675,74371,74377
120667,74401,74407
543861,74437,74443
144438,74565,74571
886876,74594,74602
334250,74713,74719
145495,74743,74751
7188,74774,74780
7186,74807,74815
181614,74840,74844
1807,74876,74882
68765,74943,74949
68770,74991,74997
4410,75047,75055
55168,75094,75104
121058,75134,75138
593800,75168,75176
181609,75220,75226
181613,75253,75261
55139,75289,75297
17729,75323,75331
23318,75369,75377
756277,75400,75410
80738,75433,75441
21967,75463,75471
532197,75497,75501
343980,75527,75531
109754,75564,75574
109757,75614,75622
344103,75647,75651
54603,75677,75683
1097,75705,75715
683786,75744,75750
5441,75778,75786
5445,75885,75891
402542,75923,75931
284529,75957,75965
166809,75996,76000
671,76044,76054
765224,76077,76083
670,76105,76115
540431,76145,76153
724,76188,76194
435992,76224,76232
354773,76261,76267
151509,76305,76313
152075,76339,76345
534870,76368,76376
56635,76400,76408
152588,76436,76446
21966,76468,76476
55108,76515,76523
146876,76553,76557
81077,76591,76597
17726,76656,76662
341916,76702,76710
4454,76740,76746
652064,76770,76778
19450,76802,76808
148339,76836,76842
76110,76868,76874
75995,76923,76929
68771,76987,76993
68779,77031,77041
120914,77078,77084
120920,77111,77119
167425,77146,77150
167252,77173,77183
486233,77206,77214
148721,77240,77250
545198,77277,77281
334246,77424,77432
545074,77456,77462
334147,77490,77494
543861,77578,77584
144423,77643,77651
334249,77673,77681
486236,77770,77776
427687,77809,77817
144461,77923,77931
145477,77983,77993
886945,79128,79132
334147,79156,79164
145428,79217,79223
120667,79247,79253
765272,79290,79296
486158,79320,79326
167288,79351,79357
7186,79389,79397
15563,79439,79449
17451,79478,79484
6286,79509,79517
15002,79555,79565
22848,79589,79593
22916,79632,79636
148283,79664,79672
116641,79702,79706
482972,79733,79739
20633,79793,79803
651861,79831,79837
20706,79870,79880
345200,79905,79913
13476,79948,79956
651847,79980,79990
54635,80016,80024
345292,80053,80061
20242,80085,80091
345321,80115,80121
345402,80152,80160
54545,80183,80191
20383,80212,80222
345451,80244,80250
6110,80283,80287
352158,80322,80326
119547,80357,80361
56869,80387,80391
582475,80416,80424
354934,80448,80452
611908,80479,80485
203469,80509,80515
934,80543,80549
148096,80725,80731
252014,80755,80763
661424,80791,80797
338197,80959,80965
338211,80992,81000
15667,81053,81057
56590,81088,81098
338167,81128,81136
9814,81166,81170
147715,81254,81262
57740,81292,81296
143251,81323,81329
143236,81354,81360
816004,81408,81416
317366,81447,81453
148367,81476,81484
148358,81505,81515
709596,81537,81543
55113,81570,81576
55108,81619,81627
146876,81654,81662
81077,81691,81697
17726,81754,81760
341916,81799,81805
4454,81835,81841
19517,81865,81875
83680,81903,81909
121030,81940,81944
75995,81992,81998
68771,82050,82058
68779,82094,82104
120914,82137,82147
120920,82170,82180
167425,82205,82209
543542,82235,82241
386140,82265,82275
686144,82309,82319
145445,82346,82354
386212,82376,82384
145455,82405,82415
145445,82438,82442
144508,82491,82495
386243,82519,82527
144508,82549,82557
886876,82582,82590
181618,82612,82620
886876,82672,82678
144508,82703,82707
145454,82735,82745
144504,82773,82777
812225,82800,82810
167288,82832,82838
167424,82862,82868
181614,82893,82899
652147,82923,82931
120917,82958,82968
68765,83002,83008
68770,83048,83052
4410,83101,83107
55168,83140,83150
121058,83174,83180
593800,83206,83212
181609,83255,83263
181613,83288,83296
55139,83327,83333
17729,83361,83367
23318,83404,83410
55103,83437,83441
81068,83477,83487
341924,83509,83515
476116,83551,83557
142782,83583,83591
431238,83658,83668
142785,83781,83787
435308,83810,83818
709836,84027,84035
546260,84069,84079
546082,84100,84108
650455,84131,84139
341931,84165,84171
195332,84233,84241
86649,84268,84272
531936,84297,84305
269086,84338,84346
110216,84375,84381
5144,84408,84414
342124,84439,84447
119322,84473,84479
286666,84503,84509
76621,84532,84540
758397,84564,84574
80536,84599,84607
152487,84642,84648
159932,84710,84714
152989,84744,84752
159940,84793,84801
76643,84826,84830
343764,84855,84865
342614,84886,84894
286662,84924,84930
690327,84960,84968
696808,85019,85027
677738,85053,85059
354545,85089,85095
10220,85129,85135
76625,85173,85181
758394,85217,85221
342709,85245,85253
385004,85287,85295
385707,85765,85771
385721,85798,85804
21851,85834,85842
76643,85866,85874
343771,85898,85906
342616,85931,85935
354578,85966,85972
55443,85997,86005
333666,86031,86035
14025,86069,86077
341865,86103,86107
1128,86135,86141
110217,86165,86173
