481492,1061,1067
70477,1109,1115
369592,1141,1147
352728,1176,1184
352902,1205,1215
352712,1243,1247
148691,1274,1278
57243,1318,1326
349027,1351,1355
84443,1381,1387
75863,1420,1430
202258,1454,1464
75846,1492,1498
535056,1533,1541
84594,1565,1573
976,1603,1611
968656,2293,2299
8990,3716,3724
296232,3805,3815
346022,3835,3845
338972,3867,3873
147646,3896,3904
684431,3929,3935
684405,3960,3968
683584,3999,4005
178534,4031,4039
340225,4091,4099
400707,4122,4130
723270,4156,4164
13486,4189,4195
20707,4225,4229
20731,4255,4263
652069,4293,4301
54844,4366,4374
20783,4401,4409
337452,4432,4438
338480,4463,4471
819632,4495,4501
484486,4719,4727
54137,4755,4761
337448,4809,4813
586675,4837,4847
164127,4876,4880
20633,4943,4949
651861,4981,4987
20705,5011,5017
345189,5042,5046
5606,5075,5079
13497,5105,5111
684310,5138,5142
17838,5185,5191
338728,5215,5221
338734,5246,5252
338778,5288,5294
338745,5340,5346
278268,5377,5385
54163,5416,5420
593826,5459,5467
160072,5494,5500
54174,5525,5535
55142,5557,5567
15884,5597,5603
683906,5626,5634
812267,5659,5663
158322,5690,5698
1030,5747,5755
57862,5807,5815
80490,5836,5846
385,5923,5933
289209,5998,6002
540916,6027,6035
7164,6065,6073
652065,6096,6104
1283,6130,6136
17112,6163,6171
17104,6197,6205
16842,6231,6239
534194,6270,6276
1955,6299,6307
122435,6348,6358
16744,6385,6393
150756,6416,6422
150751,6447,6453
300228,6483,6489
17103,6980,6986
355473,7015,7021
115905,7051,7057
122331,7081,7087
652117,7111,7117
7210,7142,7148
397,7225,7229
540259,7255,7261
18219,7283,7293
149942,7372,7376
149944,7493,7503
816589,7528,7534
887957,7587,7593
149944,7619,7623
887956,7686,7690
18212,7824,7834
18219,8003,8013
18220,8051,8057
18224,8095,8101
751913,8130,8140
338224,8163,8169
21364,8194,8204
652300,8228,8236
727,8261,8267
338647,8290,8298
277860,8327,8337
353912,8361,8367
583201,8403,8413
542054,8436,8442
277868,8468,8476
215271,8500,8506
22005,8539,8547
683921,8574,8578
564766,8608,8614
9784,8643,8649
842,8715,8725
319653,8749,8755
338647,8779,8785
727,8807,8817
338167,8838,8848
353548,8869,8877
886,8905,8911
901,8947,8953
75280,8975,8985
15658,9013,9017
338246,9041,9049
727,9171,9175
317666,9280,9286
655871,9437,9441
267436,9514,9520
731,9590,9600
733,9653,9661
338647,9966,9974
15861,9999,10009
388293,10031,10037
86448,10068,10072
540918,10097,10103
543290,10129,10137
7159,10163,10167
355484,10193,10197
148898,10224,10230
254276,10255,10261
55613,10286,10292
254973,10322,10328
534192,10353,10361
122435,10382,10392
16747,10415,10421
16830,10456,10462
135,10486,10492
131,10523,10527
55671,10574,10582
17250,10616,10626
342343,10650,10656
90647,10693,10701
4076,10752,10758
57065,10782,10788
353184,10819,10823
353044,10847,10857
317561,10882,10886
57064,10913,10919
90643,11573,11581
341890,11605,11613
17290,11635,11643
74345,11690,11696
55663,11730,11734
267082,11773,11779
254137,11804,11808
530977,11837,11845
829338,11873,11879
55930,11915,11921
348769,11949,11957
1889,11981,11987
55515,12024,12030
15828,12065,12073
149911,12098,12102
55237,12127,12137
535654,12160,12164
55622,12201,12209
541052,12237,12241
225448,12268,12274
122850,12304,12310
122852,12461,12469
537556,12493,12499
295267,12522,12530
339312,12553,12559
3619,12584,12590
54377,12620,12624
332634,12648,12656
148626,12680,12690
54019,12712,12718
403089,12745,12751
542590,12774,12782
86107,12809,12813
115962,12836,12846
54746,12870,12876
54505,12903,12909
694917,12934,12938
352794,12968,12974
352798,12999,13003
683833,15659,15663
350422,15698,15708
842,15747,15753
531213,15778,15784
349212,15821,15827
349248,15862,15872
15858,15893,15901
388299,15928,15936
695467,15961,15967
349560,15990,15998
338210,16186,16194
462639,16222,16226
338202,16527,16537
548391,16559,16567
143934,16593,16599
764504,16625,16629
343722,16659,16665
343702,16691,16699
56868,16738,16748
289005,16777,16783
91852,16808,16814
353653,16846,16852
353671,16880,16886
71589,16911,16917
350055,16944,16952
352634,16976,16984
349943,17005,17015
5897,17037,17045
5881,17070,17074
84836,17124,17130
85039,17154,17162
419657,17185,17193
56947,17217,17225
464200,17266,17274
276951,17296,17304
337957,17326,17336
57329,17361,17369
57391,17403,17411
350970,17434,17442
149270,17466,17472
308246,17495,17503
351285,17526,17534
536733,17557,17567
403035,18004,18012
770380,18035,18045
57463,18068,18074
535540,18099,18105
5249,18132,18138
481405,18161,18171
342549,18195,18203
764485,18233,18241
3187,18499,18503
439219,18529,18535
369976,18560,18566
372145,18591,18597
151756,18658,18664
542613,18708,18714
56928,18739,18747
5870,18802,18808
146789,18845,18851
20359,18879,18883
20321,18908,18916
20317,18943,18949
344818,18975,18979
57645,19004,19012
79752,19034,19042
353353,19066,19076
353363,19122,19130
396826,19154,19160
55590,19217,19223
565172,19250,19258
56018,19282,19288
290683,19313,19321
1154,19345,19349
402619,19372,19382
353453,19413,19419
372123,19442,19450
547038,19481,19487
353584,19514,19520
147581,19546,19552
55432,19575,19585
343400,19607,19613
2065,19637,19643
544234,19665,19675
308054,19708,19714
54690,19757,19763
564614,19787,19795
564612,19841,19849
564176,19872,19878
54690,19935,19943
308054,19966,19972
54689,20000,20006
1144,20029,20037
350261,20060,20066
336,20090,20096
342317,20122,20130
125230,20152,20160
350910,20182,20190
199669,20214,20222
331731,20247,20251
689591,20279,20283
887072,20503,20511
252052,20532,20542
887072,20716,20722
689621,20751,20759
383854,20785,20795
351927,20824,20832
591715,20855,20865
567841,20886,20894
289005,20926,20934
91852,20955,20965
353653,20996,21000
353671,21025,21035
352253,21059,21067
294100,21088,21098
146820,21122,21128
352634,21153,21159
352655,21182,21190
349916,21213,21219
938,21252,21262
346735,21283,21291
651838,21315,21321
270873,21347,21357
20305,21382,21388
323049,21476,21480
346053,21510,21514
323893,22349,22359
402370,22379,22389
82760,22409,22419
342391,22444,22452
372153,22489,22497
372167,22532,22536
151791,22573,22579
402358,22609,22617
481401,22645,22649
6478,22722,22732
148940,22757,22761
350675,22788,22796
74282,22820,22824
181474,22853,22863
534532,22911,22917
684071,24789,24797
349945,24819,24827
3058,24859,24865
568277,24888,24898
338064,24932,24942
544680,24962,24972
351766,24994,25002
329825,25039,25047
567953,25070,25076
151688,25100,25106
545001,25139,25143
331830,25199,25207
3120,25290,25298
84256,25335,25339
273769,25367,25373
351147,26600,26608
75530,26633,26641
769285,26675,26679
769283,26710,26720
548272,26742,26748
197959,26771,26779
148951,26817,26821
197538,26945,26951
273501,26985,26991
322373,27019,27025
322369,27164,27170
322373,27195,27199
355042,27222,27232
897405,27252,27262
197444,27289,27297
626770,27327,27333
322381,27362,27366
57012,27403,27409
57022,27461,27471
355134,27584,27590
355136,27635,27641
323109,27667,27673
371743,27709,27715
355884,27773,27779
354974,27821,27825
147013,27854,27860
323109,27887,27895
323107,27921,27929
181333,27972,27980
197493,28011,28015
540454,28069,28077
4815,28103,28109
219,28132,28140
233,28169,28177
351201,28269,28275
84244,28307,28313
84279,28338,28344
351223,28375,28383
84185,28410,28416
203937,28445,28453
651676,28480,28484
302523,28513,28519
202247,28576,28582
57084,28611,28617
349012,28643,28651
349878,28691,28697
57308,28719,28729
57313,28758,28766
690077,28790,28800
352708,28826,28830
690302,28854,28864
352729,28896,28906
70478,28949,28955
3758,29029,29037
327741,29068,29074
690847,29098,29108
3777,29129,29137
352328,29205,29211
352027,29257,29265
151586,29290,29300
351611,29357,29363
151585,29390,29396
3944,29455,29461
70288,29488,29496
17406,29570,29578
17392,29624,29632
17393,29665,29673
17395,29739,29747
191295,29801,29805
350993,29848,29854
351001,29878,29888
535096,29918,29928
534310,30572,30578
651834,30604,30608
13119,30632,30642
11682,30672,30680
11572,30703,30709
267019,30802,30810
341082,30833,30839
149561,30865,30869
402071,30909,30919
532479,30942,30946
56571,31045,31053
150197,31076,31084
289745,31110,31120
149560,31141,31149
531229,31309,31315
149482,31370,31376
290812,31401,31405
290811,31432,31438
290809,31463,31469
55867,31505,31515
307929,31539,31545
255626,31572,31576
11796,31608,31614
12268,31722,31730
11847,31760,31764
23320,33136,33144
71701,33192,33202
55150,33229,33235
754,33259,33265
348427,33317,33323
144057,33348,33354
148799,33388,33396
343980,33433,33441
147715,33466,33472
54427,33497,33503
344103,33534,33544
344101,33568,33572
1105,33601,33609
342286,33755,33761
812220,33785,33791
342286,33818,33824
342283,33849,33853
342286,33912,33918
342283,33943,33947
342286,33982,33990
199465,34035,34043
539972,34100,34108
820112,34146,34150
2807,34178,34184
541035,34207,34215
144633,34238,34244
141468,34267,34277
402489,34301,34307
481118,34332,34338
551523,34368,34374
654102,34397,34407
333658,34442,34448
537241,34471,34479
151219,34517,34525
56752,34549,34555
342199,34589,34595
311947,34622,34626
311937,34651,34657
610617,34694,34698
689821,34723,34733
689799,34764,34772
19703,34795,34805
428840,34831,34837
311833,34861,34867
23720,34891,34897
71141,35080,35084
538328,35108,35116
427908,35143,35149
101113,35173,35183
6064,35205,35211
683560,35238,35248
402611,35269,35277
419748,35317,35325
55376,35368,35376
6042,35400,35406
655351,35487,35495
685699,35523,35531
410691,35563,35571
70967,35595,35599
332503,35736,35740
410695,35767,35771
410684,35813,35819
70973,35882,35890
144393,35912,35920
146851,35943,35951
260903,35982,35992
735013,36022,36028
353740,36053,36059
491590,36083,36089
696288,36112,36120
55593,36146,36154
144608,36318,36326
146854,36349,36359
57108,36387,36393
1169,36424,36430
354986,36454,36460
146972,36508,36514
110780,36568,36578
153403,36630,36640
271890,36674,36682
402351,36703,36713
164079,36737,36743
355399,36770,36778
355176,36809,36815
5217,36851,36859
576916,36882,36892
355841,36919,36925
354367,36967,36973
73097,37001,37007
4753,37063,37069
20221,37100,37104
346921,37136,37140
346935,37187,37191
20099,37218,37224
346958,37259,37265
20180,37293,37299
346974,37341,37347
20065,37376,37382
57530,37412,37420
19951,37447,37455
326891,37482,37488
685106,37518,37522
20231,37548,37552
575614,37578,37582
9516,37652,37662
586008,37706,37714
695178,37738,37744
9519,37770,37776
645028,37803,37807
298410,37838,37842
586598,37880,37888
57579,37953,37959
9530,37982,37990
9531,38013,38023
696783,38047,38051
539010,38075,38083
5402,38105,38113
12161,38144,38152
20063,38192,38200
347043,38231,38241
347042,38268,38274
346976,38300,38306
541483,38339,38347
197762,38375,38385
353556,38411,38415
197842,38439,38447
369696,38476,38486
685113,38513,38519
548068,38556,38562
421354,38596,38602
197538,38635,38639
273501,38677,38687
322369,38708,38718
626772,38741,38749
322381,38776,38786
57012,38817,38823
57022,38846,38854
355136,38916,38926
147021,38950,38956
353412,38985,38993
354547,39201,39205
355362,39230,39238
65590,39269,39279
372348,39309,39319
267314,39419,39427
545918,39637,39643
696560,39675,39679
355038,39723,39727
170213,39750,39760
683426,39784,39790
355008,39826,39830
56244,39855,39863
408982,39890,39894
90040,39928,39938
408996,39964,39970
410244,40005,40011
355221,40043,40051
355231,40075,40079
697073,40107,40111
153403,40138,40146
402351,40169,40177
355399,40228,40238
273710,40324,40332
355160,40358,40364
262818,40389,40393
110793,40420,40424
84887,40471,40477
84919,40503,40511
20310,40542,40548
164091,40593,40599
346749,40624,40630
20453,40654,40662
56502,40694,40700
57767,40722,40732
57752,40797,40807
116446,40831,40835
20418,40862,40866
81627,40902,40910
113114,40936,40942
56517,40974,40984
148923,41013,41021
4688,41054,41060
86437,41095,41101
352174,41133,41141
56623,41167,41173
200834,41201,41209
352195,41238,41242
200826,41289,41299
435876,41320,41328
352441,41357,41365
20976,41388,41396
575497,41446,41452
622675,41476,41484
20982,41519,41529
820238,41553,41559
21980,41586,41590
597416,41615,41621
539397,41683,41687
534698,41713,41717
200712,41744,41748
352184,41787,41793
539517,41827,41833
147460,41858,41864
203250,41890,41894
297409,41925,41933
148917,41960,41966
57788,41999,42009
57794,42043,42051
1573,42079,42085
1602,42108,42118
1623,42151,42161
342745,42185,42189
117474,42213,42221
408,42244,42254
97522,42277,42283
653959,42309,42317
55372,42347,42351
56445,42398,42404
98883,42456,42464
534544,42487,42493
1163,42517,42525
353752,42565,42573
348409,42598,42608
534218,42640,42648
690280,42677,42683
289219,42771,42779
56088,42806,42814
353356,42838,42846
350281,42872,42882
146853,42905,42911
350282,42953,42959
57105,42988,42994
1166,43017,43027
403218,43081,43089
354979,43112,43118
270474,43145,43149
149817,43173,43181
161024,43231,43241
355139,43280,43286
56819,43309,43317
355154,43341,43347
355407,43372,43376
5222,43400,43410
56970,43433,43439
459308,43461,43471
150507,47016,47022
386596,47046,47056
146801,47082,47090
535521,47127,47135
538568,47157,47165
535401,47189,47199
3382,47235,47245
345910,47278,47284
273770,47309,47317
402337,47341,47345
148943,47368,47378
350334,47422,47426
613143,48095,48099
191682,48123,48131
150999,48152,48162
150990,48197,48201
469279,48269,48275
568369,52530,52538
3058,52567,52571
329824,52626,52632
576534,52655,52663
329124,52685,52693
537075,52715,52723
351708,52745,52753
770380,52783,52791
469276,52842,52846
57459,52968,52972
685001,53004,53010
535479,53045,53049
535516,53076,53084
372199,53156,53162
481406,53197,53203
372197,53227,53237
372216,53264,53272
655616,53303,53307
535574,53338,53346
326187,53369,53377
535488,53401,53407
150321,53455,53459
150447,53485,53495
82754,53559,53567
342391,53596,53604
542613,53629,53637
342361,53813,53821
271012,53858,53864
372143,53903,53913
372166,53936,53946
372167,53990,53994
372170,54019,54025
151791,54057,54061
402358,54092,54100
538591,54122,54130
538625,54153,54159
372197,54198,54206
372216,54251,54257
372209,54285,54289
535567,54314,54320
3174,54376,54382
326198,54408,54418
150321,54466,54474
535520,54504,54512
5857,54537,54547
535502,54575,54583
151797,54609,54619
346161,54660,54664
325421,54689,54697
609566,54720,54728
538927,54752,54760
325386,54783,54793
537680,54939,54945
538051,54968,54976
537707,55001,55009
325386,55034,55042
151448,55381,55389
459308,55668,55674
151802,55706,55710
539393,55736,55744
150320,55788,55798
633863,55827,55837
119712,55915,55921
119768,55945,55953
539911,55977,55987
150319,56036,56044
325416,56075,56083
151806,56191,56201
151807,56255,56261
539393,56291,56295
146801,56331,56341
289205,56378,56384
81420,56420,56424
3382,56505,56511
345910,56537,56543
535437,56579,56585
6479,56627,56635
656008,56661,56665
289196,56689,56697
469276,56723,56731
429314,56758,56766
428343,56791,56797
1000,56824,56834
110432,56873,56879
308260,56912,56918
277239,56946,56950
428252,57073,57083
151519,57105,57111
545055,57142,57146
2968,57174,57180
472914,57202,57212
57394,57239,57243
535435,57286,57292
276940,57316,57322
276979,57417,57427
110422,57461,57467
206301,57494,57500
535441,57527,57535
56954,57562,57568
357865,57776,57780
537176,57807,57813
56489,57912,57918
20467,57943,57949
397439,57978,57984
755652,58020,58026
323913,58063,58071
323904,58101,58111
323889,58138,58146
654515,58169,58175
84989,60068,60076
407535,60488,60494
56978,60522,60528
325078,60552,60560
346076,60613,60619
446300,60649,60657
459308,60689,60693
151802,60728,60732
270953,60756,60764
270951,60788,60792
270953,60914,60918
270951,60944,60950
270953,60976,60982
270951,61005,61013
270953,61038,61044
270951,61067,61077
270953,61099,61109
270951,61131,61137
270953,61195,61201
270951,61225,61231
270953,61288,61296
150321,61318,61326
270951,61349,61355
760588,61398,61404
5859,61428,61436
151765,61460,61468
151448,61508,61512
325409,61540,61544
539013,61573,61583
118938,61603,61613
119288,61641,61647
3400,61761,61767
3389,61824,61832
109835,61878,61882
539912,61917,61925
150320,61950,61954
146801,61983,61989
289205,62020,62028
564679,62051,62057
326205,62081,62087
345910,62116,62122
535437,62146,62152
402337,62176,62182
148943,62206,62212
350678,62251,62261
350365,62287,62295
568267,62319,62327
568289,62359,62365
684071,62947,62953
349946,62980,62990
55294,63010,63020
3097,63044,63050
764750,63075,63083
549347,63122,63130
181484,63156,63162
289216,63192,63200
350352,63223,63233
1018,63266,63270
350341,63294,63302
429313,63334,63338
429314,63415,63419
267903,63445,63453
2989,63474,63484
308251,63509,63513
273417,63544,63550
352350,63579,63583
273417,66199,66209
308286,66323,66333
276916,66355,66361
308295,66389,66395
308286,66635,66641
110057,70293,70299
150335,70325,70335
535448,70359,70367
350660,70402,70410
3380,70434,70438
5249,70470,70478
273818,70501,70511
481400,70539,70545
481401,70573,70581
481404,70603,70611
6478,70652,70656
764779,70691,70695
350622,70721,70727
350678,70772,70780
350365,70806,70812
181480,70834,70844
374305,70869,70875
402320,72194,72204
481416,72238,72244
350367,72286,72294
350364,72321,72325
195497,72354,72362
74256,72403,72411
764772,72447,72453
350680,72480,72488
481400,72525,72535
372225,72560,72566
369963,72591,72595
764485,72623,72631
324713,72655,72659
82755,72687,72693
342548,72723,72731
151756,72765,72773
342526,72828,72836
542613,72876,72882
345969,72922,72930
56930,72957,72963
5870,73031,73037
146783,73063,73071
56920,73129,73139
683969,73165,73169
20317,73216,73222
344818,73246,73254
770123,73281,73285
79766,73320,73326
19745,73351,73361
345032,73386,73390
148008,73422,73428
345076,73452,73460
345101,73486,73496
345116,73517,73525
345130,73549,73557
56043,73582,73586
56069,73620,73628
350862,73653,73661
350848,73682,73692
350842,73718,73728
3260,73750,73758
19833,73780,73788
20931,73811,73817
20899,73852,73856
264,73881,73889
20883,73931,73939
1112,73983,73989
6889,74022,74026
6893,74063,74073
342356,74095,74105
690878,74165,74173
5425,74196,74204
346007,74229,74235
345871,74260,74266
812579,74308,74314
1115,74338,74346
545960,74370,74374
345579,74397,74407
351387,74430,74436
401047,74460,74466
57862,74493,74501
57858,74541,74547
351389,74575,74581
351573,74616,74622
80482,74650,74656
385,74717,74727
759438,74756,74764
97,74787,74793
21018,74820,74826
562048,74850,74856
7164,74888,74894
355487,74922,74930
281601,74954,74962
254276,74987,74997
533071,75020,75024
17108,75055,75059
16842,75087,75095
534192,75117,75127
289213,75159,75167
16804,75192,75198
16750,75223,75229
348799,75253,75259
537821,75285,75293
150791,75319,75329
150152,75392,75398
535071,75434,75440
55496,75507,75515
538520,75539,75547
407639,75632,75638
348066,75771,75777
348078,75823,75831
150761,75887,75893
759359,75917,75923
348146,75963,75969
16874,76012,76016
55692,76043,76049
150720,76083,76091
535128,76116,76122
2299,76197,76203
347924,76242,76250
347923,76298,76308
54376,76335,76343
347932,76368,76372
534867,76398,76402
148859,76436,76442
545309,76466,76472
341450,76496,76504
17103,76529,76537
355473,76571,76581
355478,76604,76608
355482,76643,76647
21020,76678,76686
7210,76713,76723
265,76754,76764
388,76793,76801
345871,77102,77108
23164,77191,77197
342643,77219,77229
20842,77251,77259
9035,77292,77298
20888,77336,77342
20923,77365,77373
19839,77401,77409
350821,77437,77443
350841,77492,77498
350847,77527,77531
56044,77560,77568
345145,77594,77602
56041,77636,77644
56194,77667,77675
345117,77699,77703
5812,77729,77735
685074,77764,77774
148867,77806,77812
3215,77840,77846
348904,77871,77879
55589,77902,77910
654088,77939,77945
487075,77989,77999
349400,78024,78030
349605,78055,78059
349622,78085,78095
713776,78120,78126
5962,78154,78162
5921,78185,78191
346346,78215,78221
535404,78250,78256
56947,78287,78293
454115,78318,78322
489355,79056,79064
531855,79087,79093
109824,79127,79133
531855,79162,79168
397187,79193,79203
684057,79228,79232
20463,79265,79271
55551,79298,79302
349454,79327,79337
349423,79371,79379
355599,79402,79410
1679,79432,79440
289220,79464,79470
354202,79494,79502
55594,79561,79565
348913,79602,79606
5840,79657,79663
184011,79688,79696
345122,79723,79729
56042,79766,79770
56064,79798,79808
56076,79834,79840
350848,79863,79873
350842,79897,79907
350832,79932,79938
19832,79971,79979
652049,80002,80012
20899,80035,80041
264,80064,80074
20883,80106,80112
95569,80135,80143
351560,80165,80173
342356,80200,80210
345861,80307,80315
540854,80344,80354
345871,80379,80389
6931,80625,80633
20900,80816,80822
57184,80847,80853
19814,80882,80890
181588,80913,80921
350825,80947,80957
350841,80984,80988
350857,81017,81021
19659,81049,81055
56035,81082,81086
144590,81112,81118
345123,81140,81150
346383,81173,81177
345108,81208,81214
257095,81250,81256
3223,81284,81292
3218,81319,81325
685305,81352,81358
56849,81390,81400
537243,81431,81439
257121,81462,81468
147425,81493,81499
355618,81528,81534
55994,81579,81587
582618,81632,81640
536165,81663,81669
582618,81753,81763
313477,81784,81794
697686,81815,81823
424591,81846,81852
3211,81933,81943
349400,81969,81977
349605,82000,82006
401136,82031,82037
65525,82067,82073
5882,82101,82105
20436,82132,82140
440832,82162,82170
535429,82199,82207
464200,82249,82259
695232,82285,82293
337957,82337,82343
269053,82366,82374
350968,82417,82425
350973,82450,82460
535449,82483,82491
57463,82513,82521
3380,82558,82562
3056,82589,82597
289217,82621,82627
329152,82652,82660
3098,82685,82691
568443,82718,82724
349925,82749,82755
350668,82778,82786
613100,82810,82816
619173,82932,82940
350334,82976,82982
181481,83021,83027
350318,83050,83060
350352,83088,83096
57465,83118,83128
267905,83183,83189
267910,83214,83218
398974,83243,83251
427904,83272,83282
326564,83303,83311
276979,83404,83408
690268,83442,83450
531855,83473,83481
535441,83502,83512
56954,83540,83548
5912,83569,83579
56489,83611,83619
537093,83641,83649
349911,83674,83682
349942,83704,83712
537197,83735,83743
543333,83779,83785
344210,83808,83816
536753,83842,83846
14690,83880,83888
536714,83912,83920
119100,83944,83950
766285,83977,83985
146873,84008,84018
119103,84052,84058
539474,84089,84095
539475,84348,84354
683476,84379,84383
1672,84415,84421
256958,84494,84504
146826,84651,84659
534521,84683,84687
147076,84717,84723
56590,84781,84789
652300,84810,84820
338246,84859,84869
338250,84902,84910
824328,84953,84959
824322,84984,84994
824317,85026,85036
532314,85065,85071
901,85103,85113
147225,85136,85144
15667,85183,85191
182328,85218,85226
355505,85256,85264
94,85289,85295
21018,85322,85330
7159,85362,85370
355484,85393,85399
148898,85425,85431
254276,85458,85462
55613,85489,85497
254973,85528,85534
534192,85560,85568
281593,85594,85598
16797,85627,85633
16830,85672,85682
152624,85703,85711
683827,85736,85742
504,85771,85779
509,85810,85816
762099,85841,85845
152630,85884,85892
348203,86050,86058
304249,86096,86102
348196,86130,86140
289398,86201,86205
55482,86266,86274
148844,86298,86302
