330746,4059,4063
56898,4088,4094
84276,4117,4125
84280,4147,4155
84295,4227,4235
346935,4287,4293
20099,4320,4330
346956,4355,4361
20180,4402,4412
346974,4455,4463
20065,4494,4498
57530,4532,4538
78866,4568,4576
19967,4599,4605
326901,4631,4639
481761,4664,4670
481772,4693,4703
635592,4726,4730
151009,4754,4762
538605,4788,4794
151015,4826,4834
147958,4863,4873
11122,4904,4910
75729,5043,5051
347655,5088,5096
536284,5124,5130
75673,5155,5163
1172,5186,5192
206270,5216,5222
206277,5245,5253
289254,5287,5295
197704,5318,5324
197724,5352,5360
654587,5386,5394
57010,5434,5438
421352,5470,5476
403113,5500,5506
206357,5531,5537
686052,5617,5627
20132,5653,5661
195,5739,5745
351201,5826,5832
273769,5860,5868
536076,5894,5900
350364,36433,36439
160827,36463,36473
3091,36560,36566
351713,36591,36601
351311,36626,36632
537075,36656,36664
4701,36735,36741
4700,36795,36803
4701,36946,36956
481413,37035,37043
4700,37067,37071
4701,37128,37138
481413,37217,37225
4700,37276,37286
481413,37308,37314
4700,37339,37345
4701,37391,37395
537024,37425,37435
151208,37486,37490
534533,37515,37521
5249,37551,37557
372222,37585,37589
372201,37616,37622
342568,37681,37689
3181,37967,37975
372198,38106,38116
535515,38141,38145
273821,38174,38182
6478,38212,38216
534506,38242,38248
350622,38275,38285
350364,38934,38938
181480,38966,38970
568289,38993,39003
536684,39036,39044
3108,39102,39108
3123,39141,39147
273810,39193,39199
351223,39224,39234
84347,39269,39277
84204,39301,39307
22389,39329,39339
273413,39363,39373
267910,39398,39408
350985,39432,39440
56885,39505,39513
335307,39564,39568
428256,39607,39615
56942,39640,39646
352347,39671,39681
11374,39792,39796
404378,39823,39831
352347,39856,39866
606404,40112,40120
404381,40144,40150
352346,40173,40183
200345,40206,40214
949,40237,40243
151822,40275,40283
200364,40306,40312
20423,40339,40347
57752,40421,40429
20407,40451,40459
20418,40493,40497
345507,40522,40530
113110,40560,40570
345504,40605,40613
203516,40644,40648
352158,40698,40708
352144,40729,40737
551522,40765,40773
655754,40800,40806
164105,40842,40848
351966,40889,40897
546600,40919,40927
684522,40963,40967
75263,41003,41013
351891,41038,41044
24,41087,41095
43,41119,41125
351839,41148,41156
350728,41178,41186
541945,41208,41216
206386,41291,41299
268251,41322,41332
144665,41355,41361
57597,41461,41469
263877,41601,41609
147090,41633,41637
7092,41695,41701
19817,41728,41736
350820,41761,41769
350825,41793,41799
350841,41833,41837
350847,41863,41871
56044,41894,41902
345145,41924,41934
56041,41964,41970
56194,41995,42003
184010,42033,42037
345109,42064,42068
79890,42094,42100
79110,42284,42288
117945,42318,42322
348927,42347,42355
117609,42433,42441
1222,42513,42523
706270,42548,42556
655982,42578,42586
649031,42608,42616
21493,42638,42646
474027,42671,42679
346182,42716,42724
1192,42749,42757
56034,42813,42819
56042,42853,42861
345143,42884,42894
531888,42916,42926
350848,42979,42983
350842,43020,43026
3260,43053,43063
3259,43090,43098
14042,43140,43144
680489,43178,43184
110212,43213,43221
301359,43275,43281
77022,43353,43363
1052,43430,43438
413764,43464,43470
690798,43495,43501
55151,43624,43630
812287,43658,43664
697382,43718,43726
346007,43780,43788
2092,43829,43837
6931,43868,43876
345871,43948,43954
289338,44257,44267
6893,44323,44333
6895,44356,44366
812363,44386,44396
5568,44476,44480
22253,44505,44511
95614,44580,44588
198827,44625,44633
80748,44660,44668
17823,44690,44700
55108,44729,44737
23323,44762,44768
54555,44793,44799
81078,44824,44828
17726,44889,44899
341916,44946,44956
4454,44988,44998
83685,45020,45026
593797,45048,45058
148339,45088,45096
121030,45122,45126
521160,45154,45158
564366,45206,45210
75005,45238,45242
339506,45268,45274
484356,45413,45419
151242,45450,45456
338494,45780,45788
655139,45815,45821
339518,45864,45874
339507,45896,45902
338501,45930,45936
547907,45961,45965
305297,45991,45999
81864,46068,46076
591660,46098,46106
151047,46131,46139
151039,46162,46170
19219,46192,46200
645853,46226,46230
690595,46257,46261
331616,46321,46325
695031,46350,46356
534530,46384,46392
54912,46422,46428
345073,46451,46459
20734,46491,46497
345201,46530,46536
13476,46565,46573
651847,46599,46607
54635,46632,46642
345292,46676,46684
20243,46710,46716
345321,46741,46745
345402,46783,46789
55004,46821,46831
20367,46860,46868
56521,46895,46901
6100,46929,46937
57794,47000,47006
1573,47035,47043
354345,47068,47074
1645,47099,47105
91863,47130,47138
343170,47163,47167
342745,47198,47208
97604,47230,47238
406,47263,47273
109816,47296,47300
98231,47328,47334
311783,47357,47365
81745,47394,47400
19675,47425,47435
56036,47461,47465
21480,47492,47498
21483,47525,47531
711304,47601,47605
74151,47643,47651
710094,47677,47685
117832,47715,47721
648541,47824,47832
345123,47854,47862
87210,47885,47893
87314,47923,47929
56224,47956,47962
348927,47993,47999
117634,48026,48032
54447,48057,48061
403188,48091,48097
56957,48143,48153
257101,48176,48180
349071,48205,48211
349075,48234,48242
194444,48270,48274
194448,48302,48310
568381,48336,48346
354291,48371,48377
403173,48401,48407
80067,48464,48472
148012,48543,48549
148014,48600,48608
345047,48638,48644
56197,48679,48685
344687,48713,48719
344714,48748,48752
344721,48778,48782
344722,48812,48820
344724,48869,48877
650385,48904,48908
56181,49018,49024
79310,49049,49057
688517,49081,49087
206327,49117,49123
150550,49149,49153
55306,49179,49185
355196,49207,49217
147000,49284,49288
276002,49317,49323
56275,49370,49376
146812,49401,49407
741644,49443,49451
369183,49474,49482
535055,49507,49513
345910,49547,49557
3175,49579,49585
402355,49627,49635
750276,49793,49801
372217,49831,49839
326199,49863,49873
3174,49895,49901
326198,49931,49937
345914,49972,49978
150447,50002,50008
57416,50038,50044
5870,50090,50098
346055,50136,50144
146789,50170,50176
20359,50200,50208
20323,50234,50244
5137,50272,50278
344822,50302,50310
344653,50339,50347
19735,50369,50379
148038,50400,50408
345037,50434,50442
148008,50467,50475
16019,50501,50505
148854,50529,50537
184011,50562,50566
535042,50593,50597
184082,50626,50632
56034,50666,50676
1209,50699,50709
1211,50760,50768
474013,50812,50816
74151,50859,50867
429584,50895,50903
710097,50935,50941
798498,50964,50972
648541,51060,51066
87226,51091,51095
117859,51124,51132
56222,51156,51160
257114,51199,51203
57441,51228,51236
148012,51261,51267
19752,51299,51307
19760,51347,51353
273227,51377,51385
344659,51406,51416
79836,51449,51453
20301,51497,51505
20305,51601,51607
20245,51630,51640
55762,51684,51688
407554,51718,51722
269178,51751,51755
638139,51813,51817
319756,52004,52010
537858,52035,52039
407539,52082,52090
536559,52115,52125
119303,52164,52170
323893,52206,52210
684330,52234,52242
324062,52280,52288
55321,52312,52318
326182,52348,52356
146801,52383,52391
535521,52418,52424
81420,52454,52464
345910,52491,52499
273771,52522,52528
764779,52552,52558
350364,53558,53568
350366,53590,53596
568267,53622,53630
374305,53656,53664
567804,53691,53695
55289,53723,53731
568277,53756,53766
544680,53794,53802
329823,53836,53840
338038,53878,53888
338051,53963,53969
160677,54104,54110
338034,54132,54142
542607,54164,54170
3065,54193,54201
55296,54228,54232
3057,54262,54270
338064,54298,54308
329827,54336,54340
329831,54373,54381
331903,54407,54415
546343,54439,54447
351811,54470,54476
191850,54527,54531
351811,54571,54579
191850,54606,54610
626286,54636,54646
684983,54670,54678
150958,54704,54710
608113,54734,54740
329844,54957,54967
402812,54987,54997
871808,55019,55025
191858,55050,55054
696918,55078,55086
696917,55110,55114
655349,55187,55197
294259,55224,55230
152229,55259,55269
3371,55293,55299
150219,55322,55330
352578,55362,55368
352677,55401,55409
3266,55457,55467
352037,55496,55504
352845,55553,55561
352837,55607,55617
69996,55643,55649
3628,55682,55690
3700,55718,55726
575590,55751,55759
57320,55792,55798
564772,55925,55929
57321,55952,55962
575585,55984,55990
546825,56027,56031
70095,56056,56062
69974,56089,56097
57271,56132,56140
404194,56181,56189
542410,56227,56235
375244,56266,56274
74079,56343,56353
349026,56432,56442
84443,56469,56473
75863,56512,56518
202258,56544,56554
75846,56586,56594
75845,56623,56629
535059,56653,56661
84600,56683,56693
84685,56719,56729
151822,56756,56764
200364,56791,56799
344252,56821,56829
20432,56864,56872
57752,56933,56943
20407,56969,56973
20418,57018,57026
20234,57052,57058
20238,57130,57136
81627,57207,57215
113110,57255,57263
57770,57291,57299
345504,57360,57366
452413,57396,57402
5154,57427,57435
203516,57475,57481
352158,57565,57573
551522,57599,57609
591777,57631,57637
690997,57662,57670
351966,57694,57704
168177,57746,57754
577769,57778,57784
108937,57808,57814
6369,57836,57846
870159,57871,57879
548388,57912,57918
540279,57943,57949
17742,57974,57978
354816,58001,58011
911,58037,58043
153809,58099,58103
54443,58133,58139
199663,58167,58171
651682,58206,58212
199730,58237,58243
863398,58267,58273
267327,58299,58303
342322,58339,58343
342311,58370,58376
342367,58402,58408
55353,58462,58468
351323,58493,58497
383201,58538,58548
312210,58570,58576
393798,58640,58648
625242,58695,58701
74955,58725,58731
546359,58754,58762
308054,58786,58792
352953,58817,58821
538328,58852,58862
683368,58905,58915
342871,58959,58965
342870,62233,62237
402995,62262,62272
402997,62307,62315
71141,62344,62354
538328,62377,62385
57225,62416,62424
101113,62468,62478
115832,62503,62509
682279,62540,62548
144627,62585,62595
56063,62632,62638
19659,62660,62670
345144,62691,62699
19651,62722,62730
144592,62754,62760
184006,62789,62797
5812,62828,62836
5821,62861,62869
348922,62896,62904
80140,62927,62933
56234,62984,62988
206289,63018,63024
79092,63061,63065
548210,63092,63098
56955,63132,63136
288932,63179,63183
181214,63206,63216
6781,63254,63262
6778,63289,63297
539273,63323,63331
354617,63357,63365
319652,63389,63393
540979,63418,63428
295871,63496,63502
151022,63526,63532
295871,63583,63593
618944,63613,63623
5202,63676,63682
5207,63725,63735
149611,63822,63832
195041,63874,63880
55407,63933,63937
319905,63963,63969
348126,63994,63998
5172,64027,64035
79308,64057,64067
537608,64093,64099
348055,64129,64135
19917,64158,64166
19906,64197,64205
19905,64245,64251
19871,64285,64291
19870,64319,64325
347689,64367,64373
20006,64483,64487
150903,64556,64562
197518,64598,64608
570808,64630,64636
445259,64666,64672
691336,64711,64719
452202,64743,64753
414699,64777,64785
414712,64813,64819
632314,64994,65002
452202,65023,65033
445271,65055,65061
411134,65086,65092
574349,65115,65123
197519,65176,65184
57673,65210,65216
79197,65243,65249
347780,65273,65283
347691,65314,65322
19895,65354,65362
685059,65391,65397
206305,65425,65433
19913,65464,65472
348052,65510,65516
54530,65542,65550
286768,65576,65584
19719,65613,65619
19724,65648,65656
142855,65681,65689
344688,65724,65730
56844,65756,65766
57429,65788,65796
148020,65818,65828
19805,65850,65858
3215,65901,65911
57648,65932,65942
348918,65965,65969
348927,66005,66011
117640,66043,66051
56232,66108,66114
56234,66218,66222
424507,66247,66253
424518,66278,66288
424527,66322,66330
424520,66356,66360
21490,66582,66592
21505,66627,66635
80076,66683,66691
56207,66716,66724
118401,66750,66756
543727,66778,66788
144662,66814,66820
410654,66844,66850
122992,66880,66886
410653,66938,66948
150585,67004,67008
410665,67036,67040
410691,67063,67073
432955,67109,67117
809559,67146,67156
754360,67243,67249
410684,67283,67287
70958,67372,67376
70968,67400,67408
70973,67434,67442
70946,67537,67545
122966,67572,67582
56034,67617,67625
1209,67659,67665
1211,67756,67764
474013,67801,67809
198428,67837,67843
199596,67922,67930
74149,67959,67965
74129,67990,67996
710097,68022,68026
198428,68095,68099
711304,68124,68134
74151,68167,68177
74137,68202,68208
74143,68338,68344
74129,68455,68465
74134,68524,68530
429584,68558,68564
117832,68600,68608
474027,68635,68643
19824,68678,68686
535043,68709,68715
345119,68746,68750
345102,68775,68783
5817,68811,68819
3222,68843,68853
3215,68884,68890
348904,68916,68920
55589,68945,68953
56849,68988,68996
537243,69033,69041
56852,69064,69072
349400,69102,69110
349604,69132,69140
349619,69269,69277
349406,69305,69313
5955,69345,69355
536719,69381,69389
419659,69413,69421
543536,69449,69453
346037,69492,69496
397439,69543,69553
323872,69640,69648
535429,69682,69692
541811,69714,69722
464200,69757,69767
954,69878,69882
326567,69913,69917
870311,69941,69951
536709,69974,69978
337998,70004,70008
539334,70034,70038
539320,70229,70235
870309,70259,70265
586845,70294,70302
110426,70325,70335
308368,70358,70368
352354,70390,70398
56943,70443,70451
110056,70474,70482
543507,70505,70511
308288,70569,70575
2989,70598,70606
308286,70661,70667
629185,70867,70875
629017,71614,71622
591797,71645,71651
202049,71676,71680
159829,71721,71725
85608,71775,71781
84179,71805,71813
151889,71849,71853
351211,71888,71894
273788,71924,71932
74257,71957,71963
84267,71999,72007
84295,72101,72111
346935,72171,72179
20099,72212,72220
346956,72252,72258
20168,72282,72290
346963,72323,72331
346974,72368,72372
20037,72395,72405
273521,72434,72442
355024,72483,72493
417318,72517,72523
20025,72550,72556
150905,72578,72588
481890,72628,72636
197440,75040,75046
575518,75112,75122
422773,75236,75244
19862,75267,75273
197801,75312,75316
325568,75542,75552
75729,75607,75611
347655,75647,75653
150597,75681,75687
13245,75721,75727
75673,75753,75759
147237,75792,75796
273527,75823,75827
5035,75881,75885
353697,75913,75923
750304,75949,75957
197564,75988,75998
548088,76022,76032
355023,76053,76061
197579,76101,76107
548166,76295,76301
206357,76433,76437
686050,76463,76469
542370,76497,76505
351179,76551,76557
195,76610,76616
351201,76693,76699
84244,76731,76741
84279,76764,76772
351223,76811,76819
84364,76840,76850
84179,76870,76880
338010,76932,76940
22380,76967,76973
626992,76997,77003
629017,77025,77035
575363,77057,77065
402824,77149,77157
151452,77199,77205
159819,77229,77235
402823,77303,77307
277535,77348,77354
339959,77405,77411
352361,77440,77444
273445,77478,77484
151818,77508,77514
84634,77536,77546
535063,77591,77597
57100,77632,77638
75853,77661,77669
202247,77714,77718
4652,77749,77753
4655,77782,77790
4678,77815,77819
349001,77858,77866
653965,77902,77908
56699,77931,77939
3618,77994,78002
13533,78028,78034
564117,78057,78065
17386,78134,78144
582378,78188,78196
308313,78223,78231
4064,78317,78325
316422,78375,78379
315157,78407,78413
344425,78437,78443
343345,78467,78473
4089,78503,78509
342507,78534,78544
343376,78580,78586
344100,78611,78617
343407,78642,78650
343413,78672,78680
586066,78737,78743
344119,78812,78818
752203,78844,78850
152637,78874,78880
342934,78920,78926
316348,78953,78963
294687,78986,78996
346405,79025,79033
150446,79070,79078
150441,79103,79113
315960,79148,79152
315961,79200,79208
57075,79247,79255
581633,79282,79292
315478,79316,79324
3598,79346,79354
353235,79402,79406
349837,79450,79460
149946,79483,79493
349859,79513,79523
349858,79568,79576
349865,79612,79620
349005,79646,79650
4643,79681,79689
57078,79715,79721
202258,79748,79756
180,79808,79816
85594,79889,79897
84180,79918,79928
351228,79955,79963
351213,79989,79993
74262,80034,80040
84295,80132,80140
346935,80193,80199
20099,80227,80233
346956,80259,80267
20180,80302,80310
346974,80355,80365
20037,80391,80397
273520,80422,80430
355024,80463,80469
5101,80502,80508
417318,80578,80586
5089,80608,80616
411271,80776,80784
411270,80807,80813
57515,80839,80847
19865,80882,80888
347691,80922,80928
19895,80960,80968
685059,80991,80997
19910,81031,81035
19912,81060,81068
54530,81104,81110
545969,81136,81140
348123,81168,81174
142851,81199,81207
344688,81239,81245
345015,81270,81276
148020,81304,81310
19811,81334,81342
57647,81365,81371
318078,81398,81404
537037,81436,81444
55594,81472,81478
809566,81505,81509
5840,81557,81563
184011,81594,81598
345121,81626,81634
15743,81673,81681
80075,81706,81712
80079,81736,81746
199596,81826,81836
474008,81859,81865
198428,81900,81910
199596,81935,81943
74151,81975,81983
710094,82008,82012
21489,82038,82044
474027,82075,82081
346182,82126,82136
19824,82164,82170
535043,82194,82200
346383,82231,82237
345108,82263,82273
3215,82298,82302
348905,82326,82334
56849,82373,82379
257123,82403,82411
87684,82435,82439
349619,82486,82494
349547,82517,82523
5962,82561,82571
85266,82594,82600
357863,82627,82631
350742,82660,82668
350747,82923,82933
683550,82962,82966
542837,82994,83000
323913,83037,83045
321379,83070,83078
56907,83105,83111
785531,83138,83144
324093,83210,83218
372143,83259,83267
372166,83291,83301
372167,83327,83331
151791,83363,83373
764118,83409,83419
402360,83449,83453
151781,83499,83503
481401,83635,83639
535537,83712,83718
481401,83766,83770
402339,83806,83812
148943,83841,83849
