533993,27925,27931
348078,27967,27977
348089,28004,28008
534022,28035,28043
150807,28070,28078
55498,28110,28120
887826,28141,28151
534986,28180,28186
2329,28211,28215
16748,28247,28257
537088,28287,28295
150785,28319,28323
473525,28373,28379
348786,28403,28409
348792,28439,28447
348781,28471,28479
348783,28502,28508
72911,28534,28542
150780,28574,28578
16749,28617,28623
16757,28646,28656
332611,28678,28686
312991,28731,28739
536380,28761,28771
332608,28797,28805
16688,28843,28851
348805,28875,28883
332611,28908,28916
4626,28942,28950
72910,28972,28980
150836,29009,29019
535826,29053,29057
56802,29095,29101
1895,29151,29161
15413,29238,29248
150914,29270,29276
148510,29307,29311
13237,29370,29376
148503,29400,29406
12557,29484,29488
402091,29512,29522
402094,29584,29592
255619,29780,29788
11796,29818,29822
206283,29857,29865
12268,29932,29938
122054,29977,29981
297861,30006,30012
631442,30035,30045
22909,30125,30133
640366,30158,30164
290894,30192,30200
415475,30236,30244
149349,30420,30426
334447,30449,30457
147320,30503,30509
151057,30539,30547
335072,30581,30585
649792,30610,30618
126430,30996,31000
147327,31068,31076
15317,31106,31114
335578,31142,31152
335585,31180,31184
19598,31217,31223
651822,31253,31263
19604,31289,31297
12447,31397,31403
12446,31448,31456
22934,31504,31510
54718,31552,31560
654228,31594,31602
54244,31625,31633
7191,31658,31668
145420,31690,31698
145445,31811,31815
144504,31859,31869
543758,31894,31902
148714,31926,31934
886876,31959,31967
144524,31992,31996
416178,32031,32037
710672,32114,32124
334250,32153,32157
7188,32181,32191
7186,32216,32224
181614,32246,32254
1807,32285,32293
68765,32356,32364
68770,32410,32416
4410,32557,32565
758670,32625,32631
651848,32714,32718
734759,32759,32765
55168,32821,32829
121058,32959,32969
534221,32996,33000
685404,33027,33033
181609,33067,33071
181613,33211,33217
55128,33267,33277
55139,33332,33340
17727,33378,33382
17729,33423,33427
341917,33454,33458
23318,33485,33495
756277,33525,33533
71701,33554,33564
23140,33586,33596
348390,33619,33625
754,33670,33680
152016,33701,33709
277854,33813,33819
277846,33842,33850
12923,33874,33882
353918,33912,33918
9790,35164,35170
337090,35205,35211
350422,35246,35252
153757,35275,35283
842,35346,35352
558700,35376,35382
1671,35407,35413
86448,35444,35452
349578,35503,35507
117849,35535,35541
110227,35569,35575
437956,36588,36594
1658,36628,36632
343722,36658,36662
343702,36687,36693
119104,36719,36727
146819,36751,36757
1584,36786,36790
1631,36816,36824
353653,36850,36854
353671,36883,36891
71589,36914,36924
313401,36947,36953
352634,36984,36990
352655,37029,37037
349916,37061,37071
5897,37098,37106
5896,37130,37134
5948,37163,37169
651836,37196,37200
541663,37225,37231
20301,37258,37268
20305,37296,37300
57125,37326,37332
164070,37394,37402
372229,37437,37441
403206,37482,37492
55762,37520,37526
684804,37553,37559
323889,37583,37591
119298,37614,37620
119303,37642,37652
3411,37687,37697
118142,37727,37733
323893,37757,37765
262793,37803,37811
402370,37835,37843
402366,37901,37909
56927,37942,37950
323009,37979,37987
352950,38050,38056
544089,38080,38090
5870,38122,38130
56920,38183,38187
20359,38215,38221
20317,38264,38272
424557,38297,38303
79831,38333,38339
344651,38364,38370
79766,38395,38401
19745,38428,38436
345037,38465,38471
148011,38497,38505
5840,38529,38539
345110,38563,38567
345122,38596,38602
15743,38630,38638
80075,38668,38674
1211,38716,38720
474016,38747,38751
429584,39801,39811
117832,39847,39853
80111,39877,39883
346182,39911,39917
117880,39942,39950
278966,40042,40046
21583,40176,40180
419379,40221,40229
419390,40253,40261
263327,40284,40292
419398,40318,40326
184028,40360,40366
345232,40395,40403
402808,40427,40431
459782,40456,40466
147409,40487,40495
538271,40518,40526
55744,40551,40557
354545,40581,40591
159949,40647,40657
342613,40682,40686
76625,40715,40723
21784,40745,40755
286587,40804,40810
707539,40847,40855
384999,40881,40889
384891,40918,40926
384861,40959,40967
120705,41008,41018
69912,41229,41235
394705,41275,41285
152436,41331,41337
487945,41367,41377
385721,41417,41427
21851,41459,41467
82154,41557,41561
76643,41704,41710
343764,41740,41746
681790,41775,41779
286662,41803,41811
21823,43306,43314
350597,43339,43347
290751,43373,43379
151036,43405,43411
57172,43443,43451
3239,43477,43483
57209,43507,43517
148077,43537,43547
142197,43569,43577
350440,43605,43609
206545,43644,43650
5744,43680,43684
350462,43712,43716
350652,43743,43749
350704,43780,43786
761485,43813,43821
80365,43861,43869
110593,43900,43910
351872,43961,43967
56596,43994,44002
351888,44032,44040
75243,44111,44117
1476,44143,44149
651143,44193,44201
15,44229,44235
143936,44272,44280
143933,44332,44340
5719,44361,44371
1478,44393,44399
80403,44424,44430
18193,44518,44524
353903,44558,44566
338211,44590,44596
15667,44670,44678
56590,44700,44708
338167,44732,44740
727,44801,44805
55146,44829,44839
575428,44877,44885
855,44908,44916
886,44973,44979
325,45032,45036
730,45072,45080
55146,45107,45113
57740,45140,45150
23450,45206,45214
143251,45237,45245
152792,45302,45306
116450,45357,45361
80748,45545,45555
17831,45645,45649
80744,45673,45681
17831,45704,45712
80743,45733,45743
341921,45767,45771
345603,45835,45839
546082,45868,45874
23150,45903,45911
1384,45933,45941
254104,45967,45971
819591,46027,46035
57862,46136,46142
160891,46382,46388
351387,46410,46420
57862,46508,46512
694965,46556,46562
401048,46588,46596
6893,46620,46626
5566,46689,46697
23149,46719,46727
95612,46751,46757
95614,46800,46804
198827,46840,46850
80748,46877,46883
81034,46926,46930
55109,46955,46965
54555,46986,46994
17712,47019,47027
17726,47061,47071
341916,47106,47112
4454,47143,47149
19517,47174,47184
83680,47214,47220
76029,47244,47250
336955,47284,47288
75995,47312,47320
68771,47373,47379
68779,47416,47422
120914,47456,47464
120920,47491,47499
167425,47523,47529
543542,47552,47560
486230,47590,47598
536209,47621,47631
545198,47654,47662
334246,47737,47741
886899,47775,47779
142836,47805,47809
334147,47834,47840
685632,47874,47878
334249,47903,47913
120666,47934,47942
144454,48921,48929
145446,48951,48959
145445,48981,48991
686144,49012,49020
145445,49044,49052
334249,49076,49086
144438,49145,49149
120667,49177,49185
145495,49211,49221
486158,49243,49251
7187,49274,49282
537021,49307,49315
15563,49356,49366
17451,49390,49398
6286,49425,49433
15039,49463,49471
15059,49508,49514
12440,49536,49546
144826,49573,49579
144822,49627,49633
152067,49673,49683
15302,49706,49712
54358,49743,49749
6488,49779,49785
355981,49810,49816
122070,49852,49862
742974,49888,49894
11838,49924,49930
13428,49978,49986
290919,50009,50019
278112,50042,50050
6510,50081,50091
535602,50116,50124
492569,50290,50300
307871,50424,50432
402074,50457,50463
56560,50491,50495
339566,50520,50528
339575,50552,50556
470,50581,50587
339374,50620,50628
9262,50668,50676
339376,50700,50704
55533,50731,50739
493108,50916,50922
407585,51651,51657
343231,51708,51716
308082,51739,51749
13235,51772,51778
343238,51819,51825
56551,51849,51859
410453,51892,51898
342252,51927,51933
339797,51957,51965
538823,52182,52186
620242,52239,52243
9206,52300,52304
534738,52342,52348
492562,52373,52379
56541,52422,52428
591,52451,52459
278129,52485,52493
290922,52516,52522
13422,52569,52579
122046,52614,52624
122047,52650,52656
756289,52680,52686
11945,52711,52719
256629,52744,52750
289786,52808,52816
50503,52845,52849
335585,52888,52896
19598,52920,52928
19604,52956,52964
12446,52994,53000
22934,53029,53037
54718,53074,53082
654228,53122,53126
54244,53153,53159
7191,53188,53198
148713,53222,53230
120667,53257,53267
145477,53305,53313
886946,53368,53372
145495,53399,53407
87675,53435,53445
120667,53469,53475
144423,53502,53510
427687,53610,53618
145477,53676,53684
144423,53706,53714
145477,53741,53745
145461,53796,53802
334147,53826,53832
145461,53896,53904
87675,53928,53936
120667,53960,53966
144438,54729,54735
142824,54759,54765
120665,54789,54795
537021,54820,54828
15563,54867,54873
17451,54897,54903
545013,54927,54933
15002,54966,54974
54243,54996,55004
22916,55050,55054
116633,55100,55106
20771,55133,55137
20633,55197,55203
651861,55232,55238
20706,55274,55278
345200,55311,55315
13475,55341,55345
345213,55375,55379
20740,55405,55415
54635,55556,55562
345291,55587,55595
345290,55625,55631
345294,55656,55664
14245,55700,55708
115918,55730,55738
115905,55771,55775
355479,55800,55806
122333,55831,55835
21020,55864,55872
4556,55926,55936
122312,55959,55967
305498,56021,56031
270679,56073,56083
203243,56110,56114
556689,56140,56144
203236,56369,56375
80009,56401,56409
80004,56434,56442
562055,56466,56472
270686,56505,56513
270692,56557,56567
122320,56591,56601
7159,56627,56633
122330,56658,56664
355487,56693,56701
7200,56730,56734
115917,56757,56767
115972,56792,56802
345306,56822,56832
308403,56866,56874
570995,56900,56908
466596,56992,56998
403096,57025,57031
648694,57117,57127
14284,57149,57155
403062,57209,57217
403066,57245,57251
2832,57329,57337
338971,57362,57368
290737,57458,57464
338982,57504,57510
149280,57535,57539
641668,57571,57581
7510,58150,58158
539173,58180,58188
538304,58235,58245
323541,58309,58313
148277,58338,58346
149521,58368,58376
54398,58415,58421
308225,58461,58469
339650,58494,58502
2819,58528,58532
693855,58558,58564
341191,58587,58595
693947,58619,58625
7902,58650,58658
693933,58686,58694
693906,58717,58725
693858,58749,58755
539527,58779,58789
313948,58821,58831
54886,58855,58859
346,58884,58892
606808,58916,58922
548016,58948,58956
339295,58979,58985
21234,59036,59042
537379,59076,59080
690236,59104,59112
694128,59135,59141
539147,59167,59173
339624,59201,59207
339626,59243,59247
54764,59272,59282
339632,59312,59320
812541,59357,59361
538473,59391,59399
339637,59427,59433
313960,59492,59496
144670,59520,59528
57708,59557,59563
5605,59589,59597
13486,59624,59628
20707,59668,59674
20731,59711,59717
54827,59741,59751
54844,59815,59819
164230,59856,59864
116632,59892,59902
273836,59926,59930
148286,59964,59968
273798,59996,60002
148730,60027,60035
54718,60058,60068
654228,60095,60103
54244,60127,60133
7192,60160,60164
148714,60191,60197
120666,60224,60230
120003,60257,60261
120005,60376,60380
148771,60406,60416
142835,60491,60497
148781,60525,60535
7187,60558,60564
536784,60587,60595
50510,60620,60628
15563,60656,60660
17451,60687,60691
545013,60717,60723
15002,60758,60764
54243,60789,60795
22916,60841,60851
148283,60879,60883
116633,60910,60914
22838,60938,60946
379731,60971,60977
336391,61002,61006
530069,61030,61040
336391,61076,61082
410355,61110,61118
636735,61141,61149
8137,61293,61297
379638,61384,61390
76256,61416,61424
8137,61472,61480
379638,61503,61511
76256,61537,61543
8137,61586,61594
410354,61622,61628
289635,61654,61658
488306,61683,61689
336930,61721,61729
564687,61759,61765
338508,61792,61796
2711,61834,61840
547844,61868,61872
2598,61898,61906
76139,61928,61936
55171,61959,61965
121058,61993,61999
83681,62024,62030
685404,62060,62066
181609,62094,62102
181613,62135,62139
55139,62175,62183
17729,62211,62215
23318,62248,62256
756277,62283,62287
71701,62313,62317
21967,62342,62350
55099,62376,62380
652199,62407,62413
348957,62438,62442
322890,63154,63160
534635,63184,63192
695620,63215,63223
539877,63270,63278
636740,63300,63308
11861,63462,63472
56601,63498,63502
215270,63530,63538
277868,63578,63582
419480,63612,63620
350233,63647,63655
539969,63679,63687
419487,63711,63721
54255,63744,63752
7158,63778,63784
54257,63855,63859
203273,63884,63890
146621,63919,63927
201098,63973,63981
201122,64021,64029
539479,64051,64059
654016,64085,64095
201117,64119,64127
352176,64154,64162
348368,64200,64210
348372,64234,64242
402965,64270,64278
353135,64303,64311
1539,64334,64344
1530,64393,64397
347003,64428,64438
2251,64468,64476
2261,64506,64512
348406,64535,64543
152406,64574,64582
2210,64622,64628
152405,64683,64687
354924,64752,64756
354877,64789,64797
537810,64827,64833
2226,64860,64866
537620,64905,64913
424618,64935,64943
615062,64988,64996
537524,65053,65059
144686,65084,65090
54993,65166,65172
181388,65200,65206
548332,65236,65244
353835,65265,65275
123457,65314,65320
203473,65345,65349
55008,65417,65425
540532,65451,65455
297409,65492,65500
148917,65527,65537
684568,65561,65567
352158,65591,65597
119547,65620,65628
567842,65651,65657
289005,65693,65701
1630,65732,65736
353653,65772,65780
353665,65802,65810
543970,65838,65846
352253,66008,66014
55726,66038,66044
352631,66068,66078
352655,66125,66131
256665,66153,66163
349916,66194,66198
938,66223,66229
541097,66253,66259
84836,66305,66313
56489,66342,66348
84831,66371,66381
84829,66405,66411
159275,66434,66442
73474,66483,66487
344242,66519,66529
200371,66554,66560
84683,66587,66591
536034,66630,66636
84590,66662,66672
536855,66709,66715
75853,66759,66767
202247,66802,66812
57084,66837,66845
84440,66868,66876
84436,66901,66905
70189,66936,66946
70303,67027,67037
3778,67078,67088
351661,67122,67128
351657,67152,67160
152160,67187,67195
70470,67261,67271
152167,67298,67302
70554,67326,67336
351581,67360,67368
151600,67409,67419
331280,67448,67454
637598,67476,67486
627733,67507,67515
637598,67689,67695
627642,67718,67726
151638,67761,67765
352006,67813,67821
421556,67845,67849
351997,67881,67891
273742,67953,67963
273749,67987,67991
152185,68019,68023
351611,68048,68054
351660,68085,68089
351679,68123,68129
70347,68183,68187
351689,68213,68217
84444,68242,68248
75855,68279,68285
57078,68312,68318
202258,68350,68360
85594,68474,68482
535926,68504,68512
352133,68533,68543
351213,68568,68572
84256,68604,68612
536076,68642,68652
764775,68678,68686
764772,68709,68719
350680,68750,68758
544319,68786,68794
369701,68819,68827
328862,68851,68859
151798,68885,68893
535574,68915,68925
3174,68961,68967
326198,69007,69013
539873,69044,69048
633863,69073,69081
633864,69104,69110
85775,69144,69152
85779,69183,69191
118976,69214,69220
150319,69268,69276
150328,69314,69320
55312,69351,69357
57416,69380,69390
5870,69444,69450
164265,69486,69496
146783,69519,69527
146789,69568,69574
56920,69657,69667
20359,69702,69708
20321,69740,69746
346774,69776,69784
20317,69812,69818
164091,69955,69963
537282,69986,69992
20442,70015,70023
20476,70045,70055
56502,70077,70087
57767,70107,70117
57752,70193,70203
116446,70227,70235
20418,70281,70289
20238,70343,70353
81627,70399,70407
113110,70464,70474
113114,70502,70510
57778,70547,70557
56517,70597,70601
148923,70637,70645
4693,70670,70674
20399,70728,70736
201215,70765,70769
201213,70795,70805
201232,70869,70873
815273,70897,70907
201231,71026,71034
115372,71068,71078
689623,71116,71122
201536,71160,71168
201506,71191,71197
689041,71232,71240
689624,71263,71269
346273,74252,74260
201536,74337,74343
115358,74371,74379
115361,74402,74410
372441,74439,74447
14304,74476,74480
54742,74509,74517
345330,74545,74555
17498,74584,74590
347458,74620,74628
116029,74663,74669
345251,74698,74702
13482,74731,74739
341762,74767,74773
20732,74802,74810
54827,74868,74874
54844,74951,74955
20783,74979,74987
20781,75012,75020
652052,75048,75056
832756,75081,75091
148286,75117,75125
273798,75154,75164
15065,75203,75209
146680,75233,75241
797583,75264,75274
1694,75304,75310
336578,75333,75341
181419,75442,75452
392075,75474,75482
75175,75509,75515
303897,75628,75636
413863,76845,76849
413865,76885,76893
337944,76924,76930
1785,76984,76990
1806,77028,77034
486157,77072,77080
167473,77110,77118
167251,77142,77148
486233,77179,77183
886877,77208,77218
144524,77239,77249
416178,77288,77296
148731,77343,77353
710678,77378,77386
334142,77416,77424
543861,77512,77520
486236,77556,77562
685632,77663,77669
545074,77723,77729
427687,77829,77835
145477,77906,77914
144423,77935,77945
543861,77968,77972
144438,78376,78384
334147,78896,78900
334250,78989,78997
145428,79058,79068
145495,79092,79102
486159,79124,79130
167228,79153,79161
167424,79184,79192
15563,79225,79233
17451,79259,79267
545013,79291,79299
22941,79326,79332
15059,79363,79369
12440,79395,79401
144826,79428,79436
144822,79481,79487
152067,79528,79534
15304,79560,79568
55644,79608,79614
12565,79662,79670
54349,79701,79709
11725,79733,79739
13117,79771,79777
50509,79810,79820
254138,79842,79848
267283,79871,79879
341419,79902,79910
17213,79938,79944
55664,79971,79977
55671,80001,80007
17260,80038,80046
348241,80068,80078
17307,80106,80116
17317,80153,80157
351024,80183,80191
351007,80216,80220
551475,80269,80273
191315,80300,80306
4008,80339,80347
273735,80393,80401
400416,80427,80433
689707,80458,80468
203401,80490,80496
539812,80533,80537
885275,80565,80571
299061,80627,80633
3925,80710,80718
689721,80761,80767
629713,80790,80800
151604,80845,80851
273728,80877,80885
273741,80938,80944
273259,80970,80978
545422,81003,81013
17395,81036,81046
350993,81092,81100
351003,81136,81140
120848,81181,81187
120846,81217,81221
17298,81250,81256
206420,81291,81301
541511,81327,81331
541506,81356,81362
