330946,16007,16013
350403,16038,16046
350268,16072,16076
332389,16137,16141
350117,16213,16219
121510,16253,16257
57057,16291,16297
346862,16327,16333
57075,16375,16383
571085,16405,16413
402110,16452,16458
4064,16531,16539
341879,16570,16578
90643,16606,16616
90654,16642,16648
702712,16671,16679
17266,16707,16713
308597,17621,17631
533983,17658,17662
149398,17694,17700
11850,17726,17732
55911,17757,17763
530952,17788,17794
347524,17830,17838
654939,17863,17873
12759,17896,17906
149483,18174,18180
343616,18216,18220
290661,18268,18274
55845,18299,18305
148552,18338,18342
12760,18367,18375
149564,18406,18412
149578,18439,18445
531929,18468,18476
372605,18516,18526
55827,18605,18609
531728,18635,18641
587927,18669,18675
254357,18705,18709
402027,18738,18748
54333,18776,18782
15896,18811,18819
654818,18843,18849
149321,18885,18889
399453,18914,18924
530699,18954,18958
267987,18991,18999
55939,19030,19034
13118,19065,19071
50509,19102,19110
832910,19135,19141
267283,19165,19175
341419,19198,19204
17213,19233,19241
55664,19263,19273
55671,19298,19304
17250,19351,19359
341894,19385,19389
90641,19417,19421
530152,19460,19466
344407,19498,19506
344402,19532,19540
4078,19578,19584
344388,19625,19629
150446,19653,19661
294682,19690,19696
448269,19725,19731
448258,19768,19774
448281,19800,19808
267002,19848,19854
117710,19885,19895
117709,19933,19941
399307,19962,19972
119874,20039,20047
342005,20076,20086
343320,20109,20113
530232,20141,20149
481506,21737,21743
152753,21771,21775
530221,21802,21810
343065,21842,21846
341988,21882,21890
308356,21922,21930
344299,21954,21962
308366,22033,22041
315925,22071,22075
342935,22101,22109
316348,22165,22173
342416,22203,22211
342426,22239,22243
342432,22268,22276
342488,22299,22309
758444,22339,22345
481529,22376,22384
758466,22407,22415
152633,22461,22467
343349,22499,22505
402147,22532,22538
758452,22562,22568
631403,22591,22601
487558,22623,22631
152633,22673,22679
343349,22720,22728
342507,22755,22761
343376,22824,22830
343386,22865,22869
655023,22898,22902
886778,22927,22935
586017,22967,22975
152675,23001,23005
321258,23052,23058
752221,23087,23095
343394,23147,23153
655023,23181,23185
343417,23212,23220
655256,23244,23250
482522,23275,23281
343828,23303,23313
117712,23334,23342
328035,23403,23407
320839,23432,23440
182029,23463,23471
530208,23522,23528
321251,23554,23558
697734,23614,23618
530195,23652,23660
316371,23686,23690
344100,23873,23879
685205,23908,23916
535103,23939,23945
343354,23972,23980
343331,24014,24022
342332,24058,24064
341882,24089,24097
90644,24121,24129
341887,24153,24161
541530,24189,24199
348222,24222,24226
344278,24373,24381
148846,24448,24454
491531,24478,24486
355434,24518,24522
56809,24554,24562
929878,24603,24611
2965,24672,24678
1852,24716,24726
2301,24749,24755
542833,24780,24784
355308,24835,24841
305136,24875,24879
54376,24902,24912
54967,24946,24954
347875,24986,24992
534192,25028,25034
1947,25058,25066
122435,25143,25149
16744,25185,25191
54964,25215,25225
540517,25251,25255
339587,25283,25287
55575,25316,25324
450,25353,25363
15828,25391,25397
537815,25422,25428
491992,25451,25459
289249,25483,25489
340686,25561,25565
340676,25589,25597
290715,25646,25654
341121,25687,25697
340662,25721,25731
55913,25754,25760
530952,29728,29736
12556,29757,29767
347517,29789,29797
347524,29821,29829
307917,29865,29869
654939,29893,29901
149924,29925,29931
151092,29956,29966
151101,29993,30001
254377,30024,30034
530664,30062,30066
11678,30096,30106
530531,30130,30134
530540,30159,30165
53857,30731,30735
120868,30774,30782
54334,30818,30828
147532,30854,30862
530670,30965,30971
54339,31014,31020
54345,31117,31125
530666,31157,31161
268605,31211,31219
256641,31269,31277
289786,31334,31338
15309,31383,31389
710678,32265,32271
334142,32294,32302
181618,32324,32332
810551,32357,32361
7184,32386,32394
15563,32437,32441
17451,32466,32474
545013,32500,32506
15002,32550,32554
54243,32584,32588
22916,32640,32648
15217,32713,32721
15138,32745,32753
15122,32855,32861
68733,32904,32908
647378,32939,32947
58024,32974,32978
58043,33111,33115
58037,34426,34434
336002,34456,34466
67640,34487,34495
151118,34553,34561
151123,34603,34611
126249,34654,34662
15125,34685,34691
148212,34716,34722
335374,34744,34754
407519,34777,34781
336187,34837,34843
577549,35105,35115
495814,35136,35144
495738,35167,35173
336203,35213,35223
15272,35244,35252
151126,35281,35289
151128,35315,35321
622129,35349,35353
342445,35968,35974
15286,36007,36015
697399,36037,36047
335570,36068,36078
55456,36129,36133
335477,36158,36166
126213,36190,36196
335486,36220,36226
335501,36267,36275
149352,36302,36310
1901,40453,40461
535035,40487,40493
149398,40526,40530
655847,40565,40573
532573,40980,40986
55911,41016,41020
532454,41046,41052
273682,41082,41090
411454,41118,41124
531293,41173,41181
273651,41250,41254
148511,41279,41285
148515,41321,41327
1896,41351,41357
56472,41380,41388
55881,41412,41420
149773,41491,41501
339337,41532,41540
56806,41568,41578
348781,41608,41616
150777,41639,41645
348793,41669,41675
16747,41705,41713
348799,41739,41745
685262,41772,41776
402716,41809,41817
312928,41840,41850
342012,41874,41884
690927,42025,42029
348807,42055,42059
16744,42090,42098
54964,42131,42137
339613,42160,42168
339593,42192,42198
540517,42224,42228
150751,42256,42260
307003,42318,42326
445,42350,42356
458,42382,42390
306972,42412,42422
648162,42448,42452
149313,42490,42498
55899,42523,42529
340673,42553,42561
290715,42587,42593
539782,42619,42623
150361,42647,42655
55911,42680,42688
530952,47215,47223
545415,47248,47254
654882,47277,47285
347524,47313,47321
654940,47345,47351
149920,47380,47384
149924,47415,47423
151101,47465,47469
149999,47493,47501
56571,47526,47534
150197,47571,47579
289745,47605,47615
341074,47641,47647
341161,47670,47680
340823,47702,47708
407167,47733,47737
1887,47762,47770
341144,47800,47810
1897,48134,48140
1933,48174,48178
340812,48206,48212
341188,48238,48248
345904,48276,48282
1911,48306,48314
345945,48342,48348
307917,48371,48379
149924,48420,48428
151101,48482,48490
755571,48513,48523
149479,48700,48710
293885,48733,48737
15810,48762,48768
254349,48806,48814
531646,49071,49079
887798,49102,49108
12553,49151,49159
532739,49188,49198
341082,49221,49227
56829,49251,49257
341074,49304,49310
12537,49336,49344
289662,49406,49412
341067,49437,49445
340823,49497,49507
340814,49530,49538
340816,49565,49573
531296,49595,49603
56463,49628,49634
55881,49665,49671
149773,49729,49735
54797,49779,49787
2335,49835,49841
529999,49916,49922
619828,49958,49964
277391,49990,49998
55515,50021,50027
55516,50051,50057
339576,50081,50087
410602,50405,50415
546666,50443,50449
55574,50510,50520
246101,50540,50550
246111,50581,50591
534460,50634,50642
339613,50666,50672
150756,50725,50729
535906,50759,50763
539278,50790,50796
538289,50828,50832
392786,50865,50873
538289,51121,51125
392782,51155,51159
564055,51194,51198
538289,51236,51244
6226,51279,51285
431768,51319,51329
654022,51389,51393
639849,51432,51440
2334,51485,51493
535163,51541,51549
290703,51589,51595
655846,51619,51629
282870,51651,51657
340729,51690,51694
55890,51731,51737
340803,51784,51790
1933,51830,51836
340813,51859,51867
341158,51891,51899
402041,51926,51932
532178,51959,51965
343609,51987,51997
887588,52033,52043
11968,52070,52074
531146,52110,52118
396106,52142,52150
887582,52175,52183
12760,52248,52258
341067,52281,52289
341188,52322,52332
54309,52359,52365
345907,52392,52398
345951,52434,52442
149920,52468,52474
149483,52502,52506
343614,52531,52539
290658,52567,52575
55802,52596,52606
148552,52634,52642
289659,52673,52681
340817,52709,52717
411344,52747,52751
531143,52779,52787
148510,52811,52821
13237,52861,52869
341115,52918,52924
340662,52958,52966
532529,52993,52999
55894,53042,53050
1869,53076,53084
339537,53108,53114
308616,53138,53144
544257,53694,53704
308009,53727,53735
149866,53762,53770
55226,53821,53829
150359,53851,53859
55909,54375,54383
762988,54409,54415
55894,54446,54454
55816,54493,54501
12206,54523,54531
13381,54570,54578
539056,54613,54617
535023,54647,54655
535029,54688,54692
54306,54728,54732
535034,54762,54770
339531,54817,54821
339534,54854,54864
339532,54936,54942
1869,54965,54975
339648,55001,55007
307826,55034,55042
150361,55071,55075
340662,55148,55152
55913,55182,55188
530952,55439,55449
402089,55473,55481
460082,55520,55528
532436,55552,55556
55545,55582,55588
639,55615,55621
535277,55644,55652
531976,55681,55689
255601,55716,55724
308597,58077,58085
307981,58111,58115
339718,58140,58146
307880,58172,58182
402074,58206,58214
339564,58235,58245
339571,58267,58277
13269,58299,58307
339578,58330,58336
246111,58383,58393
289180,58425,58429
695875,58454,58462
150746,58486,58492
542556,58523,58531
312917,58557,58567
312940,58592,58600
695726,59129,59135
655126,59161,59169
402716,59211,59217
312992,59245,59251
360366,59276,59282
55488,59341,59349
150800,59370,59380
16667,59403,59411
16680,59465,59473
55474,59497,59503
305875,59550,59556
206231,59581,59587
206235,59609,59619
534022,59775,59781
150799,59903,59913
56725,59948,59954
402767,59982,59990
56715,60059,60067
150400,60122,60130
349764,60171,60179
349169,65235,65243
584096,65266,65272
684839,65301,65309
349177,65360,65370
349354,65395,65403
151543,65451,65455
575871,65490,65498
350407,65523,65533
316580,65560,65564
332389,65620,65626
350117,65695,65699
121511,65790,65796
317547,65821,65829
121507,65854,65864
121510,65920,65924
317558,65950,65958
317547,65981,65989
308329,66013,66021
343314,66057,66067
316370,66091,66097
887553,66131,66135
530156,68489,68495
343029,68527,68533
315873,68579,68589
343131,68621,68627
315913,68651,68657
294688,68692,68698
448269,68740,68750
448261,68800,68806
448258,68843,68849
315947,68872,68880
448261,68927,68935
346412,68959,68963
315947,68994,69000
346412,69025,69035
448261,69098,69104
315947,69129,69139
656046,69161,69167
448261,69268,69276
315947,69301,69307
448262,69392,69402
448261,69423,69433
346411,69460,69470
267002,69501,69505
12534,69532,69538
117709,69598,69606
343673,69655,69659
152711,69691,69695
152705,69726,69736
344758,69818,69826
308354,69852,69856
344299,69882,69888
119874,69986,69996
343193,70024,70034
318818,70072,70080
151666,70103,70111
151670,70136,70142
317221,70207,70215
320202,70265,70271
530210,70334,70338
344335,70386,70392
341997,70447,70453
341988,70491,70499
344363,70532,70540
308345,70569,70577
384472,70599,70607
344382,70628,70638
294688,70665,70669
294686,70694,70704
346412,70726,70732
294686,70791,70797
448260,70822,70826
342443,70853,70857
448269,71781,71787
448281,71817,71823
346412,71854,71864
342409,71888,71898
346391,71919,71929
346405,71951,71961
315960,72015,72023
342995,72048,72056
315961,72103,72111
4181,72180,72186
481508,72990,73000
152782,73096,73102
343029,73150,73158
315873,73189,73193
181114,73224,73232
4086,73261,73267
346378,73292,73296
152699,73321,73331
530168,73354,73360
346412,73388,73396
346390,73421,73427
294686,73452,73460
448261,73513,73517
315947,73542,73552
342444,73573,73581
294686,73724,73728
448262,73848,73858
448269,74019,74029
294687,74052,74056
448258,74191,74195
448260,74275,74281
315947,74305,74313
346411,74338,74342
315947,74384,74388
294686,74443,74451
448262,74614,74620
448269,74668,74678
448261,74699,74707
346411,74742,74746
346412,74775,74779
342414,74809,74815
342426,74851,74857
342431,74888,74896
342494,74923,74927
342502,74952,74960
343355,74987,74993
342332,75029,75039
341879,75063,75071
90643,75104,75112
90654,75139,75147
702712,75169,75179
17290,75204,75208
372511,76523,76531
531156,76560,76566
531151,76593,76597
531146,76624,76630
161405,76654,76660
531021,76684,76690
311459,76715,76723
340816,76745,76755
1886,76781,76785
308586,76811,76819
340741,76846,76852
341143,76880,76888
491691,77041,77049
56461,77081,77085
307838,77113,77123
530952,78987,78993
347579,79033,79039
148515,79068,79076
289643,79102,79108
534227,79135,79139
372626,79169,79173
372645,79201,79207
149773,79263,79273
117720,79301,79307
529992,79340,79344
529991,79635,79639
452430,79670,79678
431768,79708,79716
392289,79741,79747
55511,79788,79792
339337,79824,79832
529992,79856,79860
348776,79886,79894
348781,79923,79931
150780,79958,79968
16749,80006,80010
332611,80043,80051
537821,80076,80082
150803,80128,80134
535071,80161,80169
348610,80203,80207
547816,80234,80242
2377,80267,80275
348637,80316,80326
1444,80350,80354
348648,80379,80385
346759,80426,80436
56621,80459,80467
537595,80491,80495
76697,80519,80527
347061,80567,80577
2195,80646,80654
290848,80676,80684
56611,80710,80714
348839,80776,80782
16587,80807,80811
16590,80838,80842
1441,80870,80876
462771,80901,80907
16542,80938,80942
348610,80967,80975
55573,80998,81004
55570,81066,81074
10858,81125,81133
607046,81174,81180
403284,81204,81212
403300,81242,81250
16882,81273,81281
403311,81305,81309
581063,81580,81586
403311,81612,81618
150837,81675,81683
150757,81710,81718
534049,81747,81751
206231,81777,81785
395129,81808,81818
150799,81849,81853
56725,81904,81910
402767,81937,81945
6602,81968,81974
150400,82007,82015
349764,82070,82074
349763,82114,82120
84548,83187,83191
191287,83214,83224
750832,83248,83258
3894,83407,83415
3905,83459,83469
351442,83503,83513
330811,83535,83543
537462,83587,83595
4125,83617,83625
581501,83649,83653
151520,83677,83687
630651,83709,83719
536656,83745,83753
