536008,18359,18367
399595,18414,18420
3048,18444,18450
159958,18538,18544
399595,18568,18576
159958,18624,18632
399595,18778,18786
159958,18928,18936
399595,19354,19360
159958,19413,19421
399595,19444,19450
159958,19502,19512
536733,19533,19541
614753,19748,19756
536008,20144,20152
1018,20194,20200
535422,20224,20230
273427,20255,20261
267903,20303,20307
545417,20332,20340
308251,20363,20369
352350,20396,20404
338577,20440,20444
352353,20508,20516
338577,20559,20565
352353,20593,20603
544260,20667,20677
335307,20701,20711
428256,20752,20756
770522,20799,20805
543262,20833,20837
326516,20860,20870
739010,20893,20901
151853,20927,20931
949,20963,20971
151822,21003,21011
200364,21035,21043
57741,21068,21072
20432,21103,21109
57752,21157,21163
116446,21188,21196
20418,21220,21228
81627,21265,21271
113114,21300,21306
345504,21336,21340
203516,21363,21373
352144,21398,21404
548355,21427,21437
539477,22813,22819
343706,22843,22851
343702,22874,22880
307147,22905,22909
654569,22934,22940
351917,22964,22972
643222,23050,23054
201267,23111,23115
307535,23412,23418
6403,23441,23449
6404,23473,23481
351927,23508,23514
591714,23538,23546
119111,23618,23626
352162,23679,23687
6113,23712,23716
56517,23743,23749
148915,23772,23782
20372,23810,23820
345431,23842,23848
345417,23871,23879
54742,23906,23916
345330,23939,23949
17498,23976,23980
347458,24013,24021
345260,24044,24052
20736,24076,24084
5588,24109,24115
13486,24153,24163
20707,24192,24200
20731,24230,24238
54827,24266,24272
54844,24343,24349
164230,24390,24396
116632,24429,24435
273835,24461,24465
148286,24501,24505
273798,24535,24541
148730,24567,24575
54718,24606,24614
654228,24650,24654
285,24681,24685
7191,24716,24722
148714,24749,24759
120667,24785,24793
486236,24818,24824
886943,24847,24855
886946,24919,24925
543861,24952,24958
144438,25138,25144
765273,25171,25179
120665,25202,25208
167229,25232,25240
54246,25264,25274
181616,25295,25303
1807,25332,25340
68765,25409,25415
68770,25463,25471
4410,25523,25529
55168,25570,25574
121058,25598,25608
593800,25641,25645
181609,25690,25694
181613,25725,25733
55139,25764,25774
17729,25808,25818
341920,25843,25849
23320,25877,25881
55103,25907,25915
71701,25936,25946
55150,25975,25981
348390,26021,26029
148190,26051,26061
348434,26083,26089
348517,26124,26132
695406,26208,26216
17153,26240,26244
163971,26359,26367
695400,26537,26547
17154,26570,26574
695400,26600,26604
540392,28159,28167
343980,28547,28555
695401,28576,28586
540392,28638,28648
695402,28739,28747
109751,28770,28776
695401,28848,28856
344006,28878,28886
534864,30001,30011
662,31580,31584
351266,31618,31624
410280,31651,31661
148360,31699,31707
15873,31731,31739
1113,31763,31771
650440,31794,31800
351045,31850,31854
20888,31906,31914
20923,31937,31943
19817,31966,31974
350820,31997,32003
350841,32059,32065
350847,32260,32268
56044,32291,32299
56035,32329,32333
144592,32363,32371
184010,32399,32407
5812,32429,32437
345064,32461,32469
148012,32493,32499
345019,32523,32529
538210,32554,32560
771000,32587,32591
19729,32618,32622
5172,32647,32653
348065,32688,32698
79306,32753,32763
19915,32786,32792
19906,32828,32836
19905,32861,32869
19871,32893,32897
347686,32924,32932
347779,32955,32963
19844,32987,32991
19843,33030,33036
19960,33064,33072
198014,33093,33103
19990,33139,33143
685099,33168,33178
685098,33240,33250
5405,33271,33281
347248,33305,33309
347287,33332,33342
347256,33370,33380
150586,33438,33446
57574,33470,33474
420541,33501,33507
341772,33533,33541
341775,33575,33581
197823,40173,40181
57590,40274,40282
302500,40317,40327
351012,40349,40357
57592,40390,40400
9521,40430,40434
57579,40476,40482
455303,40986,40990
686086,41013,41023
686081,41046,41052
686030,41110,41114
351064,41284,41290
351062,41314,41320
454258,41354,41364
11174,41386,41392
636790,41584,41590
351065,41613,41621
151296,41645,41651
571238,41704,41710
591825,41735,41741
350044,41795,41799
639802,41824,41830
540122,41852,41862
416822,41884,41890
147929,41944,41952
420506,41993,41997
416821,42039,42045
416816,42072,42076
150904,42101,42109
416816,42138,42142
57673,42177,42181
416816,42207,42211
57673,42243,42251
541392,42273,42281
19865,42308,42314
347783,42337,42345
19868,42384,42388
19873,42435,42443
19910,42472,42480
19911,42503,42511
54529,42539,42547
286768,42669,42677
545969,42738,42746
348100,42893,42899
348101,42993,42999
348116,43026,43032
683590,43064,43070
688515,43097,43103
147010,43130,43140
161042,43165,43169
149816,43199,43207
355061,43232,43240
355067,43265,43269
161025,43294,43302
355379,43326,43332
355384,43382,43392
273711,43421,43427
153403,43454,43464
153404,43492,43498
271869,43528,43538
164079,43578,43588
355399,43616,43624
273710,43686,43694
355413,43719,43723
271577,43748,43754
538709,44405,44411
403216,44443,44451
564124,44473,44481
352907,44505,44513
56274,44536,44544
355192,44567,44575
434920,44828,44838
538783,44867,44871
6480,44896,44902
355405,44930,44938
355407,45004,45010
355414,45048,45058
74119,45079,45087
56269,45123,45131
147424,45185,45195
84887,45225,45233
537746,45262,45270
20310,45306,45314
270875,45341,45347
164091,45377,45383
537281,45409,45415
20453,45454,45460
84829,45490,45494
159278,45520,45528
20432,45557,45565
57752,45613,45621
116446,45645,45655
20418,45678,45684
81609,45709,45719
1548,45786,45794
1576,45821,45829
354422,45871,45877
354437,45908,45914
1553,45937,45945
122736,45989,45993
347015,46055,46059
224184,46085,46095
152406,46130,46134
543021,46160,46166
539728,46191,46195
76701,46225,46231
535716,46258,46262
308796,46294,46300
535716,46478,46488
308796,46579,46585
308804,46608,46616
308796,46669,46675
308804,46788,46792
308796,46818,46822
308804,46858,46866
306300,47147,47153
306287,47221,47227
306297,47443,47453
395588,47477,47485
290853,47629,47637
306297,47840,47848
538620,47881,47887
9662,47923,47933
538767,47982,47990
538764,48019,48029
538767,48051,48059
346652,48093,48103
290869,48135,48145
395406,48172,48182
77113,48210,48218
76693,51835,51843
535716,51866,51874
290847,51913,51921
290846,51944,51952
306287,52062,52072
290844,52096,52100
306287,52167,52177
492249,52273,52281
492244,52424,52430
9662,52478,52484
145535,52518,52524
346659,52552,52556
2207,52591,52595
539650,52621,52629
56615,52662,52672
431242,52753,52761
147049,52783,52793
2231,52821,52829
148939,52878,52886
537524,52914,52922
16943,52946,52952
54993,52983,52993
17898,53037,53047
354844,53069,53075
548337,53109,53115
203473,53204,53210
55008,53240,53244
200828,53270,53274
352195,53299,53307
200826,53331,53341
352225,53365,53371
4280,53401,53407
351633,53436,53446
696528,53467,53475
351639,53505,53511
146658,53534,53542
5712,62510,62520
146658,62559,62567
122295,62591,62597
15,62635,62645
110227,62683,62689
349644,62750,62756
810803,62779,62789
5707,62868,62874
181375,62902,62910
12921,62937,62943
738,62968,62976
110220,63005,63011
348420,63056,63062
348957,64088,64094
348962,64123,64131
437945,64164,64168
276639,64218,64226
348962,64257,64267
276639,64404,64410
348967,64436,64444
20784,64474,64482
20797,64743,64751
348424,65176,65184
55090,65214,65220
56620,65253,65257
277848,65302,65308
277853,65365,65373
888232,65397,65405
650432,65428,65436
128680,65468,65474
349580,65497,65505
117837,65588,65592
1660,65618,65624
1658,65664,65672
661766,65698,65706
936,65734,65740
343702,65780,65784
343715,65810,65814
56868,65842,65846
18580,65870,65880
696925,65909,65913
354932,65943,65953
611908,65976,65986
203468,66010,66018
758512,66044,66050
412404,66077,66083
355729,66108,66116
210745,66555,66561
355706,66612,66618
226885,66649,66653
2132,66679,66683
147249,66717,66721
109816,66753,66763
98230,66788,66792
55375,66824,66828
6010,66859,66867
81739,66897,66903
351090,66943,66949
351088,66974,66978
19674,67007,67011
345163,67037,67043
56035,67075,67083
345694,67108,67116
535043,67141,67145
345119,67169,67177
148024,67212,67220
345060,67243,67251
19797,67279,67289
148012,67311,67317
345019,67345,67351
344685,67379,67385
344721,67409,67415
19729,67445,67451
5172,67477,67483
286760,67506,67514
355811,67536,67544
348055,67575,67579
19906,67627,67633
19905,67661,67667
19869,67706,67712
347689,67750,67758
19844,67783,67791
19843,67828,67836
19960,67864,67872
19987,67897,67907
19990,67931,67935
685099,67961,67965
685098,68019,68029
5405,68051,68061
347250,68084,68088
150586,68120,68126
420541,68166,68174
341772,68198,68208
341775,68232,68236
81991,68330,68336
197823,72704,72714
57590,72774,72784
575615,72832,72836
9550,72864,72870
575613,72901,72907
686028,72940,72946
686027,72984,72992
19948,73016,73022
150502,73051,73061
344840,73098,73102
57559,73131,73137
12165,73173,73177
75648,73202,73208
347043,73250,73260
347042,73293,73299
346975,73325,73329
20174,73356,73362
20177,73390,73394
351179,73442,73448
20216,73488,73494
546030,73525,73533
4798,73575,73583
198071,73669,73673
20287,73699,73707
20293,73767,73773
355673,73800,73806
397484,73839,73849
536613,73879,73889
150507,73931,73939
760588,73963,73971
325409,74002,74008
109835,74090,74096
345831,74481,74487
150318,74541,74549
82754,74600,74610
151711,74672,74676
372143,74704,74708
372166,74734,74742
372167,74790,74796
151791,74823,74831
764118,74872,74880
151781,74909,74915
535556,74938,74946
535473,74972,74976
6478,75060,75064
3385,75096,75106
6478,75165,75173
3386,75207,75215
6478,75268,75274
55307,75299,75303
276852,76563,76571
403039,76620,76626
3048,76654,76664
399595,76700,76708
