397,19872,19882
7007,20026,20032
57597,20056,20064
144691,20095,20099
328039,20123,20131
87162,20158,20166
6986,20193,20197
141424,20224,20232
57208,20267,20273
353027,20301,20311
54568,20400,20404
396396,20443,20451
151403,20905,20913
336955,20938,20942
337994,20983,20987
556926,21014,21022
484362,21045,21055
338494,21462,21472
151243,21494,21500
289795,21523,21533
2422,21560,21568
8068,21590,21600
337991,21624,21628
76109,21655,21659
55168,21692,21702
121058,21728,21738
593800,21764,21770
181609,21815,21823
181613,21850,21856
55139,21888,21896
17729,21925,21931
86556,21954,21964
19839,22279,22289
350823,22311,22317
350841,22355,22361
350847,22386,22390
19659,22420,22426
289010,22466,22472
80585,22497,22505
460033,22530,22534
347315,22559,22569
147252,22593,22597
144674,22625,22633
147576,22660,22666
2156,22693,22699
149501,22723,22733
543658,22758,22764
352097,22797,22807
290516,22843,22849
1561,22872,22880
1677,22906,22910
270542,22937,22941
55994,22969,22973
582618,23069,23077
318140,23103,23113
194407,23137,23141
194373,23169,23177
18028,23199,23207
313446,23230,23238
355618,23260,23268
546679,23292,23296
182442,23323,23327
352107,23362,23370
55082,23393,23399
352122,23424,23432
2156,23457,23463
2118,23488,23496
535377,23519,23525
355715,23562,23568
355744,23619,23629
354854,23652,23658
332,23710,23720
353831,23741,23751
421443,23774,23782
350383,23810,23820
158214,23843,23849
328287,23872,23882
308052,23919,23927
350465,23952,23958
861203,23992,23996
328044,24024,24032
541205,26745,26753
201993,26777,26783
82788,26806,26816
684616,26838,26848
351482,26874,26880
64,26926,26936
342654,26962,26968
6889,26992,26998
5566,27023,27029
690878,27053,27059
345858,27085,27089
10234,27131,27139
812633,27163,27167
23445,27191,27201
57740,27225,27233
571466,27257,27265
82539,27295,27301
342150,27329,27339
593827,27364,27372
342217,27393,27403
254501,27436,27442
537386,27506,27510
120773,28104,28110
11700,28135,28145
530522,28923,28931
399459,28953,28961
530529,28986,28990
149527,29021,29025
529951,29264,29270
149529,29305,29315
529951,29384,29390
340313,29457,29465
289419,29498,29506
340314,29529,29535
289419,29585,29591
53851,29705,29711
53857,29781,29789
530665,29813,29817
120868,29842,29848
690661,29875,29881
147532,29905,29911
530670,29976,29984
54339,30011,30021
54345,30074,30080
530666,30106,30110
268605,30151,30157
256641,30209,30219
289786,30286,30296
15309,30327,30335
335578,30359,30365
335585,30388,30396
19598,30425,30433
144823,30464,30472
651822,30512,30518
19604,30562,30566
12447,30669,30673
12441,30698,30704
12446,30728,30734
22934,30776,30784
54718,30835,30839
654228,30882,30890
285,30917,30927
7191,30954,30958
148714,30987,30993
120667,31024,31032
144423,31057,31065
886943,31088,31094
886946,31121,31127
144438,31213,31221
765273,31247,31253
181617,31278,31286
537021,31309,31315
15563,31358,31366
17451,31387,31397
6286,31418,31426
22941,31454,31460
15059,31488,31496
12440,31521,31527
144826,31556,31566
19552,31597,31605
123781,31632,31640
334670,31666,31670
685641,31693,31703
53897,31727,31735
53901,31785,31791
581367,31836,31842
151058,31934,31942
147327,31981,31985
126439,32013,32017
651043,32053,32061
149342,32086,32096
335505,32138,32144
335491,32174,32182
126254,32218,32222
126238,32294,32302
148067,32326,32334
142429,32363,32369
122099,32415,32423
23018,32450,32460
12832,32483,32491
12866,32580,32586
344504,32612,32620
184058,32644,32648
12937,32673,32679
54032,32707,32715
12731,32741,32747
150913,32775,32781
17019,32818,32826
16918,32885,32889
17001,32989,32995
122694,33030,33040
122697,33063,33067
534254,33093,33099
354437,33123,33129
354441,33153,33163
1655,33183,33193
690370,33217,33221
1607,33260,33266
1623,33346,33352
22583,33381,33387
342745,33411,33419
343539,33445,33449
342786,33474,33482
408,33513,33517
109816,33542,33550
342830,33574,33580
543716,33605,33613
351247,33636,33646
350167,33669,33677
360376,33698,33708
350895,33785,33789
2067,33815,33821
343422,33847,33851
544235,33876,33882
402595,33907,33911
352953,33945,33951
308054,33975,33981
54694,34006,34014
503351,34040,34048
57228,34073,34081
149909,34132,34142
755868,34163,34171
544165,34199,34207
351360,34237,34245
308071,34267,34275
575521,34460,34464
547897,34545,34551
430556,34636,34644
308061,34723,34733
50790,34757,34763
431001,34844,34854
575524,34908,34918
578364,34970,34974
22611,35009,35017
547900,35178,35188
350462,35211,35219
350652,35244,35252
308053,35306,35312
541778,35335,35343
350723,35365,35373
402560,35397,35405
80380,35431,35437
347257,35465,35473
402541,35502,35508
347427,35538,35546
671,35579,35589
542624,35629,35633
543664,35658,35664
54439,35689,35695
435992,35720,35724
152075,35747,35757
540528,35781,35787
56635,35810,35818
152588,35849,35855
20784,35880,35886
20797,35947,35953
348424,36021,36027
532199,36056,36064
476108,36090,36100
342150,36128,36134
887048,36161,36169
819,36201,36205
254492,36231,36239
538101,36299,36307
75165,36329,36337
538101,36420,36426
75165,36450,36456
538101,36542,36546
402089,36881,36885
347712,36910,36916
55239,36941,36951
340665,36980,36986
340667,37029,37037
341121,46123,46131
341118,46167,46171
148505,46196,46204
273697,46229,46235
12557,46265,46275
402094,46315,46321
12268,46370,46376
122070,46408,46412
12283,46444,46452
531941,46473,46483
685642,46514,46518
11113,46544,46552
742971,46579,46583
685642,46608,46616
539895,46640,46646
12005,46669,46677
539894,46702,46706
12005,46730,46738
348472,46760,46768
685642,46791,46797
149471,46824,46830
650642,46853,46861
403065,46885,46889
152556,46912,46922
110072,46943,46951
345428,46974,46982
20387,47011,47021
119544,47046,47052
148930,47076,47082
113110,47106,47112
56478,47135,47145
56501,47170,47176
4225,47202,47210
20414,47238,47248
57766,47286,47294
159276,47317,47323
20458,47386,47390
651836,47416,47426
270885,47459,47467
20309,47513,47521
346827,47542,47552
346835,47573,47581
85010,47609,47613
346910,47638,47648
537431,47672,47682
20225,47706,47714
346925,47749,47755
346935,47781,47787
20099,47815,47825
346956,47851,47855
545884,47881,47889
20128,47980,47988
197751,48009,48019
615541,48041,48051
20164,48429,48437
20155,48466,48472
541483,48497,48505
197564,48531,48541
197584,48564,48570
353567,48594,48600
197579,48634,48642
548166,48885,48891
206357,48941,48945
686052,48982,48986
542371,49015,49019
20132,49049,49055
195,49136,49142
351201,49223,49231
74271,49254,49264
84279,49301,49305
351223,49343,49351
84181,49379,49383
202248,49409,49413
402851,49437,49445
302523,49471,49475
202247,49524,49534
57084,49562,49570
84441,49592,49602
350806,49625,49631
70253,49656,49664
70303,49709,49715
70287,49744,49754
17393,49779,49783
350993,49831,49835
351003,49867,49873
120848,49909,49913
120846,49939,49945
17298,49970,49978
206420,50008,50014
17265,50044,50052
74345,50099,50105
55660,50131,50137
91,50176,50184
267118,50239,50243
590905,50269,50273
534046,50301,50305
13120,50330,50340
11730,50396,50402
530670,50435,50443
54345,50468,50474
268605,50499,50505
289786,50553,50561
15309,50586,50592
335578,50618,50628
334847,50649,50657
581367,50683,50693
334867,50874,50884
151058,50917,50921
147327,50958,50964
126439,50987,50997
15304,51029,51035
343524,51059,51067
12241,51094,51100
531420,51129,51135
206373,51171,51179
12282,51206,51212
685642,51245,51253
11113,51476,51482
115905,51632,51638
122334,51662,51670
21020,51697,51705
651857,51730,51736
7217,51761,51765
122254,51795,51799
20953,51825,51831
349564,51857,51861
542233,51888,51896
698535,51919,51925
462465,51964,51968
597416,51991,52001
352320,52031,52039
542270,52104,52112
122256,52165,52175
349594,52199,52203
23,52227,52237
661762,52290,52296
351936,52320,52326
343706,52350,52356
351909,52380,52386
887072,52416,52422
6380,52483,52493
540279,52522,52528
540221,52552,52560
34,52594,52600
542162,52630,52638
350659,52709,52717
328287,52741,52749
541945,52777,52785
5633,52808,52814
351734,52949,52957
542772,53256,53264
308052,53293,53301
404993,53325,53331
82773,53358,53362
2037,53388,53398
206400,53420,53428
142224,53457,53467
402582,53487,53497
309430,53519,53525
266898,53761,53765
152800,53826,53832
861858,53856,53866
2006,53953,53957
141808,53981,53989
3259,54018,54026
80666,54049,54055
106,54087,54093
54556,54137,54147
86627,54170,54176
161484,54202,54206
86633,54233,54237
201908,54279,54283
342077,54316,54324
195333,54349,54357
225497,54380,54388
195333,54411,54417
201908,54446,54454
83586,54489,54497
195370,54523,54533
17726,54571,54579
4419,54600,54610
181608,54642,54648
652063,54672,54678
83680,54703,54711
76029,54733,54743
336955,54772,54782
75999,54812,54818
68771,54857,54863
68779,54901,54907
120914,54939,54947
120920,54975,54979
167425,55006,55014
543542,55036,55044
144439,55065,55075
686150,55098,55106
686144,55145,55155
144504,55205,55213
386242,55262,55270
144504,55302,55308
181618,55384,55390
7187,55419,55425
167229,55451,55459
7186,55490,55498
15563,55526,55534
17451,55558,55566
181305,55595,55601
303897,55822,55828
78997,55887,55893
565308,55921,55929
337880,55953,55959
194205,56037,56045
1731,56070,56078
1756,56115,56121
68765,56193,56201
68770,56243,56251
4410,56303,56307
55168,56348,56356
121058,56385,56391
593800,56420,56426
181609,56473,56481
181613,56507,56515
55139,56548,56554
17729,56589,56597
181469,56968,56976
328000,57005,57015
3254,57038,57046
15755,57070,57076
539168,57148,57152
491269,57331,57337
54594,57368,57374
539108,57400,57404
556957,57430,57438
540663,57463,57469
538328,57492,57500
413504,57523,57529
682279,57566,57570
413504,60479,60487
2067,60522,60528
55395,60562,60566
544222,60634,60640
544220,60668,60676
149274,60702,60710
351254,60762,60770
122612,60792,60800
98254,60822,60830
55375,60859,60865
81739,60889,60895
361599,60935,60941
56069,60974,60980
56076,61004,61012
350848,61045,61053
350842,61090,61094
652074,61119,61125
148848,61147,61157
346704,61182,61192
105,61218,61228
181596,61262,61268
54556,61301,61311
86633,61332,61342
338162,61737,61743
810807,61773,61781
4454,61811,61821
83684,61841,61851
593797,61878,61884
121064,61907,61915
76109,61957,61963
4410,62376,62384
734759,62407,62413
55168,62443,62447
121058,62485,62495
593800,62524,62532
181609,62586,62594
181613,62624,62634
55139,62674,62682
86582,62708,62714
541218,62741,62747
140955,62810,62818
22837,62844,62848
141517,62879,62887
21229,62916,62924
392058,62952,62958
22721,62993,63001
689805,63024,63030
751101,63054,63060
6535,63086,63090
147060,63410,63416
141520,63440,63446
53980,63503,63509
237724,63533,63539
54157,63562,63572
57729,63596,63604
532172,63629,63637
54164,63664,63674
54174,63698,63706
148192,63727,63737
23454,63758,63766
110218,63789,63797
456929,63823,63829
147604,63856,63866
143233,64026,64030
163972,64054,64064
119986,64090,64098
540475,64122,64128
347541,64158,64164
57740,64197,64207
143251,64227,64237
148369,64261,64271
116450,64296,64302
345603,64424,64430
317267,64457,64461
546082,64486,64496
95611,64544,64552
342107,64575,64581
6568,64635,64645
888239,64666,64674
5564,64740,64744
5493,64771,64777
1090,64813,64821
346421,64856,64866
146737,64892,64898
683489,64940,64946
492266,64983,64989
1082,65040,65050
77000,65084,65090
346484,65125,65131
346480,65153,65163
86701,65264,65274
257091,65307,65317
5568,65409,65413
5425,65448,65452
346092,65483,65491
95614,65539,65545
546178,65569,65577
435311,65655,65665
546082,65691,65699
342106,65720,65730
546082,65754,65762
545232,65784,65792
23150,65824,65830
762719,65866,65876
86701,65929,65935
23156,66004,66012
158322,66048,66058
690801,66092,66100
812224,66134,66144
342280,66169,66179
1030,66208,66216
342286,66254,66258
199465,66297,66307
301350,66335,66343
819991,66387,66393
539972,66418,66422
544310,66447,66453
1095,66482,66492
371051,66512,66522
338556,66548,66554
5501,66626,66636
86627,66671,66679
396396,66705,66713
149920,67876,67884
12759,67945,67951
55809,67988,67994
347707,68017,68025
290775,68057,68063
290781,68087,68093
347711,68118,68124
347573,68150,68154
307904,68191,68197
340655,68238,68242
150358,68267,68273
340667,68303,68309
340669,68333,68341
340691,68366,68372
55906,68396,68404
376320,68427,68433
537901,68466,68476
55538,68497,68507
463,68528,68536
15682,68565,68573
339412,68610,68618
339402,68639,68649
357832,68695,68701
531035,68728,68732
55924,68776,68786
421512,68824,68830
110493,68858,68868
342241,68894,68902
6337,68985,68995
386787,69019,69027
131,69055,69059
55664,69086,69090
55671,69124,69128
17250,69175,69183
342348,69205,69215
90641,69236,69244
90647,69298,69302
530152,69366,69374
266862,69405,69415
315157,69436,69444
152632,69475,69483
343349,69515,69523
342950,69550,69556
402145,69581,69587
685582,69618,69626
344075,69651,69655
152771,69682,69690
770319,69725,69733
864338,69756,69766
448294,69801,69809
344063,69838,69848
583197,69876,69880
586016,69914,69922
655255,69948,69956
343820,70013,70017
152676,70041,70049
152759,70072,70078
343118,70101,70109
530261,70132,70140
530208,70171,70177
321251,70216,70222
321258,70272,70278
752221,70306,70314
885283,70346,70354
342494,70378,70388
342503,70424,70430
343355,70464,70470
342332,70517,70523
50540,70618,70628
4076,70666,70670
3599,70697,70705
353235,70757,70765
349837,70816,70822
149946,70845,70853
753820,70876,70882
349858,70940,70950
349865,70993,70997
653971,71024,71030
4643,71053,71061
75863,71088,71092
202254,71117,71125
150,71152,71160
180,71200,71208
203940,71231,71237
85594,71284,71288
84179,71315,71323
351228,71352,71360
351213,71387,71395
74262,71433,71443
84295,71557,71561
257,71625,71633
4775,71660,71666
4774,71716,71724
4793,71755,71763
197452,71787,71797
626770,71829,71833
197463,77167,77173
288676,77204,77212
197493,77268,77276
57663,77299,77309
540454,77365,77373
4781,77397,77405
198071,77491,77501
85003,77523,77533
346828,77573,77577
770150,77607,77613
20310,77637,77645
270875,77666,77676
164091,77698,77706
5949,77731,77739
20453,77765,77773
84829,77797,77803
159278,77827,77835
20432,77867,77873
57752,77930,77936
116446,77963,77971
20418,77999,78005
449148,78029,78037
1551,78061,78069
1576,78097,78105
354422,78139,78147
354437,78176,78184
205247,78207,78213
16907,78237,78245
17002,78269,78279
533355,78306,78314
81436,78338,78344
77047,78376,78384
1370,78407,78413
533070,78439,78445
17108,78474,78482
16842,78519,78523
534192,78554,78560
1955,78602,78608
122434,78638,78644
534459,78670,78674
540517,78703,78707
307003,78763,78771
545004,78793,78803
13274,78826,78834
306972,78858,78868
491982,78892,78902
149307,78929,78937
289249,78964,78970
340673,78998,79006
290715,79055,79061
