76621,21169,21177
343760,21204,21208
707532,21250,21258
385004,21297,21305
487936,21339,21349
69912,21705,21713
394705,21761,21765
152436,21815,21823
655432,21851,21857
385721,21889,21897
758407,21934,21940
343764,21970,21978
1001758,22002,22008
286676,22032,22042
401808,22064,22072
80712,22098,22106
106,22139,22143
54556,22172,22180
86633,22207,22215
86672,22251,22259
542362,22281,22289
1091,22310,22320
86661,22356,22366
86649,22388,22394
86672,22418,22424
86661,22453,22461
83586,22510,22518
195352,22544,22550
81078,22574,22582
17726,22608,22618
810807,22642,22648
341907,22677,22681
83680,22705,22713
76111,22737,22741
75995,22780,22790
68771,22839,22847
68779,22883,22889
120914,22925,22929
120920,22956,22966
167425,22988,22994
543543,23017,23025
386140,23052,23060
686144,23132,23138
386212,23163,23167
145454,23224,23230
144504,23255,23263
181618,23285,23293
543694,23317,23323
167424,23348,23352
181614,23379,23387
120913,23411,23419
120917,23455,23461
68765,23507,23515
68770,23547,23555
4410,23609,23617
2496,23638,23648
2494,23677,23687
338465,23715,23719
548069,23747,23753
771421,23776,23784
21319,23808,23814
308109,23852,23858
21350,23900,23904
150229,24067,24075
54613,24100,24106
407712,24130,24138
148597,24173,24179
19217,24201,24211
289500,24236,24246
650435,24270,24276
413898,24302,24310
308456,24331,24341
935367,24362,24370
150930,24433,24439
484432,24463,24469
178472,24494,24502
569821,24524,24534
690617,24559,24567
308161,24594,24602
407674,24796,24806
19219,24839,24847
690607,24873,24883
401,24908,24912
645853,24936,24944
287286,24977,24985
4339,25027,25033
543471,25056,25064
182333,25089,25095
148488,25118,25126
310233,25213,25217
71827,25242,25252
620438,25293,25301
337010,25417,25423
337022,25471,25479
345071,25508,25516
345185,25540,25550
345200,25592,25600
13475,25626,25632
13479,25657,25661
651847,25686,25694
54635,25726,25732
345292,25772,25780
20242,25816,25824
345301,25858,25868
345314,25937,25941
345321,26027,26033
345340,26068,26078
345380,26124,26132
164093,26176,26184
164099,26330,26338
345402,26608,26616
110072,26672,26676
345415,26705,26713
345416,26902,26910
345419,26988,26994
54540,27030,27036
54545,27117,27127
345442,27152,27158
20388,27205,27211
20383,27268,27274
20387,27310,27318
56521,27367,27377
119544,27403,27407
57794,27444,27452
56501,27485,27491
4225,27521,27525
20414,27560,27570
20419,27619,27627
20441,27650,27660
200366,27683,27691
151830,27715,27723
84694,27758,27766
1012,27791,27799
2973,27867,27873
273453,27897,27907
110425,27930,27934
543506,27979,27985
308251,28012,28018
545333,28043,28049
267901,28083,28091
535448,28180,28186
351284,28210,28218
351290,28253,28259
399221,28329,28335
403036,28413,28421
351293,28443,28451
329819,28503,28509
329858,28535,28539
684992,28564,28570
329837,28595,28601
546343,28626,28632
684987,28688,28694
150982,28809,28815
584545,28849,28855
331892,28894,28898
330030,28950,28958
370144,28983,28989
351223,29015,29023
84181,29057,29063
352274,29108,29116
302523,29154,29164
202247,29237,29241
4655,29280,29288
57095,29314,29318
349001,29347,29355
653965,29382,29392
3618,29464,29474
567962,29526,29534
564117,29612,29620
13498,29742,29748
74368,29835,29843
13498,29867,29871
74368,29896,29902
308043,29927,29931
4189,29962,29970
531091,30074,30078
17333,30108,30116
206420,30174,30180
541511,30203,30211
348219,30246,30252
539703,30350,30360
289398,30446,30454
540206,30661,30669
540205,30781,30787
489519,30894,30898
148844,30927,30933
148846,31053,31059
491531,31086,31090
355434,31117,31123
355271,31147,31153
16671,31212,31218
410248,31245,31253
2965,31286,31296
308094,31318,31324
402706,31353,31359
2309,31395,31401
541429,31427,31437
2331,31458,31466
402699,31664,31674
479417,31700,31708
151272,31735,31745
347932,31770,31774
653307,31800,31808
148859,31835,31843
545309,31866,31872
341450,31907,31915
17103,31960,31968
122360,31992,32002
355473,32043,32051
17469,32085,32089
115905,32115,32121
355488,32144,32152
21020,32177,32185
531905,32209,32215
20967,32244,32252
18574,32275,32283
888327,32306,32312
18574,32338,32346
18226,32371,32375
357,32448,32452
355,32656,32664
357,32717,32723
355,32747,32753
357,32806,32816
355,32926,32934
357,32986,32994
355,33016,33024
374,33111,33121
6891,33144,33150
351560,33203,33213
861881,33235,33243
693139,33418,33428
19050,33456,33462
5565,33507,33515
200344,33594,33604
548279,33652,33658
346129,33700,33706
435290,33775,33785
346148,33916,33924
346145,33986,33994
762719,34019,34023
762716,34077,34085
540636,34110,34114
995095,34137,34147
147736,34172,34178
86633,34200,34210
80737,34289,34295
142747,34330,34336
80665,34369,34373
346703,34398,34406
328000,34434,34438
341795,34469,34477
21737,34511,34517
151216,34558,34568
151215,34607,34615
56751,34660,34668
342191,34697,34707
611115,34730,34734
610619,34757,34767
551516,34813,34821
689797,34843,34853
345701,34885,34889
5747,34916,34924
5748,34956,34964
353701,34987,34993
695231,35016,35026
19659,35049,35055
56035,35087,35091
144590,35117,35123
184006,35150,35158
5812,35185,35195
57441,35218,35224
345047,35249,35253
344687,35292,35300
568442,35325,35329
19705,35353,35363
19924,35387,35395
79307,35419,35425
348065,35469,35477
537608,35501,35507
79306,35532,35538
19917,35576,35582
19906,35617,35627
348006,35651,35657
19870,35682,35690
347689,35735,35741
20006,35795,35799
150903,35861,35869
150904,36071,36079
197518,36108,36114
416816,36140,36146
57673,36171,36179
273503,36212,36222
326783,36248,36254
353984,36313,36317
446398,36348,36356
570939,36379,36387
697740,36412,36422
541628,36457,36463
384520,36485,36495
150647,36524,36528
206526,36554,36558
206277,36613,36619
147793,36644,36652
750807,36676,36686
197466,36726,36734
147785,36775,36783
4884,36812,36820
560863,36855,36861
353991,36895,36901
575547,36952,36956
181365,37100,37108
540593,37131,37139
424458,37173,37183
696560,37214,37222
355037,37261,37269
150223,37291,37299
785507,37321,37329
56989,37364,37374
54529,37403,37409
286768,37455,37461
348123,37493,37501
344726,37525,37533
142851,37566,37574
142855,37616,37626
344719,37657,37665
355833,37687,37695
345015,37716,37726
19802,37748,37758
808915,37780,37788
317696,37810,37820
110049,37843,37849
73168,37937,37941
548259,37973,37977
690255,38005,38011
79781,38039,38045
5130,38082,38088
690256,38121,38127
57146,38151,38157
353355,38184,38190
353373,38214,38220
318190,38246,38250
270652,38274,38282
349400,38324,38330
605634,38420,38428
537046,38656,38662
270529,38687,38697
349378,38718,38726
56860,38755,38765
270824,38800,38810
56239,38830,38840
144615,38861,38869
5840,38903,38909
345101,38934,38940
345122,38965,38975
56042,39005,39009
56064,39038,39048
56076,39077,39087
350848,39110,39116
350842,39142,39152
3260,39175,39179
3259,39207,39213
105,39250,39256
54556,39306,39314
86633,39345,39355
396395,39380,39388
195319,39421,39425
150667,39521,39529
476116,39570,39574
709779,39598,39606
116451,39670,39678
119974,39699,39709
346984,39738,39742
544866,39767,39775
344097,39800,39808
662,39881,39891
82691,39948,39956
727,40056,40060
733,40085,40091
55274,40121,40127
277856,40154,40158
460861,40189,40195
15861,40220,40226
349240,40251,40255
128680,40305,40313
841,40337,40341
147719,40364,40374
12921,40443,40449
842,40478,40484
849,40511,40521
348420,40587,40593
55100,40616,40624
754,40781,40791
55090,40840,40846
56620,40874,40878
277848,40904,40914
277853,40949,40953
888232,41040,41048
12921,41073,41079
10358,41104,41108
321452,41137,41141
536463,41217,41225
123858,41267,41275
5707,41366,41374
349558,41422,41428
349563,41458,41468
349578,41516,41526
117837,41552,41556
1660,41582,41588
148593,41614,41618
11,41649,41653
421447,41680,41686
540095,41715,41721
24,41757,41763
55751,41819,41823
350659,41866,41874
55749,41905,41913
55747,41935,41945
421439,41967,41973
256910,41996,42004
256908,42027,42033
575524,42240,42248
430556,42298,42304
350657,42328,42334
5786,42358,42368
206400,42400,42408
206438,42440,42446
684459,42489,42497
142313,42518,42528
572616,42581,42585
67085,42616,42622
353341,46128,46134
206318,46216,46224
2006,46245,46255
353340,46277,46283
20931,46370,46376
20899,46417,46423
350759,46452,46462
350757,46490,46500
262,46522,46528
385,46568,46572
56600,46597,46603
94,46641,46647
540916,46671,46679
7159,46706,46710
355483,46740,46746
7193,46774,46780
355472,46802,46812
346190,46845,46853
149261,46890,46896
150913,46927,46931
1312,46968,46974
55017,46997,47005
353647,47030,47034
402954,47062,47070
81439,47093,47099
115318,47138,47144
201206,47176,47182
353853,47212,47220
353857,47243,47251
353518,47274,47284
353895,47314,47322
305695,47348,47352
115364,47377,47387
305650,48346,48352
201539,48383,48391
81471,48415,48425
54740,48459,48467
345356,48490,48496
17474,48528,48534
198038,48561,48567
17112,48599,48609
533070,48632,48640
2731,48665,48673
2738,48698,48704
148826,48735,48739
148833,48764,48770
150725,48795,48803
255933,48832,48838
542214,49723,49727
348822,49759,49765
151281,49851,49861
54965,49889,49895
347934,49930,49936
122433,49960,49966
148903,49993,49999
148861,50052,50058
17103,50084,50094
355457,50115,50123
7203,50153,50161
148858,50191,50195
122331,50219,50229
21019,50269,50279
164085,50323,50331
7210,50362,50370
20967,50399,50405
265,50443,50449
397,50480,50490
355,50534,50538
374,50626,50636
20900,50659,50665
7099,50690,50694
288486,50722,50726
353337,57925,57935
206318,57981,57989
2007,58012,58018
15765,58051,58059
862216,58086,58090
547854,58116,58126
152790,58150,58154
7080,58186,58192
350786,58218,58224
350884,58247,58255
350763,58280,58284
350764,58313,58317
532289,58376,58382
576829,58405,58415
20966,58444,58454
562048,58487,58493
7164,58524,58528
14268,58555,58563
1283,58586,58592
17112,58623,58631
17104,58667,58675
254973,58730,58740
16842,58774,58780
534192,58809,58815
542139,58841,58845
16824,58871,58877
530,58901,58909
131,58941,58947
55671,58996,59004
17260,59040,59046
348241,59074,59078
17307,59111,59117
17317,59178,59188
351028,59213,59221
351004,59245,59251
551475,59301,59309
191315,59338,59344
273730,59369,59373
273735,59444,59450
273726,59481,59489
562126,59525,59529
350502,59611,59619
430791,59645,59649
330818,59683,59687
84547,59720,59728
84549,59751,59759
404220,59801,59809
404216,59832,59842
404212,59870,59880
3812,60033,60037
692557,60061,60069
404212,60126,60132
404215,60159,60169
150416,60192,60196
400667,60226,60234
346240,60261,60269
352056,60307,60311
150349,60361,60369
3904,60394,60400
350076,60425,60431
3879,60459,60467
350694,60509,60515
591077,60539,60545
273728,60586,60594
273741,60652,60662
273262,60709,60717
191295,60764,60770
350993,60794,60802
351003,60841,60849
120848,60886,60892
120846,60917,60927
17298,60950,60956
206420,60985,60995
17265,61018,61028
74345,61103,61109
55663,61137,61143
267020,61174,61180
341437,61210,61218
16831,61243,61253
16772,61273,61283
341442,61319,61329
254974,61354,61358
148861,61382,61390
17103,61425,61435
355473,61458,61468
148858,61495,61499
21019,61531,61537
531905,61559,61569
7217,61591,61601
265,61631,61637
181470,61661,61667
355,61693,61697
374,61787,61797
6893,61823,61829
1032,61853,61859
316873,61885,61893
1083,61919,61923
585221,61949,61955
353036,62046,62056
1095,62091,62099
55719,62132,62138
410433,62169,62175
110212,62207,62213
540648,62241,62245
5145,62272,62282
401798,62305,62313
159954,62337,62343
142950,62377,62381
651173,62459,62467
159953,62489,62499
343785,62546,62554
142944,62575,62585
393972,62607,62615
151875,62675,62681
345520,62756,62764
55745,62785,62795
344955,62815,62825
354545,62855,62865
354578,62894,62900
688967,62925,62929
333666,62982,62990
342122,63014,63018
80704,63074,63080
80712,63109,63113
106,63148,63154
54556,63217,63227
86627,63255,63263
396396,63291,63301
86661,63326,63334
86649,63386,63394
86661,63445,63455
86643,63477,63483
86649,63505,63515
86661,63570,63576
83586,63627,63633
195352,63662,63666
81078,63692,63698
17726,63727,63735
810807,63761,63765
181608,63801,63809
546498,63835,63843
19450,63870,63880
308124,63902,63910
203400,64099,64107
355971,64148,64154
148339,64184,64190
76110,64217,64221
75995,64269,64275
68771,64334,64340
68779,64394,64400
68741,64440,64444
303687,64472,64476
335354,64512,64518
68754,64558,64568
1853,64589,64597
53919,64628,64634
690317,64660,64670
690318,64693,64701
304540,64729,64733
484487,65033,65039
335440,65075,65085
147258,65116,65122
53979,65149,65155
15232,65205,65213
116633,65270,65278
20771,65314,65322
20633,65354,65358
20674,65435,65443
532129,65470,65474
20705,65498,65506
345189,65529,65539
345201,65561,65569
13476,65611,65621
13479,65642,65652
345219,65688,65696
345223,65728,65738
20740,65765,65775
20739,65807,65813
54635,65895,65901
345290,65953,65957
345294,65983,65989
20242,66016,66024
345314,66046,66056
164099,66100,66110
345402,66158,66168
345416,66241,66247
54540,66291,66297
55004,66379,66387
6712,66410,66418
20367,66451,66455
20387,66481,66485
56521,66511,66517
148917,66545,66549
56509,66575,66579
119107,66608,66612
655754,66639,66645
164105,66670,66678
307494,66703,66713
6382,67196,67206
168177,67256,67264
462666,67287,67293
351908,67317,67325
6381,67388,67398
462666,67419,67427
351911,67463,67469
654568,67506,67514
351915,67568,67576
351917,67619,67627
351927,67709,67717
14138,67771,67779
591715,67811,67817
351948,67840,67850
147583,67875,67883
352162,67905,67913
57779,67936,67946
57788,67968,67974
57794,68020,68026
56496,68087,68095
56501,68118,68126
20408,68154,68162
20410,68188,68196
20414,68237,68245
57766,68297,68303
159277,68327,68335
346734,68361,68367
20458,68395,68401
346741,68432,68436
270876,68464,68472
270854,68496,68504
20305,68548,68556
354261,68583,68591
149849,68615,68619
1169,68647,68655
204658,69071,69079
354985,69103,69107
73101,69136,69140
5259,69167,69173
355277,69201,69209
545758,69344,69348
812172,69377,69385
270474,69413,69423
355060,69455,69465
537691,69486,69496
537740,69533,69537
110788,69607,69617
149837,69641,69649
84887,69685,69689
84919,69726,69730
20296,69758,69766
147091,69796,69804
164091,69838,69846
537281,69872,69880
20453,69917,69923
84829,69953,69959
159278,69992,69998
73474,70070,70076
20437,70101,70111
344242,70148,70154
200371,70189,70199
84683,70231,70239
84694,70266,70274
57798,70295,70305
84591,70331,70335
536855,70375,70379
75849,70406,70412
202247,70471,70477
4652,70508,70514
57084,70543,70549
349012,70572,70582
70303,70658,70662
3778,70704,70714
70493,70741,70749
152159,70787,70797
655546,70822,70828
152120,70853,70863
352827,70892,70898
621860,71003,71007
580905,71060,71070
3976,71092,71098
619452,71124,71128
329090,71153,71159
655546,71186,71190
634661,71364,71368
4009,71404,71412
403347,71437,71443
351659,71468,71478
351679,71521,71529
70347,71567,71577
70214,71602,71606
84442,71639,71645
75856,71668,71678
57081,71705,71709
75846,71761,71765
535056,71803,71809
976,71879,71885
943024,71907,71917
404363,71949,71955
536138,71978,71986
276951,72010,72018
535462,72046,72050
276945,72087,72091
322781,72114,72124
323021,72151,72157
684040,72183,72187
442406,72213,72217
342361,72281,72285
324061,72386,72394
271012,72416,72424
542613,72583,72587
439988,72620,72628
345969,72653,72659
56930,72692,72702
5870,72768,72772
346055,72805,72815
407538,72862,72870
322688,72900,72910
396982,72942,72952
322688,72979,72985
396982,73016,73024
322688,73048,73052
396982,73087,73095
396981,73180,73188
396982,73325,73335
407550,73372,73376
536603,73400,73408
164265,73433,73437
56920,73465,73473
57353,73499,73503
354261,73536,73544
354267,73566,73574
1165,73627,73633
1169,73673,73681
204654,73705,73709
204658,73734,73744
354288,73769,73773
10209,73806,73812
116435,73837,73841
320073,73866,73874
607900,73957,73963
84976,73986,73994
149848,74035,74041
56286,74103,74109
149848,74138,74144
56286,74202,74208
355351,74234,74240
161074,74266,74274
73099,74313,74321
5274,74344,74350
392623,74380,74388
5280,74468,74472
5273,74497,74505
355337,74526,74536
355285,74593,74599
206327,74629,74639
355228,74663,74673
150550,74710,74720
55306,74751,74761
355195,74788,74792
353359,74816,74826
20293,74851,74855
397483,74882,74890
741644,74913,74919
346013,74945,74955
535055,74979,74985
345910,75011,75019
535437,75047,75051
535476,75080,75090
57427,75121,75131
469276,75159,75165
429313,75190,75198
429314,75237,75245
273427,75322,75326
545417,75361,75367
2989,75433,75437
352350,75466,75474
308292,75498,75504
655859,75543,75549
428256,75593,75599
277238,75629,75635
308259,75705,75715
56939,75737,75743
151821,75771,75777
84618,75801,75811
535063,75834,75844
57100,75877,75883
202247,75967,75973
4652,76051,76055
349011,76081,76089
70303,76149,76159
70287,76195,76203
4005,76244,76252
84570,76279,76285
273735,76332,76336
562126,76368,76374
350502,76425,76433
350080,76454,76464
332381,76487,76497
151523,76535,76545
350531,76567,76573
147614,76691,76701
350590,76751,76759
147614,76783,76789
350590,76841,76849
147614,76904,76908
350590,76961,76969
147614,77024,77028
350590,77112,77118
147614,77164,77168
653705,77213,77223
152600,77320,77326
353117,77353,77359
537601,77383,77389
350407,77422,77430
316580,77453,77463
332389,77510,77520
350117,77576,77580
151535,77612,77620
880677,77649,77655
308361,77690,77698
316370,77742,77748
315879,77776,77780
152783,77830,77836
530156,80330,80334
343029,80370,80374
315873,80399,80405
246053,80433,80439
315913,80462,80470
4086,80512,80520
346378,80542,80550
448281,80582,80586
267002,80624,80632
320823,80658,80664
344064,80688,80694
343897,80832,80838
530195,80866,80872
885283,80899,80907
316343,80978,80982
342501,81007,81015
342503,81056,81064
343355,81110,81114
342332,81155,81163
341879,81190,81200
90643,81224,81228
90654,81255,81261
17290,81308,81314
74345,81373,81377
55663,81403,81409
93,81439,81445
152544,81476,81486
4631,81507,81517
16777,81545,81553
341442,81595,81599
254974,81630,81638
148861,81668,81674
17103,81702,81708
17469,81732,81738
122334,81762,81768
164083,81793,81799
7210,81829,81837
265,81875,81881
18226,81910,81914
374,82028,82036
152550,82060,82064
350172,82097,82103
57204,82130,82140
353027,82163,82169
152616,82200,82206
142746,82241,82249
6873,82294,82298
76994,82354,82358
77000,82443,82453
463177,82718,82726
6872,82751,82757
77031,82787,82795
536053,82819,82825
141394,82851,82859
141461,82881,82889
15778,82921,82931
419884,82954,82962
