57081,23053,23059
150,23082,23092
75847,23114,23120
535056,23159,23167
84598,23189,23197
976,23230,23238
84692,23268,23274
200357,23303,23311
593406,23334,23340
20422,23364,23372
159276,23402,23406
56479,23431,23437
57359,23466,23474
472313,23501,23507
270905,23531,23539
20296,23562,23570
9820,23593,23599
1165,23656,23664
1169,23695,23701
5259,23781,23787
296451,23841,23845
355277,23881,23885
812172,23910,23920
56286,23942,23948
146972,23980,23986
84882,24012,24016
161037,24053,24059
587496,24272,24280
267463,24305,24313
161037,24335,24345
355069,24366,24376
161038,24402,24410
56286,24434,24440
355351,24465,24471
688529,24494,24502
19713,24540,24550
147556,24572,24580
56192,24605,24613
344716,24637,24641
19730,24671,24677
57429,24699,24709
148008,24739,24745
148006,24769,24775
184011,24802,24810
345122,24837,24843
56042,24874,24882
345158,24905,24911
56076,24940,24948
350842,24997,25005
350950,25028,25034
181591,25057,25065
14042,25093,25099
181487,25168,25176
55718,25203,25209
353035,25233,25239
353034,25263,25271
5526,25349,25357
342283,25381,25385
142705,25463,25469
812224,25506,25514
1030,25541,25547
57859,25571,25579
351526,25608,25614
350749,25636,25646
350768,25673,25679
328023,25708,25714
350753,25740,25750
6981,25775,25783
7007,25807,25817
350781,25842,25846
19814,25881,25887
350820,25916,25922
350825,25965,25973
350841,26022,26026
350847,26062,26068
56044,26092,26098
19651,26121,26131
56194,26184,26190
184006,26212,26222
345119,26250,26258
148851,26282,26288
345065,26327,26337
19797,26362,26368
148012,26391,26401
56197,26427,26435
344687,26474,26484
344714,26510,26518
771000,26542,26550
19729,26581,26591
19924,26620,26624
79307,26674,26682
348065,26724,26730
79304,26754,26760
438695,26785,26789
206265,26816,26822
19906,26848,26854
19905,26879,26887
19871,26909,26917
347687,26949,26953
347779,26978,26984
20006,27024,27030
481890,27064,27070
197440,27105,27113
11123,27136,27144
476123,27168,27172
151015,27201,27209
631147,27232,27238
11176,27263,27271
325940,27295,27305
197522,27330,27338
691071,27364,27374
691052,27476,27486
631459,27508,27518
415200,27545,27551
415199,27578,27584
632374,27656,27664
631605,27808,27812
481583,27840,27844
481770,27907,27911
455163,27942,27948
591780,27978,27984
327318,28019,28023
347104,28051,28057
545924,28089,28097
273,28122,28130
12165,28159,28163
20062,28198,28204
347042,28236,28244
20133,28290,28300
20173,28354,28364
541483,28391,28399
57030,28422,28430
197564,28457,28465
548088,28502,28506
57007,28532,28536
197579,28584,28588
67705,28612,28620
206357,28656,28664
403099,28747,28753
353442,28785,28791
148951,28819,28825
197538,28875,28881
273501,28912,28922
355047,28953,28961
4818,28996,29000
57012,29031,29041
355491,29066,29072
57012,29100,29108
640565,29130,29140
355470,29235,29243
4817,29273,29277
197463,29331,29335
626783,29381,29387
197494,29412,29420
540454,29473,29477
4815,29504,29514
219,29535,29543
233,29570,29580
351201,29650,29656
84244,29681,29689
84279,29715,29723
351223,29758,29764
85605,29787,29795
202258,29817,29827
85623,29848,29856
302523,29882,29888
202247,29948,29952
4655,30007,30011
57095,30040,30050
349001,30072,30080
653964,30103,30111
3618,30170,30178
13533,30253,30263
564117,30291,30295
17386,30342,30350
582378,30374,30380
4064,30425,30431
530159,30509,30517
308312,30540,30546
341882,30575,30579
90643,30602,30612
341887,30634,30642
684974,30666,30676
538567,30746,30752
489516,30776,30784
650384,30837,30841
55470,30872,30880
355267,30933,30943
290419,31036,31044
55470,31132,31140
330059,31164,31170
632913,31218,31222
378942,31280,31290
336665,31317,31325
150857,31398,31402
330042,31474,31480
328876,31523,31529
286691,31735,31745
286685,32010,32018
328875,32045,32053
286692,32092,32096
330058,32126,32132
147706,32161,32165
534745,32192,32196
762099,32221,32229
290419,32252,32262
152630,32286,32290
4051,32345,32349
731781,32374,32380
655031,32415,32423
90647,32448,32456
530150,32480,32488
308312,32546,32554
266862,32588,32596
344420,32618,32626
343344,32651,32655
342507,32685,32693
343376,32721,32727
4065,38623,38633
90647,38657,38665
341890,38695,38699
17290,38729,38737
74345,38792,38800
55663,38829,38835
92,38868,38876
267020,38919,38923
152544,38959,38965
16831,38995,39001
16772,39029,39037
16788,39062,39068
341443,39103,39109
347880,39132,39140
536200,39195,39205
1394,39229,39237
290473,39268,39274
347753,39298,39306
290652,39348,39354
255461,39379,39383
339097,39410,39416
54383,39447,39455
56533,39477,39485
3620,39517,39523
535840,42752,42758
369515,42868,42876
122844,42919,42925
339317,42951,42955
55265,42982,42988
54379,43013,43021
339236,43047,43053
332639,43105,43115
376450,47593,47599
55679,47623,47629
246111,47675,47679
690616,47713,47717
16745,47746,47752
122435,47792,47798
542139,47825,47829
995138,47859,47867
16748,47894,47898
16824,47930,47936
16830,47978,47984
267025,48014,48022
126,48059,48067
330139,48091,48101
55671,48144,48148
17250,48194,48202
341894,48228,48234
90641,48259,48265
530152,48303,48311
344420,48333,48343
343344,48368,48374
398339,48407,48415
342507,48438,48444
343376,48479,48489
343394,48622,48630
321212,48659,48663
586017,48696,48706
152672,48730,48734
321035,48781,48789
586016,48813,48817
343956,48845,48853
262919,48884,48892
346426,48923,48931
346946,48960,48968
419809,49011,49019
254949,49049,49055
347128,49085,49093
273273,49129,49135
273272,49175,49185
267174,49216,49224
267086,49248,49256
267118,49289,49295
590904,49317,49327
651834,49351,49355
13119,49384,49392
11712,49418,49428
11730,49459,49469
530670,49502,49510
54345,49536,49540
343531,49566,49572
289786,49616,49622
50503,49651,49659
335585,49699,49707
19598,49735,49739
651819,49764,49772
12447,49795,49801
22929,49827,49835
160970,49857,49865
54718,49898,49902
654228,49939,49947
54244,49970,49980
7191,50002,50008
181618,50032,50038
120667,50069,50077
144423,50103,50111
144438,50159,50169
375445,50271,50277
181617,50299,50309
537021,50333,50339
15563,50384,50390
17451,50420,50428
6297,50458,50464
303747,50487,50495
181249,50530,50540
78934,50576,50584
276848,50613,50619
419567,50649,50657
419571,50741,50751
490945,50773,50779
448979,50808,50816
75169,50845,50853
75174,50956,50964
303897,51031,51037
337899,51081,51089
6286,51112,51120
15002,51161,51167
54243,51193,51199
22916,51241,51251
148283,51275,51281
116641,51312,51320
482972,51344,51352
20633,51409,51413
651861,51449,51455
20705,51478,51486
345189,51512,51518
345201,51543,51551
13476,51578,51586
651847,51611,51619
54635,51648,51656
345292,51694,51702
14245,51744,51750
148855,51777,51781
355482,51806,51812
21020,51842,51848
20999,51871,51879
122284,51901,51909
122256,51930,51940
18569,51972,51980
5719,52003,52011
1478,52067,52075
570923,52097,52105
540004,52132,52140
351733,52164,52172
540095,52202,52210
34,52235,52243
350659,52361,52369
55749,52391,52399
149291,52421,52431
581086,52453,52459
421443,52491,52499
110588,52521,52531
431712,52639,52645
352008,52673,52681
149286,52702,52712
568022,52745,52755
2101,52782,52790
338196,52818,52824
1469,52848,52858
353905,52885,52891
338225,52916,52922
56590,52951,52959
353866,52993,52999
338250,53023,53031
109475,53058,53064
338258,53155,53159
353866,53183,53193
901,53228,53238
54438,53282,53288
538453,53317,53325
353764,53391,53399
353765,53612,53616
95383,53743,53751
252014,53778,53784
739612,53809,53817
661424,53936,53940
75306,53965,53973
24,54018,54022
34,54071,54077
350658,54100,54108
540095,54133,54139
6370,54194,54202
684522,54234,54240
75243,54277,54287
307272,54312,54320
351891,54371,54375
326,54446,54454
353877,54479,54483
763924,54523,54529
539001,54554,54560
338204,54584,54590
5713,54616,54622
94,54649,54659
21018,54689,54697
562048,54723,54729
7159,54756,54764
542451,54794,54798
355484,54822,54830
14268,54861,54867
17463,54892,54900
17464,54933,54937
17498,54973,54977
347458,55022,55026
116029,55073,55077
20745,55106,55112
651832,55138,55146
116514,55179,55185
150173,55210,55214
290538,55252,55260
1945,55283,55289
539557,55312,55320
539577,55348,55356
341616,55442,55448
433887,55478,55484
322985,55508,55518
684905,55539,55547
148810,55569,55579
341603,55653,55663
539415,55716,55726
341601,55769,55773
55204,55872,55878
820256,55903,55907
702341,56119,56123
695770,56147,56155
544651,56322,56330
341629,56374,56384
544978,56419,56425
753998,56448,56458
13486,56510,56514
20707,56556,56562
20731,56596,56604
54827,56630,56634
54844,56700,56710
164230,56750,56756
116632,56792,56798
15163,56846,56854
53924,56883,56889
267412,56921,56925
444016,56977,56987
444021,57137,57145
443997,57252,57260
335411,57293,57301
53978,57322,57332
15232,57382,57388
116633,57428,57438
22843,57467,57471
337452,57512,57518
54133,57584,57592
581456,57618,57624
636735,57652,57656
8137,57680,57688
539123,57711,57717
636711,57773,57781
8117,57802,57812
824351,57928,57932
636713,57976,57984
636712,58613,58619
8137,58656,58664
545488,58703,58709
2694,58755,58759
484485,58793,58801
562880,58871,58879
337448,58977,58985
410355,59007,59015
339031,59045,59053
584677,59080,59084
339095,59114,59122
339032,59152,59158
76513,59189,59197
338475,59235,59239
545418,59265,59275
54225,59298,59302
308175,59338,59342
54144,59376,59380
289192,59407,59411
650799,59442,59450
530069,59477,59485
164231,59506,59516
164230,59543,59549
116630,59574,59578
116632,59605,59611
15138,59647,59651
164103,59682,59690
15122,59757,59763
54054,59847,59855
336081,59876,59886
444959,59918,59926
444963,59998,60004
709742,60031,60039
13336,60064,60072
54061,60101,60109
225284,60222,60228
336083,60254,60260
832815,60288,60294
2897,60358,60364
54581,60391,60397
2896,60436,60446
335674,60472,60478
148213,60505,60515
148305,60537,60547
123784,60576,60582
123781,60604,60614
685567,60637,60641
334654,60669,60677
148197,60736,60744
144728,60767,60775
334988,60804,60812
334867,60837,60843
151058,61021,61027
126458,61049,61059
147327,61100,61110
126439,61134,61142
147310,61176,61180
651043,61236,61242
126427,61266,61274
335544,61306,61312
335505,61337,61345
126364,61367,61377
126272,61426,61432
126213,61454,61464
534278,61491,61499
126248,61522,61528
122085,61602,61606
122099,61642,61652
23016,61673,61681
23102,61704,61710
586427,61734,61740
12954,61840,61848
342520,61939,61947
812501,61979,61987
410378,62016,62020
18133,62071,62075
2880,62106,62114
410289,62141,62147
336343,62176,62186
4270,62221,62227
126209,62264,62272
534280,62294,62302
335486,62334,62342
335501,62383,62389
149352,62424,62430
149349,62466,62472
13372,62508,62514
15304,62543,62551
54358,62577,62585
343525,62609,62613
12565,62665,62671
11669,62695,62701
149900,62726,62732
55939,62763,62773
50509,62828,62838
652122,62861,62867
267283,62901,62909
341418,62936,62940
17213,62974,62978
55664,63009,63015
55671,63046,63054
17260,63093,63099
348241,63132,63136
17307,63173,63183
17317,63221,63229
351024,63259,63267
351007,63291,63297
551475,63348,63354
17398,63387,63393
556678,63419,63429
3778,63482,63488
351657,63514,63520
152104,63544,63552
70470,63578,63584
351592,63616,63626
56820,63662,63670
352752,63789,63799
3765,63820,63828
57315,63852,63856
352894,63886,63894
581468,63919,63927
352712,63960,63966
684555,63995,64003
148684,64041,64051
148666,64115,64121
481493,64155,64161
3628,64197,64207
3633,64234,64240
3657,64269,64277
3673,64351,64359
586579,64381,64389
750264,64412,64418
349036,64441,64449
350011,64498,64504
83447,64538,64542
3997,64592,64598
349361,64650,64656
350640,64683,64691
150401,64722,64730
56825,64753,64759
351559,64784,64792
400212,64814,64822
3914,64846,64852
351503,64879,64885
3905,64923,64933
351445,64967,64977
84548,65043,65051
350075,65087,65095
330778,65133,65139
350080,65211,65219
350102,65246,65252
350117,65337,65343
350120,65370,65378
121964,65410,65420
317547,65442,65450
121510,65548,65552
880676,65618,65624
308340,65650,65660
308361,65713,65721
316370,65771,65779
887553,65802,65812
152783,65887,65893
343029,65917,65923
315873,65955,65959
530144,65984,65994
346378,66020,66030
78098,66082,66090
315948,66127,66135
364351,66158,66166
4081,66190,66194
867323,66325,66333
315950,66360,66364
266995,66407,66413
314817,66436,66446
899912,66469,66479
568040,66517,66523
344758,66558,66566
887300,66591,66595
344384,66625,66633
152646,66655,66663
344382,66725,66735
150443,66758,66768
344392,66799,66803
344393,66843,66849
343223,66910,66918
159844,66942,66946
344399,66977,66983
316418,67021,67027
4059,67086,67094
341877,67118,67122
90643,67157,67165
341888,67188,67198
17290,67230,67238
74345,67304,67314
330135,67336,67344
92,67391,67397
267020,67431,67441
152544,67472,67476
332590,67507,67517
4631,67575,67583
16776,67615,67623
248426,67646,67654
150756,67680,67688
535906,67712,67718
150751,67762,67766
307003,67798,67808
290512,67871,67881
445,67908,67914
15828,67944,67950
491982,67982,67990
149313,68014,68024
340685,68051,68057
340686,68094,68100
340678,68125,68135
341121,68164,68172
54291,68225,68233
55815,68308,68314
535035,68357,68361
149398,68387,68395
307974,68467,68477
535229,68520,68528
535277,68553,68561
55957,68588,68598
290695,68628,68634
13200,68713,68721
290695,68769,68779
13197,68827,68833
13390,68890,68894
290920,68920,68930
55625,68954,68964
342689,69073,69081
381101,69108,69112
122850,69148,69156
122852,69286,69294
339788,69340,69348
402978,69439,69445
312283,69468,69476
538774,69500,69504
538732,69527,69537
538658,69560,69564
410474,69589,69597
343244,69622,69628
576,69654,69660
341218,69685,69689
1247,69734,69740
690755,69764,69770
385290,69804,69814
339398,69871,69875
255447,69899,69909
54361,69929,69939
391651,69976,69984
4619,70006,70014
344814,70038,70044
344786,70069,70075
536154,70104,70112
534445,70135,70141
14952,70163,70173
534445,70195,70201
148831,70226,70232
533245,70260,70264
2295,70291,70299
54972,70325,70331
146626,70355,70363
346539,70392,70400
346551,70429,70435
438837,70462,70466
992368,70571,70575
306052,70598,70608
534305,70634,70644
310058,70667,70673
306052,70696,70704
4317,70732,70738
16587,70763,70769
16588,70826,70834
56657,70856,70864
347924,70900,70906
347923,70979,70983
54376,71011,71021
479411,71043,71049
305111,71074,71084
538487,71111,71117
348819,71149,71159
313129,71531,71537
355585,71585,71589
355308,71615,71619
2295,71644,71652
54972,71677,71683
339798,71732,71736
346311,71765,71771
348860,71852,71858
55031,71887,71891
56876,71920,71928
348755,71954,71960
16935,71986,71994
144686,72022,72026
54993,72056,72062
17898,72093,72099
690576,72160,72166
685019,72189,72197
147421,72223,72229
55008,72276,72284
352178,72306,72316
184257,72340,72346
4279,72369,72377
351634,72403,72411
351639,72486,72496
146658,72518,72526
1477,72566,72574
547901,72599,72605
570924,72628,72636
18519,72659,72667
353905,72726,72734
338211,72772,72780
902,72817,72823
1472,72881,72887
605399,72911,72917
353903,72945,72951
338209,72978,72984
902,73057,73065
203389,73474,73484
353903,73530,73538
338224,73565,73571
122246,73597,73601
338225,73625,73633
355505,73664,73672
97,73697,73705
21018,73727,73735
21021,73758,73768
7164,73792,73802
655803,73824,73832
14268,73856,73864
122351,73890,73896
267375,73921,73931
17499,73956,73966
20498,73989,73997
684162,74022,74028
324418,74060,74070
53945,74094,74102
324360,74335,74345
340046,74367,74373
55212,74401,74407
13445,74436,74444
655064,74479,74483
2831,74526,74532
339001,74559,74567
339000,74592,74598
407191,74633,74639
348281,74680,74690
122813,74724,74730
343894,75279,75287
403069,75308,75318
2833,75375,75379
539521,75421,75425
403065,75454,75462
86083,75483,75493
346022,75516,75524
148874,75548,75556
287702,75593,75601
345297,75631,75639
115905,75669,75677
355488,75698,75708
345297,75730,75736
651857,75762,75768
20967,75791,75799
265,75830,75838
397,75865,75875
355,75897,75905
374,75991,75997
20900,76021,76027
7107,76111,76115
15775,76142,76148
206318,76195,76203
539168,76228,76234
19697,76283,76289
5794,76322,76328
689916,76441,76451
342379,76473,76481
428834,76502,76512
503346,76732,76740
342213,76762,76772
206262,76793,76801
350447,76823,76831
144687,76857,76865
402579,76923,76929
72462,77023,77033
2036,77054,77062
2017,77086,77090
309508,77117,77123
2062,77170,77176
87162,77202,77210
6903,77233,77241
352473,77287,77293
57820,77378,77382
547824,77408,77412
547921,77437,77443
21018,77467,77477
562048,77514,77522
7159,77579,77587
7164,77612,77618
355483,77643,77649
14268,77678,77684
122351,77712,77720
345304,77742,77750
17499,77775,77785
347457,77810,77816
116029,77841,77847
345251,77872,77878
13482,77906,77912
341762,77941,77949
20732,77978,77982
20731,78006,78014
54827,78041,78051
54828,78074,78078
54844,78124,78130
20783,78154,78162
20781,78187,78195
116632,78219,78227
832757,78250,78256
148286,78309,78317
67638,78427,78433
147348,78460,78466
147340,78520,78526
386720,78551,78557
336549,78581,78587
336627,78611,78617
336554,78643,78649
336150,78677,78683
534779,78708,78714
72121,78801,78805
147387,78857,78861
567521,78887,78895
335602,78944,78950
123784,78989,78997
152281,79027,79035
651854,79060,79064
152067,79106,79114
15302,79138,79144
15304,79170,79176
54358,79204,79210
12565,79263,79269
11669,79294,79298
11711,79334,79340
755764,79363,79371
267019,79402,79410
254331,79451,79459
345812,79506,79510
150680,79572,79578
532459,79602,79610
150678,79635,79639
345782,79802,79806
11412,79934,79942
309178,79963,79973
697756,79997,80003
395895,80034,80038
309162,80061,80071
697756,80095,80099
345738,80124,80132
531417,80155,80161
531407,80186,80194
206248,80216,80226
206251,80249,80255
110521,80281,80289
342238,80317,80323
152789,80350,80356
341437,80382,80388
16776,80418,80426
16780,80449,80455
341442,80483,80491
254974,80517,80523
148861,80548,80554
17103,80589,80597
355473,80625,80629
115905,80659,80667
122331,80691,80695
21020,80721,80729
4556,80765,80771
351158,80797,80807
419471,80834,80838
270686,80877,80885
416608,80908,80916
56600,80941,80947
122301,80976,80980
4564,81006,81012
693867,81036,81042
424611,81066,81076
4557,81097,81105
350237,81128,81134
350554,81156,81166
4534,81188,81194
694496,81258,81262
694500,81286,81294
353923,81320,81326
54253,81352,81358
122305,81387,81393
531905,81429,81435
7217,81460,81466
265,81518,81522
741243,81545,81555
21364,81578,81586
23450,81788,81798
143260,81825,81833
331698,81857,81861
773,81995,81999
147687,82026,82032
317359,82057,82061
353551,82087,82093
727,82157,82163
338647,82217,82227
349248,82251,82259
388293,82282,82288
349457,82335,82345
435764,82395,82405
118962,82425,82435
86448,82469,82477
349578,82504,82514
20943,82546,82554
143931,82579,82585
146658,82611,82617
602542,82643,82649
344702,82702,82708
349639,82765,82773
351634,82802,82810
762207,82836,82844
110227,82866,82874
256958,82919,82925
265,82950,82954
576829,82981,82987
20937,83045,83051
534521,83073,83083
54617,83350,83358
353918,83381,83391
887747,83417,83423
683890,83447,83457
541525,83480,83486
352740,83511,83515
54749,83549,83559
814324,83586,83592
161426,83646,83654
814320,83677,83683
542396,83713,83721
410358,83748,83754
14255,83780,83786
346181,83813,83817
17488,83849,83859
17474,83880,83890
198029,83913,83917
17112,83941,83949
17104,83982,83992
16838,84016,84024
534192,84048,84058
1955,84078,84088
995138,84116,84122
16830,84173,84179
652156,84203,84211
439175,84238,84246
267126,84275,84283
267118,84313,84319
590905,84342,84350
651835,84372,84380
13119,84402,84410
11712,84440,84446
11726,84474,84482
15894,84509,84513
53852,84542,84548
178621,84573,84581
340606,84603,84613
55830,84747,84755
54701,84834,84838
340307,84875,84881
56687,84909,84913
340306,84952,84958
149533,84989,84993
53855,85018,85026
11683,85054,85058
11711,85084,85090
652153,85115,85119
13117,85156,85164
50509,85213,85219
832910,85247,85251
254150,85284,85292
267104,85339,85347
267020,85377,85385
341437,85414,85424
16776,85450,85458
16780,85480,85488
341442,85514,85520
254974,85544,85550
541486,85583,85589
17103,85613,85621
355473,85643,85651
115905,85677,85683
907297,85708,85718
531905,85747,85757
18579,85779,85785
4572,85808,85816
388,85838,85846
338586,85872,85880
9002,85911,85919
534521,85949,85955
21364,85979,85987
338258,86010,86016
338246,86043,86049
730,86074,86080
147711,86105,86111
23450,86139,86145
116103,86199,86205
383053,86244,86248
152792,86271,86281
116450,86322,86330
709836,86357,86361
