334879,21465,21473
126430,22206,22216
418,22294,22302
335072,22328,22332
649792,22394,22402
126428,22425,22431
151057,22457,22461
335071,22490,22500
147134,22525,22533
147137,22565,22569
53882,22597,22605
655955,22629,22635
151058,22662,22668
147327,22701,22709
147299,22738,22744
13372,22799,22803
343524,22829,22835
355981,22860,22864
206373,22895,22905
12282,22927,22933
539958,23196,23200
271,23466,23474
18569,23504,23508
738569,23532,23540
351797,23562,23570
540004,23639,23645
351733,23726,23732
540095,23925,23931
353876,23957,23965
1473,24008,24016
538998,24043,24051
75254,24076,24082
738569,24105,24113
545608,24309,24315
351783,24370,24374
351079,24397,24407
605774,24430,24434
338207,24462,24472
763390,24493,24501
353905,24523,24531
15667,24553,24561
75285,24585,24593
353679,24623,24631
57819,24670,24674
351041,24702,24708
69,24762,24766
148883,24815,24821
148871,24848,24856
15871,24884,24890
543665,24913,24921
435992,24945,24953
344006,24977,24981
349195,25014,25018
144049,25064,25070
147604,25172,25180
745,25203,25209
148799,25232,25242
548065,25262,25272
540392,25306,25312
343977,25337,25341
581328,25395,25401
730,25455,25463
9814,25484,25494
739,25515,25523
267445,25545,25553
859,25576,25584
436087,25606,25616
319653,25640,25650
151505,25670,25680
349202,25702,25712
21375,25745,25751
695437,25773,25783
182280,25806,25812
15861,25838,25848
695467,25870,25876
86448,25919,25923
810803,25949,25955
352320,26003,26013
20948,26039,26043
20966,26071,26079
7159,26111,26117
355484,26143,26149
122357,26217,26221
17498,26257,26261
5686,26290,26294
345260,26319,26325
20741,26358,26362
13480,26390,26396
13486,26427,26433
20707,26465,26475
20725,26495,26505
54827,26551,26561
54844,26636,26646
164230,26677,26687
116632,26713,26717
652050,26747,26753
148286,26797,26803
22925,26836,26844
54718,26884,26890
654228,26924,26932
54244,26955,26963
581367,28468,28478
334867,28881,28885
144823,28956,28966
651819,28995,29001
144826,29027,29033
12447,29101,29105
12446,29154,29160
22934,29211,29221
54718,29258,29264
654228,29295,29303
285,29330,29334
7192,29359,29367
148714,29391,29395
886876,29421,29429
545220,29451,29461
545231,29486,29494
545074,29595,29601
334250,29624,29634
334253,29657,29663
116808,29687,29693
15563,29736,29744
17451,29768,29772
862585,29799,29807
15059,29862,29870
12440,29897,29907
144826,29940,29946
19552,29987,29995
123781,30020,30024
334669,30057,30067
334654,30094,30100
334653,30134,30142
144722,30168,30174
655955,30199,30205
147142,30285,30291
147327,30345,30351
147299,30376,30384
13372,30428,30434
54358,30469,30475
355981,30523,30533
12280,30571,30575
122070,30669,30677
206373,30778,30782
652097,30809,30815
12283,30846,30856
12285,30877,30885
12282,30933,30941
685642,30975,30981
11113,31017,31021
539895,31060,31066
11826,31100,31104
11817,31135,31141
531941,31183,31189
539958,31222,31230
87629,31255,31259
11113,31288,31292
685642,31344,31352
290624,31374,31382
12913,31405,31413
539521,31438,31446
345297,31472,31480
53970,31504,31510
546381,31880,31886
201133,31947,31955
353389,31979,31983
146623,32022,32030
351154,32059,32067
122301,32125,32131
4564,32156,32160
531905,32189,32197
7217,32236,32244
265,32277,32287
271,32318,32324
18226,32350,32358
355,32397,32407
374,32494,32500
20888,32534,32540
7107,32585,32591
141817,32614,32622
206318,32648,32652
57644,32701,32711
311806,32734,32740
311820,32764,32770
311806,32793,32801
19697,32832,32836
537231,32900,32906
57219,32931,32937
311866,32959,32969
402997,32989,32999
57227,33024,33028
682279,33062,33066
19685,33096,33104
80638,33133,33143
21525,33285,33293
5748,33329,33339
19673,33361,33367
353747,33392,33398
544223,33432,33442
115784,33463,33471
115788,33556,33560
354214,33585,33591
542803,33619,33627
351319,33651,33657
333,33680,33688
546651,33710,33720
342323,33771,33775
118957,33800,33806
880665,33829,33837
651682,33858,33868
350309,33894,33900
922,33949,33957
148096,33983,33989
640681,34041,34045
21472,34072,34078
689677,34116,34122
14138,34146,34152
351947,34190,34200
352152,34225,34229
198018,34255,34263
182253,34296,34306
345458,34331,34335
20377,34363,34367
20376,34401,34407
345420,34439,34445
345403,34482,34490
345330,34516,34520
17498,34551,34557
8990,34579,34589
278129,35141,35147
339723,35435,35443
255392,35470,35480
55624,35502,35512
278129,35588,35598
341426,36061,36067
290922,36099,36105
13422,36146,36154
11838,36180,36188
13425,36211,36219
254216,36249,36255
13428,36461,36467
348593,36494,36498
290920,36528,36536
6510,36577,36583
503,36611,36617
56560,36643,36649
339571,36673,36681
463,36719,36729
15682,36753,36761
15684,36784,36790
55511,36824,36832
510,36856,36864
357832,36887,36895
530961,36919,36927
55924,36955,36959
206255,36990,36998
342233,37022,37030
342238,37051,37061
6337,37105,37109
685267,37136,37140
70834,37169,37177
191329,37201,37207
55671,37246,37256
17250,37297,37303
342348,37325,37335
90647,37373,37381
4106,37403,37413
344409,37438,37442
344401,37468,37474
344389,37497,37505
315907,37543,37549
882430,38125,38135
882436,38160,38164
315863,38229,38233
157741,38307,38315
342503,38338,38344
152631,38369,38375
343328,38399,38407
342332,38438,38444
341882,38470,38476
90654,38520,38524
17290,38560,38566
74345,38631,38639
330135,38664,38670
91,38781,38785
267118,38838,38844
744311,38870,38878
13121,38917,38923
255932,38948,38954
11730,38983,38991
530670,39014,39022
256601,39049,39053
539675,39078,39086
289786,39123,39133
6495,39159,39165
684354,39210,39214
415,39428,39438
335071,39480,39484
334867,39547,39553
581367,39627,39631
151060,39691,39697
147327,39729,39739
126439,39768,39774
13372,39846,39852
54358,39884,39890
355981,39921,39927
122070,39957,39963
206373,40019,40025
12283,40068,40074
12281,40117,40123
531941,40167,40173
539958,40213,40219
11113,40252,40262
742971,40282,40292
11113,40314,40320
116095,40574,40584
143260,40836,40842
348339,40865,40873
147411,40894,40904
21967,40936,40940
754,40984,40994
534477,41019,41023
348456,41054,41062
348964,41087,41097
317401,41120,41126
556975,41151,41157
290724,41180,41190
348831,41218,41224
410274,41297,41301
317395,41328,41332
317408,41361,41367
11861,41420,41426
564764,41452,41456
277868,41535,41541
541522,41564,41574
352740,41596,41602
56680,41629,41637
54753,41661,41671
147683,41696,41704
343048,41727,41735
587,41799,41805
54747,41834,41840
323755,41864,41870
150213,41898,41908
339267,41930,41938
56289,41970,41976
255251,42002,42012
339244,42036,42046
402902,42068,42074
289766,42106,42110
1273,42136,42144
573,42194,42200
308083,42258,42266
343238,42296,42302
56551,42326,42334
341966,42384,42388
620242,42442,42452
9201,42473,42481
339566,42511,42515
149910,42539,42549
13271,42571,42577
339576,42601,42607
246111,42644,42648
372415,42686,42690
150744,42716,42720
54962,42751,42759
2962,42783,42787
148252,42813,42817
355292,42843,42851
16667,42903,42911
55496,42942,42950
348035,42974,42980
16703,43006,43014
543616,43538,43548
695237,43573,43577
152630,43694,43700
650384,43727,43737
55466,43769,43779
16175,43801,43809
407278,43838,43844
685266,43868,43876
439177,43901,43909
267119,43936,43940
267114,43972,43976
534309,44005,44013
651834,44037,44047
13119,44072,44076
11712,44099,44109
149892,44143,44151
54345,44192,44200
343531,44222,44230
289786,44297,44301
684354,44358,44362
147320,44399,44409
649792,61431,61441
418,61463,61469
150366,61498,61506
147320,61530,61536
147300,61561,61569
147310,61593,61597
149350,61638,61646
335538,61700,61710
126365,61738,61748
126283,61772,61776
534278,61803,61807
126248,61832,61838
4261,61860,61870
463949,61894,61900
122099,61952,61956
23018,61986,61994
12832,62021,62027
12866,62118,62122
344504,62153,62157
341570,62183,62189
12944,62218,62222
12943,62257,62261
12737,62289,62297
346216,62322,62328
346280,62354,62362
56875,62387,62393
348737,62416,62426
54928,62453,62461
152360,62489,62495
535207,62522,62528
534599,62642,62650
54924,62689,62699
9047,62755,62759
369680,63261,63267
337100,63456,63462
77047,63485,63495
151297,63516,63524
17148,63551,63555
17152,63606,63612
198039,63647,63651
355462,63693,63697
17464,63734,63744
17498,63780,63790
8990,63810,63820
20509,63863,63873
20497,63914,63924
324417,63991,63997
338754,64022,64030
5641,64054,64058
17714,64081,64091
17726,64127,64137
313728,64160,64166
655989,64199,64207
766299,64230,64236
905705,64325,64331
333267,64359,64365
333279,64402,64412
562664,64441,64445
317380,64478,64486
693412,64510,64514
334275,64544,64552
542380,64574,64584
7688,64637,64643
338328,64678,64686
4512,64718,64726
54108,64755,64761
54086,64794,64798
695095,64826,64832
419602,64864,64868
212172,64894,64900
161312,64923,64931
588515,64994,65002
339656,65026,65034
56156,65064,65070
339673,65097,65107
323931,65176,65180
690568,65214,65222
610559,65243,65253
543386,65278,65286
4345,65354,65362
148476,66029,66037
182333,66090,66096
520000,66124,66132
337028,66176,66184
1687,66225,66231
534689,66272,66276
151044,66301,66307
53957,66333,66339
308176,67367,67377
690653,67404,67412
336929,67435,67441
690653,67467,67477
338490,67554,67562
690076,67586,67592
336973,67625,67633
690074,67656,67662
335406,67695,67701
181495,67741,67747
55182,67770,67778
484527,67826,67830
254914,67861,67867
384498,67894,67904
581459,67926,67934
336583,67959,67963
1692,67992,67998
15079,68021,68029
146681,68069,68075
203782,68098,68106
15061,68130,68140
12454,68174,68180
144826,68210,68216
19552,68291,68297
19573,68325,68329
151697,68352,68362
334669,68391,68397
334654,68444,68454
334653,68495,68501
144728,68532,68538
655955,68573,68581
649792,72834,72842
126430,72868,72874
147327,72925,72933
147299,72996,73006
147310,73032,73042
126416,73078,73088
149342,73113,73119
335505,73157,73163
757627,73186,73194
590840,73219,73225
148067,73252,73260
122085,73309,73319
122099,73349,73355
23018,73381,73391
12866,73507,73513
544557,73537,73543
12944,73566,73574
543522,73602,73612
339257,73643,73647
339258,73674,73684
323765,73707,73711
150211,73748,73754
86107,73785,73795
115963,73819,73829
352761,73853,73859
54505,73884,73894
147710,73961,73971
539661,73992,74002
694932,74054,74058
539641,74083,74089
539741,74119,74125
542679,74150,74156
12964,74179,74187
4530,74210,74218
350286,74245,74251
350287,74291,74299
354590,74325,74333
7165,74355,74363
289209,74414,74422
355,74533,74541
374,74591,74599
20888,74624,74630
19839,74657,74661
350841,74711,74719
350847,74743,74751
19659,74777,74781
56035,74834,74840
56194,74865,74873
346383,74896,74902
194284,74984,74990
145776,75048,75054
257103,75089,75095
145775,75120,75126
73227,75156,75162
349075,75199,75203
19795,75228,75234
194319,75258,75264
19746,75288,75294
344687,75328,75338
344715,75364,75368
344722,75393,75399
79309,75426,75432
146893,75460,75468
147007,75490,75498
206327,75557,75563
144629,75589,75593
164082,75655,75663
434920,76379,76389
55298,76410,76418
150018,76446,76452
164277,76494,76500
147000,76566,76570
56277,76609,76613
760468,76638,76646
741644,76679,76687
369183,76713,76723
346014,76745,76753
345910,76781,76789
535437,76815,76823
535476,76849,76859
5249,76883,76889
535476,76915,76921
350352,76944,76952
57464,76975,76981
273427,77007,77011
273410,77051,77061
202049,77109,77119
684018,77143,77147
315992,77173,77181
750634,77203,77211
424567,77247,77257
750634,77280,77284
350879,77338,77346
308286,77367,77377
543630,77428,77438
402829,77461,77471
159819,77556,77562
202094,77587,77597
350875,77672,77682
277552,77706,77710
738725,77945,77949
277240,78102,78110
352349,78134,78142
606363,78166,78170
404381,78198,78206
326516,78235,78243
543713,78266,78276
404363,78297,78307
536138,78329,78335
442440,78361,78365
397187,78507,78513
56954,78539,78549
538410,78609,78617
56488,78643,78649
273157,78673,78681
50815,78712,78718
543333,78751,78759
302529,78781,78791
353672,78815,78819
14690,78845,78851
536714,78874,78882
1620,78909,78915
91864,78938,78946
1620,78998,79006
684575,79040,79044
342745,79092,79098
342731,79150,79158
342745,79215,79223
342731,79261,79267
146936,79745,79755
536696,79796,79806
6006,79858,79866
342846,79888,79896
6008,79919,79925
419748,79953,79959
460033,79984,79992
56064,80013,80023
56076,80056,80060
350848,80085,80093
350842,80119,80125
3260,80149,80155
3259,80193,80199
14042,80227,80231
55716,80263,80271
198865,80293,80301
86627,80325,80329
161484,80353,80363
86649,80398,80406
68771,80974,80980
68779,81023,81029
120959,81056,81060
486157,81095,81101
167473,81125,81131
167251,81153,81163
486233,81188,81192
148718,81216,81226
545231,81284,81292
334245,81361,81367
886878,81391,81399
545198,81430,81434
751103,81459,81465
334246,81514,81520
545074,81545,81551
145428,81578,81584
7187,81611,81617
537021,81641,81651
386044,81710,81714
6286,81746,81754
22941,81780,81786
15059,81836,81844
12454,81870,81878
144822,81958,81968
15294,81997,82005
126439,82055,82061
147304,82091,82097
147320,82126,82132
