197732,23396,23406
206360,23460,23466
150587,23500,23506
75690,23530,23538
273536,23583,23591
150589,23621,23625
13255,23651,23657
150595,23686,23692
19895,23719,23727
19873,23771,23781
19913,23810,23816
348052,23841,23847
286768,23892,23900
19719,23927,23931
19724,23961,23969
344688,23998,24006
345015,24037,24043
148020,24068,24078
148006,24098,24108
184011,24136,24140
345122,24166,24172
56042,24205,24209
56064,24241,24245
56076,24276,24282
350848,24307,24315
350842,24347,24355
350832,24378,24386
19825,24409,24415
57192,24438,24446
20899,24490,24498
350759,24530,24534
20884,24559,24567
20883,24602,24612
351643,24634,24642
542624,24663,24673
721,24732,24738
54429,24769,24775
568787,24803,24809
267450,24856,24864
152072,24894,24898
152589,24983,24987
348456,25036,25044
348964,25066,25076
254118,25101,25109
322890,25132,25138
541140,25163,25171
347148,27255,27263
541108,27299,27307
129502,27339,27345
354568,27372,27380
57841,27403,27413
568199,27556,27566
86140,27606,27614
115963,27644,27654
115968,27755,27765
54746,27789,27793
741319,27863,27873
54502,27897,27903
437847,28007,28017
644656,28042,28052
576844,28074,28080
538986,28103,28111
622283,28202,28208
541031,28231,28239
534629,28261,28269
4536,28295,28299
541067,28323,28331
148259,28359,28367
122320,28394,28402
7164,28433,28439
355487,28464,28468
355472,28494,28502
254276,28536,28544
17112,28574,28580
17104,28605,28609
542937,28632,28642
281593,28665,28671
16823,28697,28703
16830,28730,28736
135,28760,28768
131,28799,28803
55671,28868,28874
17250,28915,28919
341894,28943,28953
342349,28975,28985
90647,29006,29016
344409,29041,29051
993866,29072,29080
344390,29120,29128
346376,29256,29264
315907,29306,29314
315953,29349,29353
150446,29378,29386
294688,29416,29422
448269,29446,29454
152700,29612,29618
448294,29641,29649
152643,29672,29678
152645,29701,29711
320796,29738,29746
586016,29789,29795
320796,29819,29825
152672,29849,29857
343897,29882,29888
752203,29914,29922
530198,30125,30131
530203,30154,30164
402132,30282,30290
321209,30311,30321
262919,30348,30352
751886,30383,30387
419809,30453,30457
273609,30490,30498
347128,30545,30551
273273,30586,30596
347149,30617,30625
347195,30706,30712
119464,30738,30748
12105,30880,30888
532707,30916,30922
11737,30944,30954
276867,30975,30983
533972,31011,31021
267026,31042,31052
267298,31073,31083
267283,31258,31262
267311,31507,31511
743609,31541,31545
17213,31590,31594
55664,31621,31629
55671,31668,31674
17250,31724,31728
341894,31758,31762
90641,31805,31811
530152,31836,31842
344407,31876,31882
535108,31905,31913
530295,31936,31942
276549,31967,31977
342995,32034,32038
152729,32070,32078
315885,32132,32140
316940,32163,32173
481506,32212,32218
685746,33145,33153
316366,33178,33182
316368,33222,33230
887553,33259,33263
152783,33294,33302
315873,33338,33346
530303,33371,33375
343136,33404,33412
342990,33444,33448
152649,33478,33484
315872,33515,33525
315867,33568,33576
342493,33599,33605
316347,33630,33636
343940,33661,33665
342504,33697,33701
343378,33727,33733
343376,33760,33766
343386,33795,33801
343408,33827,33835
343416,33864,33868
586066,33907,33913
343897,33938,33944
344119,33972,33980
530201,34018,34026
530255,34051,34057
318792,34082,34088
318943,34112,34118
318800,34142,34150
343099,34195,34201
343109,34234,34240
152658,34274,34282
655267,34306,34312
350138,34359,34365
85658,34482,34488
350513,34513,34519
538040,34543,34551
4122,34610,34616
346113,34664,34674
346229,34719,34727
685563,34789,34797
330236,34829,34837
684964,34867,34875
150423,34899,34905
352698,34950,34956
152359,35003,35009
151653,35224,35234
403368,35257,35265
629541,35291,35295
654522,35321,35327
330695,35355,35363
689738,35384,35394
639195,35415,35423
654819,35468,35476
629707,35498,35508
332394,35532,35538
273727,35595,35599
273741,35652,35658
273262,35685,35693
17432,35720,35730
191295,35754,35762
13504,35786,35792
535096,35825,35833
120846,35880,35888
17300,35920,35928
17223,35954,35964
17266,35986,35996
74345,36048,36052
55663,36084,36090
92,36115,36121
152789,36146,36154
341437,36177,36185
16772,36234,36238
16788,36299,36309
341442,36349,36355
2757,36392,36400
254975,36425,36433
148859,36459,36465
541486,36497,36503
17103,36543,36549
122360,36578,36584
355473,36633,36639
7203,36672,36680
115905,36715,36723
148858,36771,36777
355482,36802,36810
21019,36834,36840
164085,36863,36873
7210,36904,36908
20975,36934,36938
271,36988,36992
18193,37097,37103
338205,37131,37139
908,37173,37183
701568,37220,37226
701556,37260,37266
654055,37315,37323
43,37351,37361
351839,37391,37399
55749,37442,37446
351961,37474,37482
541945,37506,37510
538209,37544,37552
206386,37592,37600
206468,37621,37631
87162,37660,37666
7013,37690,37696
350781,37719,37727
19814,37767,37773
350821,37806,37816
350841,37870,37880
350847,37906,37912
56044,37936,37942
345144,37966,37972
56041,38005,38011
56194,38033,38043
5812,38072,38078
345064,38107,38115
148055,38156,38162
194319,38229,38235
194444,38261,38269
403168,41560,41568
564863,41595,41603
195019,41628,41632
19791,41693,41701
145746,41724,41732
534887,42136,42142
194446,42184,42190
546242,42234,42240
718231,42270,42278
718230,42301,42307
194443,42333,42339
564863,42363,42369
195019,42391,42401
195067,42611,42617
257103,42641,42649
195052,42671,42679
194340,42708,42716
346578,42740,42744
206448,42770,42778
346581,42800,42810
346602,42835,42843
346628,42864,42874
5143,42912,42918
344379,42943,42951
419397,42977,42981
147100,43005,43013
267487,43038,43044
354648,43069,43075
23252,43101,43109
346687,43134,43140
346698,43163,43171
80704,43194,43204
106,43228,43238
54556,43288,43296
86633,43328,43334
396392,43358,43364
86672,43390,43394
86661,43455,43463
86649,43519,43527
86672,43550,43556
86661,43591,43599
83586,43647,43655
195352,43681,43689
81078,43713,43719
17726,43747,43755
810807,43780,43786
181608,43819,43827
8425,43849,43857
54902,43885,43893
796922,43928,43936
311404,44034,44038
54212,44116,44120
83697,44144,44152
8425,44178,44184
19450,44214,44218
311404,44248,44254
690680,44412,44422
410562,44444,44450
83686,44477,44481
54088,44534,44540
311386,44565,44571
311395,44594,44604
916527,44627,44631
181609,44655,44663
181613,44694,44702
55139,44734,44742
17729,44773,44781
23318,44822,44828
756277,44857,44865
71701,44895,44903
23140,44929,44937
254073,45038,45042
254083,45096,45102
23454,45158,45168
692,45220,45228
339,45266,45274
346985,45297,45307
147604,45329,45337
55111,45361,45367
55096,45393,45403
534477,45425,45431
317401,45457,45467
556973,45498,45502
57871,45545,45549
17833,45575,45583
17835,45632,45638
354730,45661,45669
17832,45693,45699
17833,45839,45849
854,45872,45882
541741,45962,45966
854,46026,46032
321618,46082,46090
289260,46114,46118
2834,46155,46163
534747,46198,46202
289265,46229,46239
7463,46260,46268
539145,46299,46309
324383,46332,46342
345632,46367,46375
324602,46398,46406
564605,46450,46458
121269,46487,46495
191276,46540,46548
4455,46573,46581
147646,46617,46623
55367,46670,46678
539250,46747,46757
55367,46783,46787
339090,46812,46818
55207,46876,46886
290737,46939,46945
338982,46976,46986
324614,49602,49612
339025,49646,49650
345754,49677,49685
13444,49709,49713
655064,49751,49757
2831,49819,49823
490768,49853,49859
548131,49884,49888
403065,49939,49945
56671,49997,50001
86083,50027,50035
287697,50080,50088
86115,50171,50179
147724,50201,50209
429799,50235,50239
14305,50268,50278
110072,50324,50330
54545,50361,50367
20383,50393,50403
345451,50432,50438
6100,50469,50477
345468,50499,50507
1512,50531,50539
56496,50569,50577
346706,50599,50609
20410,50637,50645
20414,50676,50682
20419,50747,50751
20441,50774,50784
200365,50804,50814
84683,50851,50859
536034,50890,50894
84590,50919,50927
535063,50950,50958
200,50990,51000
218,51021,51031
85594,51087,51095
84180,51120,51128
535973,51158,51166
329833,51195,51201
150982,51226,51232
150955,51262,51268
150954,51291,51299
405016,51322,51328
331896,51353,51357
402872,51444,51448
351996,51569,51577
402872,51612,51620
536015,51647,51653
536069,51678,51682
150987,51719,51727
85305,51751,51755
460297,51784,51792
332097,52190,52198
332098,52236,52244
152048,52496,52502
655523,52654,52660
511998,52688,52696
484451,52732,52738
338010,52788,52796
22369,52827,52833
267906,52891,52897
56882,52926,52934
267900,52974,52982
538675,53008,53016
167502,53039,53045
535432,53071,53077
535435,53101,53109
326564,53130,53140
276979,53307,53315
690268,53342,53348
109827,53374,53378
56954,53412,53416
20433,53456,53462
3208,53484,53494
766896,53522,53528
401130,53553,53561
355590,53582,53592
355598,53616,53626
355604,53655,53661
56853,53684,53692
487058,53720,53724
487034,53749,53757
289218,53785,53795
19784,53818,53824
148055,53847,53855
194319,53907,53917
195077,53939,53947
197989,55786,55790
152167,55816,55820
351592,55881,55885
812703,55911,55921
690846,55946,55952
3792,56009,56017
352328,56132,56140
151586,56168,56172
152156,56205,56209
151584,56237,56243
3936,56267,56275
351679,56315,56321
70347,56380,56388
70214,56414,56422
84444,56463,56469
75863,56505,56511
150,56540,56548
75845,56601,56607
535059,56639,56645
57795,56672,56676
949,56717,56727
151856,56750,56756
404363,56778,56788
151851,56814,56822
535462,56845,56855
464200,56878,56882
110422,56907,56913
690268,56937,56947
755763,56970,56976
690270,57004,57012
194415,57214,57220
535472,57250,57256
464200,57280,57288
454115,57311,57317
575705,57341,57347
370952,57372,57378
403222,57401,57411
537585,57434,57438
324061,57467,57477
541058,57500,57508
323867,58255,58263
402365,58286,58292
323870,58318,58324
397107,58346,58356
56936,58378,58384
85779,58509,58517
539911,58542,58546
539912,58582,58592
539911,58626,58630
345831,58656,58666
326180,58691,58701
146773,58724,58730
3392,58755,58761
372402,58786,58794
372408,58832,58838
372412,58863,58869
538709,58901,58909
538728,59001,59009
538730,59032,59040
355408,59065,59069
403214,59098,59102
56272,59131,59139
164266,59169,59175
146764,59261,59269
90030,59294,59302
590389,59327,59335
355027,59365,59373
431127,59405,59411
546045,59439,59449
372344,59477,59481
147782,59509,59515
323165,59932,59938
71838,59964,59972
355042,59996,60002
197441,60027,60033
626771,60055,60065
683429,60087,60095
355020,60119,60123
4817,60155,60163
640630,60185,60193
322381,60218,60222
640645,60248,60258
147773,60282,60290
640713,60321,60329
355043,60354,60362
197450,60389,60395
197525,60420,60426
197927,60463,60471
353702,60517,60525
547358,60549,60553
206365,60577,60585
57007,60607,60615
603712,60638,60644
197743,60667,60675
576104,60704,60710
576107,60735,60741
199983,60766,60772
4913,60800,60810
197765,60836,60840
197768,60863,60873
56979,60894,60904
1170,60929,60933
75690,60981,60985
760381,61008,61018
197644,66852,66856
57007,66880,66890
197748,66921,66929
73877,67073,67079
197912,67241,67247
197591,67272,67278
148951,67300,67310
197542,67339,67345
421336,67370,67378
372336,67403,67407
353994,67438,67444
750812,67472,67476
19923,67508,67514
206521,67539,67547
19913,67572,67576
348052,67610,67620
286761,67641,67651
545969,67673,67681
348123,67706,67716
56193,67738,67746
344719,67771,67777
344691,67800,67810
345015,67832,67840
19802,67867,67873
5293,67911,67915
354207,67957,67965
5292,67990,67996
317713,68020,68030
194284,68055,68063
403178,68086,68094
145776,68121,68125
257103,68150,68158
195052,68186,68194
685038,68334,68342
491318,68373,68381
491329,68468,68472
491313,68674,68682
403174,68704,68712
145776,68737,68745
684985,68767,68777
655301,68809,68817
372329,68848,68854
403192,68879,68889
372315,68913,68921
56214,68944,68950
117947,68974,68980
56237,69010,69016
289009,69039,69047
57647,69072,69080
348891,69106,69116
410611,69139,69147
91479,69169,69179
542187,69207,69211
372112,69237,69245
541698,69270,69276
580937,69300,69306
78743,69343,69349
543637,69380,69388
546012,69582,69586
534546,69614,69620
410677,69667,69671
685699,69701,69709
70963,69733,69739
257138,69761,69771
257142,69796,69800
70968,69862,69870
70973,69917,69921
269377,69957,69965
347441,69988,69998
6015,70021,70025
144651,70058,70068
144393,70101,70109
122141,70131,70139
123048,70176,70182
123066,70209,70215
302501,70242,70248
355685,70272,70278
146936,70307,70315
2119,70337,70345
535377,70373,70379
355700,70407,70415
355715,70451,70457
355745,70485,70495
934,70520,70526
332,70551,70557
54446,70581,70589
541689,70611,70621
158222,70647,70655
654669,70679,70687
350604,70756,70762
741290,70785,70793
1469,70853,70859
353905,70884,70892
15667,70918,70926
652300,70952,70956
338167,71012,71018
727,71042,71050
731,71074,71080
338647,71108,71112
695455,71141,71147
331703,71277,71287
79365,71394,71402
695487,71425,71431
695489,71460,71466
695466,71490,71498
349234,71530,71536
55275,71574,71582
55274,71605,71613
349248,71648,71656
12923,71682,71686
353912,71714,71722
353918,71762,71768
690739,71791,71801
277864,71822,71830
277868,71854,71864
541522,71886,71894
4534,71918,71926
54749,71959,71965
147683,71997,72001
86102,72043,72049
86132,72081,72085
323728,72130,72138
339263,72160,72168
67062,72196,72204
568,72288,72294
332623,72316,72326
343235,72378,72386
343238,72411,72415
65374,72444,72450
9400,72476,72486
15723,72601,72609
9354,72637,72645
535005,72689,72695
392409,72735,72743
151249,72779,72787
535168,72816,72824
339379,72850,72858
1431,72881,72887
255455,72913,72923
690751,72947,72953
540563,72992,73000
649477,73022,73032
149328,73052,73062
535883,73105,73115
495482,73145,73151
535885,73174,73182
446045,73206,73212
530022,73236,73244
339253,73273,73279
348295,73308,73312
339257,73356,73364
341681,73393,73401
86107,73432,73438
461732,73460,73470
352761,73491,73499
12477,73541,73549
54505,73574,73582
147710,73606,73614
4536,73636,73644
54253,73666,73676
345624,73713,73723
122305,73744,73752
539214,73796,73802
86807,73855,73865
201095,73889,73895
201122,73920,73928
201131,73961,73965
7149,74002,74010
200719,74052,74058
147416,74082,74088
348362,74113,74117
348372,74150,74158
54988,74184,74192
353135,74216,74222
1530,74258,74264
347205,74290,74298
348673,74339,74345
348671,74370,74374
16587,74401,74409
16590,74463,74469
348640,74492,74500
348641,74523,74529
55566,74564,74572
404356,74653,74663
486437,74715,74723
148267,74745,74755
1852,74799,74805
355585,74831,74839
355310,74861,74869
347928,74893,74897
347940,74926,74934
2787,74956,74964
347880,74989,74997
347943,75024,75032
344784,75055,75061
571,75086,75092
55677,75114,75124
290473,75170,75178
304389,75201,75209
639666,75231,75239
684182,75266,75276
530014,75311,75319
332624,75349,75353
332639,75378,75384
290839,75435,75445
537171,75467,75475
273718,75530,75536
344571,75563,75569
344575,75595,75601
1425,75623,75633
407182,75658,75662
224710,75687,75695
535668,75723,75731
55511,75787,75793
617,75825,75835
1895,75873,75883
372648,75909,75913
149804,75953,75957
55890,75993,75997
150916,76030,76038
340805,76059,76069
311471,76095,76099
340819,76129,76137
341064,76165,76171
55838,76218,76228
149564,76251,76259
341077,76282,76288
341085,76316,76320
11719,76346,76356
149908,76384,76388
15896,76424,76428
149526,76456,76464
289434,76528,76538
149525,76588,76596
310208,76645,76651
310218,76675,76683
530533,76712,76720
53854,76743,76749
54700,76824,76832
340342,76857,76863
273556,76958,76964
340292,76989,76995
490950,77265,77273
11445,77332,77340
340607,77365,77371
340312,77396,77404
53851,77437,77443
53857,77473,77479
12216,77510,77514
54338,77538,77546
149994,77570,77580
15812,77601,77609
150195,77649,77659
149560,77687,77693
12537,77737,77741
55837,77769,77775
340817,77802,77806
411353,77830,77838
341153,77862,77868
308586,77896,77900
340769,77937,77945
55502,77973,77983
340715,78010,78016
282874,78052,78060
340729,78089,78093
306357,78137,78141
459435,78510,78516
372631,78544,78550
15418,78611,78615
55881,78646,78654
149773,78690,78696
54797,78729,78737
224711,78772,78776
498,78800,78810
339351,78833,78841
339374,78873,78881
9262,78909,78917
493108,78941,78949
255455,78973,78977
339097,79020,79030
54383,79061,79067
3620,79094,79100
10913,79127,79133
339111,79158,79166
325804,79190,79200
533474,79225,79235
533475,79270,79276
290539,79303,79307
289303,79336,79346
5599,79367,79375
484298,79398,79406
323513,79428,79436
7923,79463,79469
339655,79562,79570
539448,79595,79603
538368,79634,79644
56156,79674,79682
323939,79708,79716
54912,79745,79751
337022,79780,79786
20722,79809,79817
341766,79841,79849
255684,79884,79892
53905,79930,79938
148810,79971,79977
149471,80002,80008
343168,80043,80049
12340,80077,80087
12868,80110,80118
340541,80143,80153
339118,80174,80182
55265,80211,80217
54379,80248,80252
332634,80324,80330
198173,80353,80361
684928,80385,80391
537167,80417,80425
344550,80448,80456
273718,80515,80523
304701,80544,80554
344575,80577,80583
342820,80634,80640
339362,80672,80676
996193,80700,80708
339412,80741,80747
290702,80815,80821
289800,80847,80851
357832,80891,80901
407292,80924,80930
530963,80954,80962
55924,80995,81001
206248,81027,81035
289762,81060,81066
310156,81090,81098
206246,81122,81126
206243,81307,81313
529966,81346,81354
372499,81379,81387
531215,81411,81417
202131,81440,81450
55924,81472,81480
110521,81506,81514
342238,81539,81547
152544,81586,81590
16835,81617,81623
16780,81650,81660
341442,81689,81695
254975,81721,81727
148861,81752,81758
17103,81786,81794
355473,81819,81823
7209,81847,81857
345336,81891,81897
115978,81928,81932
345416,81955,81965
345426,81991,81999
201152,82023,82031
403044,82200,82208
354235,82234,82244
56745,82266,82272
861776,82295,82303
270680,82344,82354
270685,82382,82390
818876,82413,82419
270686,82444,82454
305498,82477,82483
7159,82517,82523
355489,82547,82553
652065,82581,82587
7200,82611,82617
122357,82641,82651
17495,82673,82679
22776,82702,82712
347844,82735,82743
20735,82771,82777
13480,82808,82812
13486,82842,82850
20707,82876,82886
20731,82912,82922
54827,82945,82953
54844,83022,83026
164230,83061,83067
116632,83094,83100
832756,83126,83134
148286,83158,83164
273798,83194,83200
15067,83225,83231
203794,83258,83264
334290,83288,83294
334286,83318,83324
464211,83347,83355
372759,83485,83495
334268,83517,83525
289395,83548,83556
334351,83580,83584
543744,83610,83614
321283,83777,83785
536788,83835,83843
54735,83872,83880
334388,83918,83924
146699,83947,83957
12437,83989,83993
144826,84034,84038
144822,84087,84091
152067,84130,84138
15304,84162,84170
55644,84213,84219
12565,84293,84299
11711,84329,84337
55939,84362,84366
50509,84428,84434
590906,84458,84466
267311,84501,84509
17213,84545,84553
55664,84580,84588
55671,84614,84618
17250,84663,84667
342348,84690,84700
90642,84722,84728
530152,84753,84761
344409,84784,84790
344400,84814,84820
4078,84876,84882
344388,84912,84916
315953,84965,84971
78098,84997,85003
489389,85027,85035
4081,85058,85064
618161,85236,85244
