570847,23534,23538
570848,23592,23600
115997,23642,23648
349351,23672,23680
3655,23706,23712
350011,23767,23775
636434,23805,23811
654853,24284,24292
83438,24317,24327
567855,24352,24358
202259,24398,24406
404333,24429,24435
404301,24513,24523
404323,24556,24566
684981,24609,24619
3862,24642,24650
400667,24675,24683
351433,24713,24717
150412,24765,24775
150349,24835,24843
350075,24870,24880
3879,24917,24923
160999,24946,24954
332381,24980,24988
350117,25059,25067
121964,25095,25101
489307,25135,25143
350146,25164,25174
22547,25245,25251
344445,25278,25284
344338,25313,25321
152689,25425,25429
481513,25460,25466
320218,25511,25519
345093,25547,25553
345091,25577,25585
345392,25948,25956
344744,25984,25988
344334,26016,26022
344335,26064,26074
341994,26096,26102
655236,26150,26156
341988,26193,26201
344363,26264,26270
308352,26322,26328
342003,26388,26394
345880,26418,26424
343321,26472,26482
713780,26512,26518
887555,26548,26558
343029,26592,26598
315873,26661,26671
181114,26713,26721
315913,26749,26753
342265,26782,26790
710932,26815,26823
710934,26854,26862
344385,26891,26899
344386,26953,26963
110147,26988,26994
343193,27060,27068
318818,27136,27140
152658,27180,27186
151666,27231,27237
151670,27272,27276
350190,27300,27308
318831,27336,27346
22407,27384,27392
22445,27416,27422
345235,27448,27454
372426,27688,27696
152599,27726,27734
22444,27795,27803
147666,27861,27867
57052,27892,27898
152600,27929,27939
152604,27965,27971
353117,27997,28003
536534,28033,28039
404244,28062,28072
90626,28096,28102
346113,28149,28155
346230,28376,28384
330224,28413,28419
684964,28455,28463
150423,28492,28496
352698,28535,28545
83394,28572,28578
331205,28604,28612
83411,28659,28663
152618,28698,28704
222140,28727,28735
350001,28791,28795
400275,29058,29068
152205,29090,29096
150401,29124,29130
3934,29183,29191
344206,29215,29221
690847,29258,29264
3777,29295,29303
352755,29327,29331
352326,29360,29368
352025,29398,29406
151586,29432,29442
152156,29477,29481
351611,29517,29523
351659,29550,29558
3944,29598,29606
17406,29641,29647
17392,29723,29733
17393,29756,29766
17395,29806,29810
191295,29852,29862
350993,29898,29904
351003,29946,29954
351020,29977,29985
120846,30034,30038
17298,30075,30083
206420,30120,30128
17265,30250,30256
55675,30294,30304
74346,30351,30359
74345,30439,30447
330133,30472,30478
81,30503,30507
654163,30531,30541
267118,30589,30599
590904,30622,30632
651834,30655,30661
13119,30702,30706
13120,30738,30748
530702,30794,30798
11680,30832,30842
11712,30887,30893
11730,31177,31183
149892,31313,31321
530667,31353,31361
530670,31417,31427
54345,31507,31515
530666,31544,31552
268605,31591,31597
256641,31646,31656
289786,31740,31746
15309,31775,31783
335578,31807,31813
335585,31839,31845
19598,31876,31886
144825,31910,31914
12447,31998,32006
12441,32090,32096
12446,32226,32236
54709,32276,32280
15072,32305,32313
336573,32367,32375
797582,32397,32405
54229,32433,32443
413848,32476,32486
336593,32604,32612
413855,32634,32644
336594,32674,32682
374071,32722,32730
199493,32810,32820
685371,32844,32848
303914,32873,32879
181249,32905,32913
79003,32942,32950
413866,32977,32985
181289,33007,33015
581213,33085,33091
1756,33143,33153
68765,33224,33232
68770,33282,33286
4410,33373,33381
651848,33413,33419
55168,33471,33477
121058,33528,33538
534221,33570,33576
685404,33619,33625
181609,33671,33681
181613,33800,33806
55128,33849,33855
55139,33915,33923
17727,33971,33977
17729,34040,34050
86598,34087,34095
86556,34137,34145
86560,34170,34176
76594,34223,34233
76601,34271,34281
76607,34316,34320
86643,34413,34419
531938,34445,34453
86678,34481,34489
86660,34555,34565
80726,34617,34623
80737,34811,34817
651805,34865,34873
80663,35006,35014
80665,35043,35051
346702,35080,35086
346703,35113,35117
547827,35143,35147
19839,35218,35228
350801,35272,35282
350820,35319,35327
350821,35368,35374
350833,35400,35406
350841,35463,35471
350847,35524,35528
56063,35555,35559
19659,35583,35591
345144,35614,35620
19651,35648,35654
21483,35681,35687
117824,35712,35720
474013,35752,35760
74167,36928,36936
80111,36957,36967
346333,36990,36994
346182,37018,37026
80087,37052,37062
351095,37335,37341
6014,37365,37371
6071,37396,37400
121227,37426,37434
144674,37468,37472
2180,37501,37509
343549,37530,37540
342732,37563,37567
91861,37593,37597
354343,37626,37632
354376,37658,37662
1576,37693,37701
354422,37744,37750
354437,37779,37785
3624,37809,37817
256723,37841,37845
261335,37876,37884
194432,37909,37915
4291,37940,37946
56875,37976,37984
4301,38038,38046
17023,38079,38085
122778,38277,38283
194432,38311,38321
150309,38350,38358
17032,38389,38395
346305,38422,38428
310403,38459,38465
54934,38492,38500
354393,38527,38533
54976,38558,38564
16577,38595,38601
533350,38624,38634
2325,38664,38668
392966,38694,38704
402676,38737,38741
313122,38784,38790
648720,38880,38888
648722,38917,38923
540169,38951,38959
402780,38985,38993
16542,39017,39023
410255,39051,39061
403288,40651,40661
410261,40687,40695
55693,40773,40779
535014,40803,40809
149474,40840,40846
486437,40930,40934
149474,40967,40975
2960,41075,41079
1852,41104,41114
355585,41137,41143
355308,41171,41177
54376,41210,41214
347932,41240,41248
347940,41283,41291
348837,41317,41327
148861,41349,41355
341451,41384,41390
198042,41412,41422
355462,41462,41470
17464,41505,41513
17498,41546,41552
347458,41587,41593
116029,41638,41644
20745,41671,41675
651832,41701,41709
5616,41730,41740
13479,41778,41786
651847,41813,41819
54635,41854,41860
345290,41884,41892
17502,41915,41923
14245,41956,41962
115905,41989,41995
355480,42018,42026
907297,42050,42058
198023,42081,42087
345624,42118,42128
54252,42184,42192
4533,42223,42227
147710,42277,42285
683484,42307,42317
345644,42353,42357
1490,42398,42404
690262,42545,42555
56728,42607,42615
10770,42641,42647
534869,42670,42678
334409,42842,42850
267455,42873,42883
21421,42935,42943
267455,42973,42983
349195,43008,43014
152075,43054,43064
267454,43099,43107
80238,43176,43182
347499,43207,43215
21424,43240,43246
320186,43278,43284
347500,43363,43369
563659,43404,43414
612105,43437,43445
144049,43468,43474
319656,43501,43509
542490,43536,43544
534477,43568,43572
654987,43597,43603
277605,43626,43634
331724,43657,43663
695600,43686,43694
351255,43717,43723
57836,43746,43756
21110,43780,43784
882,43810,43816
842,43871,43877
888234,43900,43908
277828,43933,43941
460861,43973,43979
86448,44017,44021
117837,44045,44053
540918,44083,44089
20966,44116,44124
562048,44152,44160
7164,44187,44193
355487,44219,44227
281601,44249,44259
254276,44284,44292
533071,44319,44325
17104,44350,44358
148826,44384,44392
348834,44415,44421
2323,44489,44495
533424,44530,44538
533433,44560,44568
348857,44601,44607
1441,44645,44653
348640,44680,44684
348641,44720,44728
55566,44751,44759
410252,44837,44847
539851,44869,44875
2377,44898,44906
535019,44979,44985
535014,45009,45015
149474,45046,45054
54812,45075,45085
535019,45166,45170
486437,45203,45211
149474,45304,45312
486437,45353,45363
539851,45400,45410
289483,45457,45467
355292,45490,45494
16667,45520,45526
150826,45551,45557
694797,45583,45591
690934,45614,45622
690933,45818,45828
694801,45848,45858
54040,45881,45887
538832,45913,45917
16709,46059,46067
4051,46128,46136
17237,46161,46169
341894,46192,46198
90641,46229,46237
342342,46262,46268
266862,46302,46308
4065,46363,46369
344407,46393,46403
737848,46426,46436
4078,46459,46465
346376,46505,46511
530141,46536,46546
710932,46568,46578
710934,46614,46618
344386,46676,46680
308346,46706,46710
384472,46735,46745
308341,46770,46776
308362,46802,46808
4094,46848,46856
343206,46906,46914
317101,46939,46945
318800,47000,47004
318805,47029,47035
343099,47084,47088
152650,47141,47151
152658,47193,47203
402129,47226,47234
350138,47265,47271
85658,47332,47338
350513,47378,47386
4004,47443,47451
547902,47478,47484
351437,47508,47518
351501,47544,47548
152330,47576,47582
152289,47607,47615
152328,47644,47648
3935,47686,47694
690848,47733,47741
3777,47762,47772
3765,47797,47801
766743,47825,47833
766754,47921,47927
352322,47953,47963
152162,47986,47994
56820,48019,48027
56825,48055,48063
351556,48089,48097
151600,48145,48149
400272,48173,48181
627858,48210,48216
637597,48245,48255
815257,48406,48412
627710,48441,48445
151637,48470,48478
83394,48523,48529
331205,48562,48566
151653,48596,48606
352698,48666,48672
629541,48696,48706
351507,48728,48736
689735,48767,48773
689721,48816,48820
629707,48856,48864
332394,48886,48896
273741,48971,48979
273262,49021,49027
17395,49054,49060
350993,49098,49104
351003,49139,49145
120848,49184,49190
120846,49220,49230
17298,49260,49264
206420,49301,49309
17265,49338,49344
74345,49395,49401
55663,49428,49438
92,49466,49470
152789,49501,49505
341437,49531,49537
16768,49561,49567
16777,49594,49600
341442,49642,49648
254974,49675,49681
148861,49709,49717
341450,49747,49755
198042,49817,49827
355462,49877,49885
17464,49922,49930
17495,49953,49961
17499,49985,49991
347457,50022,50030
116029,50060,50070
20745,50093,50099
543116,50127,50135
5598,50191,50199
13497,50226,50234
323525,50265,50271
684310,50296,50306
54403,50330,50336
339656,50362,50370
538368,50417,50423
544493,50453,50459
339671,50507,50517
54881,50545,50549
543393,50576,50582
543391,50606,50612
694577,50638,50644
694629,50674,50682
543388,50762,50768
4339,50816,50822
694657,52490,52500
690602,52521,52531
694861,52554,52560
543391,52582,52592
337025,52641,52647
54616,52673,52677
19340,52702,52710
338907,52744,52752
615201,52783,52787
521157,52888,52894
548280,52921,52927
690609,52952,52956
694629,52982,52988
341182,53010,53020
339288,53048,53056
534993,53097,53103
695095,53127,53133
7724,53159,53163
7736,53189,53195
341189,53247,53253
539527,53276,53286
313948,53307,53317
1269,53349,53355
144670,53457,53463
690776,53515,53523
654817,53576,53586
323545,53698,53708
57708,53739,53745
5617,53792,53802
5623,53875,53881
13479,53941,53947
345223,53984,53990
20739,54019,54025
54635,54072,54078
345290,54124,54130
345294,54155,54161
20242,54193,54197
345314,54224,54232
164099,54267,54271
345416,54296,54304
345426,54332,54336
20367,54361,54369
56521,54444,54448
345451,54504,54514
148917,54550,54560
148930,54594,54600
57794,54664,54674
56478,54698,54706
56496,54770,54780
56501,54816,54824
20408,54855,54863
20410,54898,54904
20414,54959,54965
57753,54991,54997
20419,55039,55047
20441,55077,55083
344246,55116,55124
200371,55149,55153
84683,55184,55190
84694,55214,55222
84599,55249,55255
535063,55293,55303
200,55333,55339
652059,55362,55370
652056,55394,55402
85594,55435,55443
84179,55469,55475
535972,55507,55511
338032,55536,55542
329871,55566,55574
537245,55599,55607
55295,55648,55656
567809,55682,55690
568370,55723,55727
567804,55949,55957
329159,55982,55992
3058,56028,56034
544679,56061,56065
338064,56129,56135
160677,56159,56169
160671,56192,56196
329831,56252,56256
117554,56283,56289
151474,56319,56327
84181,56349,56357
202247,56381,56389
402848,56410,56420
302523,56458,56466
202247,56526,56534
57084,56561,56569
349011,56594,56602
349878,56658,56664
541784,56691,56695
57308,56747,56753
57313,56789,56795
586225,56829,56835
570847,56883,56887
619533,60996,61004
69974,61067,61077
690077,61182,61190
352708,61228,61236
352713,61267,61273
151589,61303,61313
70478,61389,61393
70518,61426,61434
547076,61458,61462
352326,61489,61495
151586,61540,61550
152156,61578,61584
151584,61606,61616
351660,61639,61647
3944,61670,61678
17392,61708,61714
191295,61747,61751
350993,61777,61783
351003,61822,61828
120848,61865,61873
120846,61899,61907
17298,61930,61938
206420,61970,61976
17265,62005,62011
74345,62061,62071
55660,62093,62099
92,62133,62143
152789,62169,62179
341437,62203,62211
16835,62234,62240
16777,62271,62277
341442,62318,62326
2766,62355,62363
148840,62391,62401
571,62428,62432
1395,62460,62466
55677,62502,62510
347753,62535,62541
290652,62620,62626
339097,62656,62662
56528,62686,62694
56533,62911,62919
6072,62954,62958
340561,62984,62990
537498,63023,63033
339766,63065,63075
289681,63098,63106
537879,63146,63156
56581,63180,63188
340221,63214,63218
278123,63251,63257
55621,63287,63297
6510,63366,63376
255392,63467,63471
535654,63522,63530
56543,63564,63570
402074,63597,63601
339566,63642,63648
339575,63671,63679
55578,63704,63710
339577,63740,63746
339580,63778,63784
246111,63814,63818
690616,63847,63855
122435,63887,63893
536306,63926,63932
542556,63962,63970
150726,63996,64002
360366,64041,64045
16688,64093,64099
55488,64127,64133
402717,64201,64207
150791,64242,64248
534986,64278,64284
348805,64308,64316
4620,64348,64352
16824,64379,64383
16830,64418,64428
267025,64458,64468
541456,64493,64501
17222,64527,64537
267086,64562,64566
267118,64606,64610
590904,64637,64647
651834,64671,64681
13119,64705,64715
11712,64741,64749
11730,64788,64792
530667,64818,64822
54345,64867,64877
268605,64905,64913
289786,64966,64974
684354,64999,65007
53894,65052,65058
147310,65087,65093
918569,65126,65132
415320,65183,65189
415334,65300,65310
6452,65395,65405
415699,65433,65437
699843,65462,65468
335558,65519,65527
149353,65553,65561
149351,65595,65601
372488,65632,65636
13361,65667,65673
335514,65715,65719
147320,65760,65766
151057,65817,65825
335072,65865,65873
151058,66054,66058
147327,66113,66117
147310,66155,66161
6451,66183,66193
415320,66240,66246
415334,66324,66330
6463,66374,66384
638119,66407,66413
699843,66436,66446
335558,66471,66477
335544,66503,66509
335505,66555,66563
68716,66587,66593
126272,66675,66679
335491,66713,66719
126254,66752,66758
542487,66790,66798
142429,66831,66839
12577,66868,66878
336337,66903,66913
2841,66956,66962
148071,66984,66994
414174,67026,67034
20633,67070,67078
54863,67109,67117
532132,67147,67153
20706,67190,67200
345187,67225,67233
345200,67303,67313
345201,67342,67350
13475,67405,67411
13476,67483,67491
13479,67519,67525
345219,67558,67564
651847,67597,67605
14225,67638,67642
347869,67675,67683
347471,67710,67718
54621,67742,67752
115963,67779,67787
684202,67808,67818
115968,67848,67854
352761,67929,67937
567976,67985,67993
352764,68035,68041
12477,68098,68106
542266,68133,68141
147710,68210,68218
683484,68247,68255
55222,68289,68297
345645,68319,68327
1490,68385,68393
321626,68416,68422
56728,68471,68477
147633,68506,68510
567828,68534,68544
147635,68567,68573
575618,68630,68638
56735,68687,68695
317403,68719,68729
348831,68757,68765
410274,68813,68819
57839,70699,70707
22982,70730,70736
21110,70759,70769
350422,70791,70799
841,70827,70833
649788,70861,70867
562085,70892,70900
5707,70971,70975
73959,71031,71039
462465,71060,71070
21085,71150,71156
462465,71182,71188
73966,71331,71339
257018,71378,71384
884119,71409,71413
352316,71441,71449
542270,71481,71487
540918,71513,71519
20966,71543,71549
562048,71583,71591
7164,71624,71630
355487,71662,71666
148898,71692,71700
305497,71730,71736
533234,71760,71766
17104,71795,71803
16842,71835,71841
534194,71869,71875
16789,71903,71909
16797,71937,71945
16830,71993,72003
267025,72028,72036
126,72074,72082
330139,72110,72118
55671,72157,72165
17260,72205,72215
348241,72241,72247
17307,72281,72289
17317,72332,72338
351024,72372,72376
4028,72441,72449
551475,72484,72492
695266,72522,72530
191315,72563,72571
4008,72620,72628
545451,72652,72658
273735,72690,72698
534357,72724,72728
562124,72752,72760
760266,72792,72800
331062,72829,72837
351497,72887,72891
344137,72914,72924
331074,72949,72957
3847,72979,72987
150423,73212,73216
83411,73248,73258
222140,73282,73290
350001,73552,73560
152205,73601,73607
547086,73639,73643
350472,73671,73681
654526,73706,73710
150546,73736,73746
369595,73793,73801
696731,73824,73830
400337,73854,73860
581659,73884,73890
