53792,24242,24248
151117,24289,24295
402453,24323,24331
151123,24381,24389
126249,24412,24418
126253,24452,24460
148289,24495,24501
53924,24547,24555
567704,24577,24587
337465,24608,24616
419581,24640,24644
289333,24698,24706
562013,24765,24773
635334,24799,24809
561998,24830,24840
463997,24870,24878
148618,24923,24931
53812,24964,24972
336100,24995,25003
57817,25024,25034
484543,25060,25066
644912,25094,25100
444850,25125,25131
151117,25155,25161
993823,25185,25191
57817,25226,25232
647194,25267,25275
644912,25301,25307
57817,25370,25380
484543,25554,25562
402453,25586,25590
534754,25616,25622
336008,25671,25677
684001,25700,25708
336098,25736,25742
151123,25790,25796
126249,25824,25834
15123,25856,25864
335374,25890,25898
336167,25921,25931
336177,25961,25971
336187,25997,26003
908892,26028,26036
335520,26065,26075
908893,26097,26103
15275,26132,26142
622047,26245,26253
378111,26284,26294
296752,26337,26341
296756,26370,26376
313177,26490,26496
832837,26546,26554
2882,26578,26584
832837,26614,26618
335989,26648,26654
148210,26680,26688
15125,26713,26719
147294,26757,26763
15123,26790,26796
148287,26819,26827
15175,26858,26866
148286,26891,26899
273798,26921,26931
536064,26954,26960
536133,26988,26996
54720,27021,27029
120914,27053,27059
7191,27082,27090
144446,27113,27119
686055,27146,27150
686151,27175,27183
144522,27246,27256
145454,27282,27288
144504,27322,27326
486289,27351,27359
810551,27383,27387
537021,27413,27421
15563,27467,27473
17451,27500,27504
6286,27528,27536
15039,27565,27573
15059,27609,27617
12437,27642,27650
144826,27692,27702
335595,27759,27767
567514,27816,27824
567527,27853,27857
147396,27914,27918
581760,27943,27953
568383,27975,27983
289373,28006,28014
71978,28038,28042
568171,28103,28107
148312,28133,28137
318871,28164,28168
336557,28198,28204
336561,28265,28273
117588,28336,28340
19628,28372,28378
148764,28420,28426
15072,28465,28475
336573,28503,28511
894828,28537,28543
336575,28574,28584
54230,28605,28613
336593,28645,28653
384492,28676,28682
336597,28708,28712
68750,28749,28759
181497,28780,28788
1728,28872,28878
492268,28905,28911
305184,28933,28943
571413,28967,28975
698510,29029,29039
54458,29061,29067
151243,29093,29101
484361,29133,29137
300299,29165,29169
564368,29198,29202
2422,29252,29260
300307,29325,29335
491009,29362,29368
306920,29400,29406
8465,29441,29447
225496,29492,29498
76109,29529,29535
76139,29562,29570
55168,29607,29611
121058,29686,29694
534221,29724,29730
685404,29772,29778
181609,29808,29816
181613,29855,29861
55139,29916,29926
17728,29958,29964
86598,29990,29998
23318,30024,30032
55103,30056,30062
81068,30095,30103
342107,30282,30292
254810,30313,30321
1384,30451,30461
301363,30577,30587
882719,30647,30657
694949,30681,30689
331685,30712,30718
342359,30767,30771
384769,30939,30949
650454,30974,30978
286857,31006,31010
80748,31036,31040
81034,31084,31088
55109,31118,31126
54555,31154,31160
17712,31190,31194
17726,31235,31241
341916,31280,31290
4377,31333,31339
683481,31460,31466
654249,31489,31497
333048,31520,31526
54574,31553,31561
4492,31584,31590
55128,31630,31638
55139,31686,31692
17727,31722,31730
17729,31754,31762
341920,31787,31791
146874,31821,31827
71701,31871,31877
55150,31902,31910
754,31933,31943
348427,31975,31981
348434,32007,32013
694053,32040,32046
119986,32073,32081
724,32107,32115
109757,32149,32157
662,32195,32201
858,32227,32235
17661,32260,32266
75280,32290,32296
147228,32321,32331
683446,32353,32361
1463,32452,32458
1465,32481,32489
352,32538,32542
654055,32572,32578
351880,32607,32617
351888,32646,32650
108693,32673,32683
153883,32706,32714
109363,32770,32780
661424,32817,32823
17739,32861,32865
24,32889,32897
542162,32924,32932
55749,33033,33037
350728,33064,33070
861529,33096,33102
538209,33126,33132
57612,33158,33164
206386,33243,33251
309209,33274,33280
351482,33307,33317
149273,33340,33346
351041,33369,33379
148883,33410,33420
351041,33443,33449
440883,33474,33480
620853,33512,33518
210719,33550,33556
124314,33581,33589
401050,33613,33617
683786,33643,33653
147253,33694,33704
350988,33726,33732
22347,33756,33762
648148,33784,33794
54,33844,33854
309203,33881,33887
12380,33911,33919
349131,33946,33952
144109,33986,33996
750332,34017,34025
350720,34048,34056
2049,34087,34093
710125,34116,34124
350802,34350,34356
206386,34397,34403
206468,34430,34440
351424,34463,34467
328044,34499,34505
545347,34534,34542
705489,34573,34579
544076,34602,34610
419562,34633,34641
428262,34669,34673
115804,34747,34753
149274,34778,34786
649802,34808,34816
755922,34838,34846
98254,34882,34888
5969,34913,34919
56445,34949,34955
147628,34990,34998
347436,35023,35031
410668,35056,35062
347321,35094,35098
410691,35126,35130
257142,35155,35163
410684,35301,35307
70973,35332,35340
144393,35365,35371
543637,35401,35407
546013,35434,35440
144389,35476,35482
144392,35512,35520
771002,35544,35548
1558,35694,35698
154984,35724,35734
6138,35765,35771
182442,36019,36027
182456,36063,36073
491939,36117,36123
352607,36206,36212
352606,36235,36243
4254,36282,36290
15521,36315,36325
55986,36348,36356
683931,36379,36385
55994,36408,36416
3211,36468,36476
289220,36508,36512
487052,36540,36546
317697,36604,36610
317717,36638,36644
56088,36668,36674
537106,36725,36731
79759,36756,36762
57105,36786,36796
164108,36818,36826
403203,36853,36859
582103,36903,36911
424556,37152,37160
267858,37296,37304
9820,37328,37336
354268,37370,37378
149849,37400,37408
57110,37445,37455
548222,37475,37485
344663,37511,37519
79836,37550,37554
20316,37579,37587
20348,37614,37624
537300,37654,37660
20442,37684,37692
84827,37716,37724
56506,37754,37758
346725,37783,37791
57752,37851,37859
116446,37883,37891
684494,37917,37927
81627,37948,37958
113114,37979,37987
56517,38015,38025
4688,38047,38053
20376,38081,38091
147095,38119,38127
54742,38154,38158
429803,38184,38192
644758,38219,38223
347458,38248,38258
116029,38289,38299
345251,38322,38328
13486,38364,38374
20707,38401,38411
54412,38437,38443
901070,38468,38476
147629,38516,38524
147630,38548,38552
2844,38577,38583
148801,38832,38838
148806,38863,38867
2845,38925,38931
53914,38962,38970
340788,38992,39000
20704,39032,39038
337008,39067,39077
337015,39100,39106
71732,39133,39141
191270,39163,39173
7538,39198,39204
408926,39248,39254
541364,39281,39287
276904,39339,39345
619863,47073,47083
4511,47139,47143
619863,47344,47350
4511,47402,47408
619863,47492,47502
4511,47526,47534
619863,47764,47772
265192,47794,47804
920978,47847,47851
484284,47884,47890
2402,47913,47923
338338,47944,47952
484304,47980,47986
484309,48011,48015
7553,48044,48048
587707,48092,48098
541364,48124,48132
484314,48284,48292
161356,48317,48325
271403,48378,48384
54881,48484,48490
652175,48514,48520
310272,48548,48554
307056,48580,48588
338907,48610,48618
308987,49366,49376
575023,49413,49417
408965,49467,49473
709632,49498,49502
521157,49526,49534
308165,49640,49648
398,49672,49682
54883,49714,49718
690596,49743,49749
313098,49787,49791
416624,49830,49834
161365,49862,49866
541364,49898,49902
313104,50019,50027
20831,50052,50058
338328,50081,50089
4512,50147,50157
54108,50182,50192
419601,50215,50221
539491,50244,50254
1485,50290,50296
54889,50324,50328
21293,50355,50363
537352,50389,50399
540651,50421,50429
339295,50473,50479
683570,50502,50510
694193,50535,50543
537377,50577,50587
690234,50609,50615
537390,50639,50645
690216,50668,50676
440,50699,50705
321585,50737,50745
54083,50773,50779
260541,50804,50812
56728,50845,50855
10770,50878,50886
56618,50909,50919
334409,50998,51004
267454,51028,51036
534864,51076,51086
55147,51113,51119
662,51144,51150
542625,51175,51185
22353,51213,51221
15876,51247,51253
148884,51276,51284
6892,51355,51363
351568,51450,51458
1963,51482,51488
148873,51538,51544
6889,51570,51574
342356,51602,51610
5549,51634,51642
6939,51665,51671
148104,51748,51756
1051,51791,51799
15877,51824,51828
339,51871,51881
23450,51945,51951
779,51974,51982
71178,52005,52013
152799,52044,52048
812764,52093,52101
71170,52125,52129
540856,52155,52159
147415,52255,52263
21437,52287,52291
457833,52316,52326
254083,52348,52356
476108,52378,52386
23454,52435,52443
339,52467,52473
715,52497,52505
662,52530,52534
17661,52572,52576
538453,52603,52609
462639,52637,52641
683446,52667,52675
338272,52701,52707
1465,52732,52736
908,52799,52803
741290,52837,52847
146664,52898,52904
1469,52927,52937
307073,53073,53079
1468,53105,53113
421426,53145,53153
350728,53177,53183
404982,53211,53215
350469,53240,53248
2037,53275,53279
72461,53307,53315
350447,53346,53354
54597,53378,53386
350436,53426,53432
2006,53523,53529
80658,53557,53561
341795,53617,53621
290950,53663,53673
341796,53695,53703
151031,53729,53735
151032,53766,53772
354635,53804,53810
119335,53859,53863
286663,53886,53896
142947,53922,53928
142950,53959,53967
286662,54106,54114
344932,54139,54149
354545,54186,54192
354580,54220,54228
21823,54288,54292
333666,54315,54325
14025,54354,54362
680489,54396,54400
144638,54425,54431
152528,54496,54502
146737,54528,54534
346486,54557,54567
254104,54618,54628
301375,54648,54658
540604,54680,54686
10234,54716,54722
1495,54748,54754
344110,54777,54787
109759,54837,54845
262891,54920,54924
351269,54986,54992
347449,55081,55089
679,55112,55118
708,55144,55150
57739,55174,55180
147075,55214,55222
542572,55248,55256
888226,55289,55299
342150,55321,55329
593827,55352,55360
342217,55384,55390
254501,55427,55433
22792,55466,55474
13298,55496,55506
116029,55538,55544
20745,55567,55575
543116,55599,55607
690772,55632,55640
288736,55673,55681
340228,55710,55716
55709,55738,55748
340532,55826,55832
610,55858,55866
12306,56099,56107
121307,56134,56142
632861,56164,56172
295517,56196,56204
633307,56229,56237
322929,56307,56313
278773,56348,56352
341107,56387,56393
5290,56421,56429
538912,56453,56457
122072,56518,56528
369521,56551,56555
22990,56584,56588
12954,56620,56628
23015,56656,56664
12578,56688,56694
142418,56726,56734
126209,56810,56820
126262,56842,56848
402428,56888,56894
335976,56921,56929
2881,57032,57040
335416,57070,57074
15123,57120,57128
67640,57156,57160
335995,57198,57204
151111,57243,57251
57817,57281,57289
636002,57315,57325
886017,57362,57366
67415,57542,57548
647206,57572,57578
57817,57600,57610
402453,57630,57640
336008,57680,57684
148092,57727,57731
147340,57810,57818
641950,57841,57847
649366,57872,57880
147350,57903,57911
22895,57948,57952
22925,57988,57998
54718,58027,58037
54720,58064,58074
15562,58114,58120
120912,58148,58154
120917,58187,58193
68765,58227,58235
68770,58277,58285
4410,58332,58340
55168,58383,58387
121058,58414,58420
593800,58448,58454
181609,58492,58498
181613,58526,58536
55139,58576,58580
17729,58609,58619
86556,58642,58652
86560,58681,58689
195371,58712,58718
86560,58800,58808
76594,58873,58879
76607,58909,58913
86643,58945,58953
86698,58978,58986
1096,59119,59123
702555,59154,59164
6867,59188,59194
353108,59218,59228
301359,59272,59276
77000,59344,59354
683489,59379,59387
316872,59415,59423
301350,59445,59453
2807,59483,59491
57204,59557,59567
141404,59589,59595
147087,59621,59631
413753,59659,59667
144691,59694,59700
328039,59730,59736
144698,59769,59775
5165,59799,59809
351653,59837,59847
761485,59872,59878
80365,59905,59911
352064,59935,59945
149296,59967,59973
581084,59999,60005
110584,60036,60044
583041,60067,60075
911,60123,60133
697681,60154,60162
861618,60201,60207
307076,60237,60245
95383,60274,60282
252014,60426,60432
252012,60500,60510
640678,60531,60539
462744,60562,60568
689677,60609,60613
14138,60637,60647
351949,60671,60675
352151,60702,60710
57779,60734,60740
57794,60809,60817
56496,60861,60869
346706,60890,60900
4225,60920,60930
20414,60965,60969
57766,61021,61025
84829,61078,61082
56488,61107,61117
346757,61141,61147
270876,61173,61181
270886,61211,61219
20309,61245,61253
84967,61275,61283
346835,61308,61316
85010,61341,61351
20208,61379,61387
4733,61414,61422
353409,61452,61456
564074,61488,61496
564097,61558,61564
355846,61588,61594
354920,61626,61634
355899,61666,61674
590669,61698,61704
355362,61751,61757
419431,61780,61790
65590,61811,61821
419452,61850,61854
419448,61879,61885
683714,61911,61921
56989,61954,61960
79737,61990,61996
54530,62035,62043
286768,62070,62078
348101,62116,62124
348123,62176,62182
19724,62226,62230
56193,62256,62264
142855,62287,62293
344688,62341,62347
56844,62372,62380
345032,62407,62413
148020,62436,62444
19812,62468,62472
317714,62496,62504
345101,62530,62538
345116,62564,62572
56201,62597,62607
56042,62635,62639
682047,62663,62671
56076,62705,62713
350848,62746,62752
350842,62790,62798
762127,62821,62827
148848,62851,62857
346704,62887,62891
181487,62924,62932
55716,62961,62969
198875,62997,63007
531930,63031,63035
83593,63061,63065
86649,63110,63120
86661,63171,63179
86649,63231,63239
396388,63261,63269
86666,63316,63324
83593,63352,63358
195370,63384,63390
17726,63439,63445
810807,63467,63477
341907,63502,63512
8418,63533,63543
690676,63574,63584
914717,63606,63612
410563,63638,63642
434289,63677,63683
434264,63706,63716
484338,63757,63761
484345,63788,63794
54116,63827,63831
83686,63860,63868
338119,63917,63927
338378,63986,63996
54891,64092,64098
306410,64143,64149
338466,64175,64179
54122,64260,64270
287674,64322,64328
488329,64351,64359
564683,64381,64389
8116,67444,67448
488330,67476,67486
407664,67514,67520
287679,67560,67568
306032,67595,67601
654334,67630,67640
305222,67676,67684
276809,67787,67793
684020,67818,67826
305195,67848,67858
68781,67882,67888
53919,67917,67921
124875,67956,67962
147259,68007,68017
147258,68039,68047
15217,68076,68086
335372,68151,68161
15122,68204,68212
15138,68236,68242
15122,68277,68283
148211,68314,68322
690681,68358,68364
590896,68450,68460
314554,68493,68501
335376,68576,68584
54055,68611,68617
336091,68647,68657
54061,68680,68686
149385,68874,68878
149390,68936,68942
54043,68983,68991
335377,69013,69021
54585,69087,69095
590893,69125,69131
68733,69163,69171
336002,69904,69908
151111,69937,69943
57817,69984,69990
625703,70019,70025
53792,70051,70057
