145205,24895,24905
122589,24929,24935
122612,25048,25052
412718,25107,25117
98251,25139,25147
98254,25198,25204
2177,25227,25235
144674,25271,25279
2137,25347,25355
2128,25383,25389
2158,25415,25421
355703,25446,25450
355730,25476,25482
355741,25506,25512
354859,25535,25545
119964,25583,25591
252012,25614,25622
886615,25681,25689
330,25716,25722
1475,25747,25753
605399,25923,25927
338207,25951,25959
706338,26044,26048
707351,26078,26084
861898,26136,26144
538851,26293,26297
18569,26406,26414
378,26441,26447
20966,26473,26479
21021,26504,26510
7164,26535,26543
355485,26565,26573
7200,26604,26610
122357,26637,26647
17498,26677,26685
347458,26716,26724
116029,26759,26765
345251,26793,26799
13482,26827,26833
341762,26857,26867
20732,26891,26895
54827,26949,26953
54844,27032,27042
20783,27064,27074
20781,27096,27106
652052,27129,27137
15175,27158,27168
22875,27190,27196
22925,27236,27242
54718,27280,27286
17454,27310,27320
1807,27342,27350
167425,27379,27383
543543,27407,27417
120667,27447,27455
145461,27480,27486
886945,27522,27530
886946,27638,27642
145479,27671,27677
765273,27712,27716
120667,27756,27764
486236,27787,27793
710662,27822,27830
2658,27860,27868
148731,29586,29594
886878,29621,29629
334249,29664,29672
145495,31624,31632
120656,31655,31661
543694,31686,31692
54246,31717,31723
1807,31773,31781
68765,31846,31854
68770,31900,31906
4410,31969,31975
55168,32051,32055
121058,32125,32133
534221,32166,32174
685404,32245,32253
181609,32345,32353
338403,32374,32384
181609,32408,32414
181613,32498,32506
55128,32543,32551
55139,32620,32628
17727,32666,32674
17729,32702,32710
86598,32750,32758
86607,32783,32793
86560,32896,32904
76607,33181,33189
86643,33217,33223
545188,33248,33256
147736,33297,33307
372622,33335,33339
146737,33779,33785
5496,33811,33821
86633,33842,33852
396392,33877,33887
86661,33917,33925
86649,33947,33955
86666,33980,33986
76600,34010,34016
86661,34069,34073
86643,34099,34103
86661,34131,34137
86666,34161,34167
83593,34199,34205
195370,34232,34242
17712,34262,34272
17726,34294,34300
810807,34327,34333
181608,34357,34363
83680,34393,34401
76111,34426,34432
75995,34459,34467
68771,34520,34524
68779,34575,34583
68741,34612,34620
303687,34939,34947
335351,34971,34979
337866,35006,35014
335351,35049,35059
194205,35082,35088
1806,35144,35150
486157,35180,35190
167473,35217,35223
7189,35248,35254
486230,35281,35287
148721,35310,35320
148740,35343,35351
334245,35378,35384
334249,35417,35425
765272,37790,37800
486159,37822,37828
167288,37853,37859
167424,37882,37890
181614,37915,37923
120913,37948,37952
120917,37991,37997
68765,38037,38045
68770,38090,38094
4410,38144,38148
55168,38185,38193
121058,38228,38234
593800,38259,38265
181609,38303,38313
181613,38341,38349
55139,38383,38387
17728,38417,38427
86598,38455,38463
195371,38511,38519
350841,38901,38905
350847,38930,38938
56044,38965,38971
345145,38996,39000
56041,39031,39037
345123,39063,39067
346383,39099,39107
5812,39162,39172
80071,39196,39204
57440,39238,39244
345064,39284,39290
19797,39352,39360
19801,39404,39412
80067,39443,39451
148012,39479,39483
148014,39522,39530
345047,39575,39581
345040,39707,39713
345038,39739,39743
19746,39802,39806
19752,39889,39897
19760,39933,39939
273231,39965,39971
57109,39999,40003
1166,40028,40036
386906,40085,40095
85696,40118,40122
434638,40146,40154
392625,40177,40183
319773,40207,40213
392776,40236,40244
634042,40357,40363
385383,40420,40428
354977,40535,40545
354986,40568,40576
355060,40601,40605
149817,40633,40641
110780,40671,40681
355384,40703,40713
153403,40798,40802
153404,40891,40897
153399,40922,40930
150558,40955,40959
402347,40986,40990
690251,41013,41023
161064,41047,41053
688527,41080,41084
688524,41122,41132
147556,41178,41184
147559,41217,41227
344727,41297,41303
56192,41379,41389
142851,41416,41422
142855,41466,41474
344719,41512,41520
344688,41543,41553
56844,41589,41597
345037,41620,41626
19811,41650,41656
5840,41681,41687
184011,41718,41724
535042,41751,41755
345130,41793,41797
56043,41822,41828
56064,41856,41860
56070,41886,41892
152352,41920,41930
544226,41953,41959
683560,41992,42000
122572,42031,42041
6000,42116,42124
145104,42215,42219
122589,46135,46145
755921,46166,46174
98251,46200,46206
271339,46232,46240
147628,46270,46276
347436,46309,46315
655351,46348,46352
147802,46377,46383
353752,46430,46438
348409,46465,46473
353740,46494,46504
56023,46531,46539
204637,46586,46592
56010,46614,46624
56849,46655,46665
424596,46686,46694
547995,46717,46723
145575,46745,46755
257124,46888,46892
3214,46976,46984
318179,47098,47102
145672,47289,47295
318357,47320,47328
5115,47668,47678
538438,47705,47711
57142,47739,47743
487052,47771,47779
487033,47803,47807
56865,47832,47840
487033,47861,47871
289218,47914,47918
354208,47949,47953
19790,47979,47985
19805,48009,48015
148854,48042,48050
184011,48075,48081
535042,48105,48111
345130,48134,48142
56043,48189,48197
56069,48229,48233
80625,48262,48266
74235,48301,48311
74241,48333,48343
74193,48379,48385
74238,48411,48417
440859,48508,48514
74193,48551,48555
74241,48581,48589
74193,48619,48627
122531,48649,48657
122553,48719,48725
353747,48750,48754
6066,48782,48788
683560,48819,48827
543904,48854,48862
6000,48921,48931
145104,48979,48989
618391,59012,59020
5994,59043,59049
756122,59073,59081
756119,59165,59171
618396,59202,59210
402611,59246,59254
81745,59287,59293
351091,59318,59322
19675,59349,59355
56035,59386,59396
56041,59425,59431
535043,59458,59464
345117,59487,59495
5812,59527,59531
345084,59554,59564
19797,59589,59593
345040,59621,59631
19760,59665,59669
273227,59697,59703
564351,59851,59859
350057,59883,59891
5131,59914,59922
19745,59967,59975
345037,60005,60011
148011,60036,60042
5840,60074,60080
184011,60103,60111
345121,60132,60142
345130,60165,60171
56043,60214,60224
56069,60254,60262
350862,60285,60291
350848,60319,60325
350842,60358,60366
3260,60393,60397
19833,60424,60430
20931,60456,60464
20899,60501,60507
148883,60594,60600
6892,60625,60631
351387,60675,60681
813777,60705,60713
539726,60741,60751
57862,60803,60811
351573,60844,60848
80490,60942,60948
385,60985,60991
80389,61041,61049
289209,61073,61079
562048,61104,61112
7164,61143,61153
355485,61175,61183
148898,61211,61217
305497,61243,61247
533234,61273,61277
17104,61308,61318
16838,61356,61362
16842,61389,61399
542937,61423,61429
1955,61459,61465
4620,61489,61497
16830,61519,61527
17175,61555,61563
55664,61588,61594
55671,61633,61639
17250,61687,61693
341894,61721,61725
90641,61749,61757
342342,61779,61787
266862,61874,61880
344407,61907,61911
535107,61954,61958
535108,61998,62008
344400,62045,62049
344401,62083,62089
4078,62119,62127
342989,62159,62163
246052,62188,62194
530271,62216,62226
152735,62249,62255
315885,62284,62290
316369,62353,62357
530232,62383,62391
152753,62441,62449
530224,62473,62481
343065,62521,62525
341988,62552,62560
887300,62596,62600
344364,62627,62633
315917,62666,62672
4087,62710,62718
344393,62756,62766
4078,62788,62794
150443,62818,62824
159844,62850,62856
344399,62890,62900
316418,62922,62932
90643,62989,62995
90654,63024,63030
17290,63075,63081
74345,63152,63158
330135,63188,63198
91,63221,63229
267305,63258,63268
267118,63297,63301
744311,63333,63341
55654,63363,63371
13120,63399,63405
11730,63453,63459
530670,63485,63495
54345,63519,63527
268605,63552,63562
289786,63610,63618
15309,63660,63670
335585,63701,63709
144823,63744,63748
12447,63782,63792
15072,63817,63823
22934,63847,63853
54718,63897,63903
17454,63928,63934
120937,63960,63964
167425,63995,64005
167252,64028,64038
386212,64060,64066
386243,64092,64102
386242,64195,64203
543763,64225,64233
386242,64376,64380
543763,64404,64412
148721,64482,64488
536209,64628,64634
536211,64703,64711
2657,64765,64775
2658,64816,64824
2662,64918,64924
386242,64952,64958
416164,65006,65010
416177,65416,65424
148740,65445,65455
545198,65525,65535
545203,65586,65594
334246,65656,65664
545231,65704,65712
142836,65736,65742
334250,65770,65776
334253,65807,65811
167229,65834,65844
7186,65867,65873
15563,65917,65921
17451,65956,65962
6286,65995,66001
15033,66028,66034
15059,66104,66108
12437,66139,66149
12454,66175,66183
144826,66231,66239
144822,66358,66366
2943,66403,66411
152067,66529,66539
15307,66615,66623
15302,66651,66657
15304,66686,66694
55644,66762,66766
343530,66792,66802
12565,66876,66884
347624,66920,66926
11701,66956,66964
11725,66989,66993
276909,67017,67027
50509,67085,67093
832910,67120,67126
267283,67155,67163
341419,67187,67197
17213,67223,67233
55664,67261,67267
55671,67298,67304
17250,67349,67357
341894,67382,67390
90641,67420,67424
342342,67454,67458
4076,67518,67526
353236,67552,67558
57065,67580,67590
353184,67631,67637
353044,67711,67719
684519,67748,67756
308358,67778,67786
57064,67847,67853
317548,67923,67929
548402,67953,67959
353063,67982,67990
151537,68014,68022
147614,68060,68066
152530,68103,68107
349371,68132,68138
349319,68579,68587
332822,68610,68620
330207,68643,68653
317673,68712,68720
350590,68746,68754
686122,68780,68786
402119,69014,69022
402124,69094,69098
350695,69161,69169
121510,69216,69224
308329,69248,69258
308332,69314,69320
57057,69355,69361
4085,69414,69420
57075,69449,69459
581633,69489,69499
353237,69521,69529
4064,69581,69585
4104,69683,69687
341882,69746,69754
90644,69778,69782
341887,69807,69815
17290,69856,69864
74345,69928,69934
55660,69960,69966
91,69996,70006
267118,70054,70060
744311,70091,70101
13121,70132,70136
11680,70164,70172
11730,70207,70211
530670,70241,70247
256601,70273,70281
256641,70318,70322
289786,70353,70357
15309,70391,70397
335578,70428,70434
19598,70473,70481
651819,70504,70510
12441,70540,70548
22934,70594,70598
54718,70625,70629
6286,70653,70663
285,70699,70703
354039,70727,70735
144533,70761,70767
486230,70794,70802
148721,70825,70833
2662,70863,70867
144524,70900,70908
416164,70982,70988
710678,72192,72200
334142,72223,72233
486289,72254,72264
543694,72286,72294
7186,72320,72328
15563,72363,72371
17451,72394,72400
6286,72425,72431
15002,72474,72478
22910,72505,72513
683898,72535,72543
148283,72592,72600
22838,72625,72631
20633,72699,72709
651861,72738,72742
20706,72775,72785
345200,72812,72822
13475,72845,72853
345213,72878,72884
14216,72909,72915
345290,72943,72953
20242,72988,72992
345321,73018,73024
345402,73055,73063
55004,73094,73098
20367,73132,73140
56521,73168,73174
148930,73201,73209
57794,73244,73250
56496,73305,73311
56501,73345,73351
4242,73384,73392
546075,73424,73432
564376,73458,73462
110434,73521,73525
110436,73550,73558
737576,73581,73587
537129,73616,73620
352610,73646,73650
352606,73689,73693
182452,73723,73729
271056,74070,74078
1566,74102,74106
352088,74156,74166
402888,74193,74197
352122,74220,74230
146936,74256,74264
491715,74285,74295
2129,74365,74375
147249,74403,74407
343311,74432,74440
98231,74462,74470
311791,74502,74512
343403,74536,74542
55392,74577,74585
342871,74609,74615
71141,74655,74661
312136,74686,74692
2065,74715,74723
427907,75123,75129
193778,75153,75161
402596,75188,75198
101113,75224,75234
6064,75256,75262
544223,75298,75304
544220,75454,75462
544223,75487,75495
350891,75603,75607
544220,75842,75848
115784,76041,76051
149279,76080,76086
122589,76109,76117
6001,76141,76147
145104,76191,76197
618391,76321,76331
145104,76351,76361
145105,79924,79930
618391,79954,79960
145104,79983,79991
