57298,25591,25595
349066,25631,25635
350011,25676,25682
83438,25714,25720
332174,25774,25782
57325,28406,28414
332225,28443,28449
758689,28554,28562
83438,28623,28633
83447,28667,28671
3997,28699,28705
349361,28767,28771
350640,28808,28816
70547,28843,28847
150405,28877,28881
351581,28912,28922
152076,28950,28958
620142,28993,29001
351559,29132,29140
352006,29248,29254
151639,29402,29406
152077,29587,29593
152328,29623,29631
3935,29684,29692
812703,29715,29723
690848,29757,29767
352752,29791,29799
766737,29823,29827
57314,29886,29894
152169,29916,29924
571158,30442,30446
151589,30528,30532
152190,30584,30592
148952,30617,30621
150432,30676,30680
150401,30718,30726
56825,30750,30754
620142,30799,30805
351556,30882,30890
152077,30989,30995
351584,31020,31030
150431,31053,31063
197979,31088,31092
70469,31123,31127
70506,31152,31158
351659,31185,31195
351679,31219,31227
70347,31274,31284
351689,31309,31313
84444,31343,31351
75855,31382,31392
57081,31418,31428
150,31458,31466
180,31513,31517
218,31548,31554
652056,31582,31588
84186,31615,31623
3112,31650,31658
3033,31685,31693
338034,31725,31731
576535,31754,31762
403029,31794,31802
640300,31827,31833
191737,31878,31884
403037,32079,32085
3050,32110,32118
236038,32143,32149
536008,32301,32305
236038,32328,32338
3050,32361,32367
570628,32390,32400
549347,32420,32430
181484,32453,32461
3381,32482,32492
5249,32523,32529
55308,32554,32560
328841,32586,32592
535399,32615,32623
373084,32644,32654
741639,32676,32684
536239,32716,32724
324737,32751,32759
146816,32788,32792
346902,32825,32831
20239,32855,32861
84970,32884,32892
544250,32914,32922
20310,32945,32951
349287,32974,32982
20317,33018,33024
344818,33054,33060
79832,33091,33095
79739,33120,33126
19745,33151,33155
57429,33196,33204
148011,33232,33240
5840,33275,33283
184011,33315,33321
345121,33349,33353
345130,33402,33406
56042,33496,33500
56043,33527,33535
345143,33580,33586
56064,33610,33620
56069,33650,33656
56076,33746,33754
350848,33827,33835
350842,33873,33881
3260,33913,33921
327992,33952,33962
3251,34018,34026
80658,34049,34057
3230,34085,34091
350266,34117,34127
545498,34151,34159
401429,34308,34312
195219,34339,34345
402496,34369,34375
2015,34403,34409
110648,34436,34440
7108,34470,34476
350786,34508,34514
20899,34538,34546
262,34624,34630
146838,34656,34662
696905,34689,34699
435698,34721,34727
21018,34751,34761
7164,34792,34796
14268,34825,34833
305492,34857,34863
17110,34886,34896
533071,34920,34926
17104,34955,34961
254973,34986,34994
542937,35018,35028
541966,35049,35057
995136,35078,35088
16830,35120,35128
17175,35158,35162
55664,35196,35200
55671,35225,35231
17260,35264,35272
348241,35297,35305
17307,35335,35339
17317,35376,35384
351024,35410,35420
351007,35462,35468
551475,35504,35508
17399,35533,35539
70309,35564,35568
3778,35610,35620
152160,35640,35650
70470,35715,35719
152167,35745,35755
56825,35776,35786
620142,35824,35832
621807,36144,36152
352433,36189,36193
329034,36226,36230
421556,36254,36264
352538,36286,36294
152176,36318,36322
151604,36355,36365
273727,36430,36434
273741,36476,36480
545422,36505,36515
191295,36562,36566
350993,36591,36597
351003,36627,36631
120848,36666,36674
120846,36697,36703
17300,36734,36742
17264,36767,36777
74346,36805,36809
74345,36835,36843
55660,36868,36876
91,36966,36976
267118,37025,37033
744311,37060,37066
13121,37096,37102
11680,37125,37133
11730,37171,37175
530670,37207,37213
256601,37238,37248
256641,37281,37289
289786,37318,37324
15309,37365,37375
335585,37409,37419
123780,37459,37467
335595,37493,37499
567514,37541,37547
147386,37579,37585
67643,37615,37625
336019,37650,37660
273842,38556,38560
568390,38598,38602
151285,38627,38633
151180,38683,38689
315259,38719,38725
336050,38755,38761
150492,38802,38808
54062,38863,38869
336072,38896,38904
336080,38930,38936
54583,38968,38974
315324,41442,41450
55653,41472,41482
402401,41502,41512
683953,41544,41552
335377,41581,41585
314549,41618,41624
335376,41648,41654
336361,41682,41686
315385,41798,41804
648208,41827,41835
407654,41857,41865
151129,41889,41895
335449,41959,41967
151161,42001,42005
149334,42070,42074
126248,42111,42115
542487,42148,42156
142429,42184,42194
122099,42230,42236
15326,42260,42270
12866,42372,42378
344520,42402,42410
12952,42447,42451
54025,42478,42484
654785,42517,42523
17109,42552,42558
355473,42584,42588
355478,42613,42619
355482,42651,42657
21019,42688,42696
164085,42726,42734
20967,42764,42770
271,42802,42810
538854,42841,42849
605774,42871,42879
307073,42906,42910
352,42976,42984
652161,43011,43017
19943,43051,43055
350719,43273,43281
308052,43314,43324
262296,43349,43355
543409,43378,43386
421442,43410,43414
421438,43445,43451
430510,43484,43490
354833,43521,43525
350919,43551,43557
316402,43593,43601
922,43626,43632
354857,43657,43665
354889,43693,43701
934,43765,43773
82649,43805,43809
610834,43934,43940
124049,43967,43977
569614,44005,44011
95376,44037,44041
252014,44067,44073
540279,44099,44105
17739,44128,44136
642583,44161,44169
538837,44195,44201
18549,44237,44241
6381,44344,44350
538918,44379,44387
547866,44411,44417
538781,44444,44450
343702,44478,44484
343714,44513,44517
56868,44557,44565
18580,44593,44597
696925,44627,44633
354932,44658,44664
611908,44691,44699
203468,44723,44731
354890,44756,44762
354850,44793,44799
610834,44843,44849
82664,44871,44881
354859,44965,44971
119964,45007,45013
95383,45043,45047
252014,45071,45079
109391,45108,45114
640678,45143,45149
462744,45174,45182
689677,45216,45222
14138,45245,45253
119111,45285,45295
352161,45318,45322
6113,45345,45355
56517,45376,45384
148923,45422,45428
148915,45453,45461
56522,45486,45496
20376,45521,45527
345403,45556,45562
345302,45590,45596
347458,45622,45626
116029,45663,45669
20745,45702,45708
651832,45733,45741
690772,45768,45774
340228,45800,45808
55709,45831,45841
278736,45872,45882
147748,45905,45909
540310,45933,45941
122844,45977,45987
339115,46019,46025
369375,46065,46073
253902,46106,46112
535840,46146,46152
341282,46221,46231
57712,46256,46262
23043,46288,46294
87581,46362,46370
22997,46393,46403
23015,46446,46454
341586,46484,46494
122084,46536,46540
335937,46569,46575
581779,46605,46611
335443,46649,46657
342449,46681,46691
335520,46737,46743
342090,46766,46774
336187,46798,46802
335520,46828,46834
151132,46862,46870
335423,46899,46907
335382,46952,46958
990914,49171,49181
55652,49233,49241
149354,49295,49303
335671,49329,49335
148305,49371,49377
567514,49401,49407
147386,49437,49447
336019,49471,49479
568170,49505,49509
801522,49536,49542
801521,49572,49578
117588,49602,49610
639557,49634,49638
151289,49839,49843
336656,49898,49904
321269,49929,49935
151289,49964,49972
336559,50007,50015
655707,50054,50060
144826,50085,50089
144822,50133,50137
2943,50162,50168
152067,50191,50201
15307,50261,50265
54358,50295,50303
12558,50327,50333
347624,50363,50369
55943,50397,50405
13117,50435,50445
50509,50479,50489
832910,50512,50520
267283,50546,50554
341419,50580,50590
17213,50621,50629
55664,50656,50662
55671,50689,50697
17260,50732,50740
348241,50766,50770
17307,50806,50814
17317,50852,50862
351024,50884,50892
351007,50920,50926
4028,50948,50958
17396,50984,50992
70352,51021,51025
70312,51052,51058
3778,51083,51091
654170,51119,51127
351615,51154,51158
655779,51184,51190
352533,51222,51228
57315,51298,51306
352772,51381,51385
564706,51447,51455
564709,51478,51484
564356,51517,51523
487291,55930,55936
404337,56040,56046
564604,56089,56095
298232,56120,56126
330089,56149,56157
564712,56189,56199
635480,56220,56228
70090,56253,56259
70397,56283,56289
148675,56313,56321
750926,56345,56349
151569,56374,56380
849651,56436,56444
3957,56497,56507
849651,56528,56536
151561,56564,56570
152130,56607,56615
57256,56644,56650
57243,56691,56697
57250,56729,56735
84438,56762,56770
75856,56793,56799
202258,56829,56837
75846,56867,56873
535056,56906,56914
650493,56936,56944
976,56974,56980
84692,57012,57018
151826,57045,57051
593406,57078,57082
20432,57114,57120
57752,57178,57184
20407,57212,57216
20418,57262,57270
20234,57302,57310
20238,57353,57361
81627,57408,57414
113110,57437,57445
345504,57533,57539
5154,57572,57576
198906,57608,57618
352158,57654,57660
352144,57693,57699
151860,57727,57735
540615,57759,57767
539472,57790,57796
539500,57825,57831
196217,57859,57863
15,57934,57940
148591,57975,57979
764505,58021,58027
661766,58212,58218
307475,58259,58265
343706,58289,58295
14062,58318,58326
18550,58362,58368
75258,58403,58411
56513,58473,58481
421456,58511,58517
651143,58543,58547
122295,58580,58584
349821,58611,58615
13729,58638,58648
650521,59872,59880
344733,59903,59911
352208,59934,59942
344733,59965,59973
741426,60089,60093
5698,60120,60126
351053,60155,60159
551532,60185,60193
479445,60222,60228
80004,60274,60280
143925,60304,60312
587547,60338,60346
541069,60369,60375
573529,60402,60408
303761,60465,60469
539315,60494,60500
419471,60535,60543
270692,60572,60578
56600,60629,60635
4572,60666,60674
7210,60715,60723
7217,60748,60756
265,60778,60786
538854,60810,60818
461408,60851,60855
338205,60883,60887
353903,60926,60934
18208,61019,61029
338211,61060,61068
338225,61099,61107
15658,61130,61140
652300,61162,61172
338246,61204,61212
109480,61241,61245
901,61278,61286
54438,61331,61335
9001,61361,61365
181472,61395,61399
355505,61423,61431
888324,61460,61468
289209,61491,61497
540916,61521,61527
7164,61555,61565
652065,61590,61596
355472,61625,61629
198024,61654,61664
346200,61687,61695
83616,61726,61734
1294,61760,61764
1312,61788,61796
353639,61819,61827
372453,61850,61856
655437,61880,61890
402913,61930,61936
372436,62039,62045
353635,62072,62076
14297,62104,62110
14304,62143,62147
54742,62176,62184
17470,62221,62225
198038,62253,62259
17112,62292,62300
533070,62323,62329
254973,62384,62388
16842,62423,62427
534192,62482,62492
122435,62513,62523
16824,62551,62559
545420,62580,62590
126,62631,62641
191329,62665,62669
55671,62710,62720
17260,62770,62778
348241,62805,62811
17308,62839,62847
17317,62892,62898
351028,62924,62932
351004,62958,62964
551475,63005,63015
17398,63043,63051
556678,63075,63083
3778,63141,63149
152104,63198,63204
70505,63228,63234
352336,63257,63265
197892,63297,63301
369592,63328,63334
352728,63369,63377
352894,63413,63421
352902,63448,63456
816232,63509,63515
756482,63575,63583
619915,68176,68184
151561,68209,68215
352709,70473,70479
684555,70503,70511
148684,70568,70576
586225,70607,70615
3633,70638,70646
152148,70690,70698
115997,70721,70727
3655,70808,70814
110238,70899,70903
349066,70927,70935
110238,70957,70965
350011,71206,71210
562210,71236,71244
488370,71279,71287
3700,72300,72308
586224,72329,72339
581423,72366,72372
564356,72400,72410
487291,72464,72474
641858,72503,72509
654853,72532,72540
330089,72564,72572
57321,72605,72613
488370,72645,72651
546825,72688,72696
70095,72717,72727
148665,72749,72757
148675,72781,72789
151574,72811,72819
619896,72848,72854
619915,72880,72886
756466,72912,72916
152101,72974,72982
327696,73004,73012
581694,73051,73055
152160,73088,73092
352331,73117,73123
352531,73157,73165
3690,73212,73220
581679,73244,73250
3628,73274,73284
148676,73305,73313
3633,73337,73345
115997,73373,73379
3673,73416,73422
84708,73546,73552
84710,73576,73586
332718,73608,73614
349052,73639,73647
459863,73674,73682
148665,73729,73737
349517,73789,73793
750926,73826,73832
70045,73855,73863
151561,73909,73913
152095,73945,73951
603041,73974,73982
403358,74023,74027
581695,74052,74060
151557,74119,74127
4015,74158,74166
191308,74218,74226
151585,74249,74257
3944,74304,74308
17392,74341,74345
191295,74376,74386
350993,74409,74413
351003,74453,74461
120848,74497,74505
17124,75045,75051
17134,75124,75134
149261,75157,75163
391978,75232,75240
391975,75310,75316
269242,75533,75539
391975,75652,75660
269220,75700,75706
150913,75739,75749
1312,75784,75788
151300,75830,75838
55017,75862,75870
463570,75893,75899
83719,77375,77383
353640,77405,77413
115325,77449,77457
115391,77490,77494
346271,77519,77525
14297,77548,77556
54740,77590,77600
345324,77622,77630
17498,77659,77665
347458,77691,77697
116029,77728,77734
345252,77758,77764
13482,77792,77802
341762,77848,77852
20707,77877,77885
20717,77913,77919
337010,77942,77950
337011,77978,77982
690568,78011,78017
652175,78041,78049
337025,78085,78091
543471,78115,78123
4359,78181,78187
408943,78292,78302
289484,78326,78334
54613,78367,78371
308108,78407,78417
571215,78441,78447
484387,78476,78480
306707,78504,78512
336951,78542,78548
225496,78627,78637
2598,78659,78669
76139,78691,78697
286485,79082,79088
121083,79130,79138
149189,79192,79196
19491,79225,79233
19509,79268,79272
55135,79300,79308
17727,79343,79353
86598,79381,79387
23320,79422,79428
55103,79452,79462
80738,79482,79492
23138,79517,79525
754,79547,79555
745,79590,79596
119986,79624,79630
147715,79662,79666
54427,79694,79700
347449,79755,79759
54603,79783,79791
1097,79841,79845
674,79878,79886
402542,79911,79919
57818,79945,79953
147253,79988,79994
538258,80026,80036
655414,80065,80075
693879,80106,80112
611268,80202,80212
147513,80236,80240
146838,80277,80287
654659,80309,80315
357179,80342,80350
430302,80373,80381
349,80404,80410
39,80433,80443
546339,80465,80473
542162,80499,80509
351839,80532,80540
351961,80561,80571
308051,80623,80631
17521,80653,80663
206298,80692,80700
351478,80736,80744
20856,80770,80780
849018,80839,80845
6890,80869,80875
1030,80899,80907
316873,80935,80945
342287,81236,81240
316873,81277,81285
316879,81312,81320
5526,81395,81403
690802,81927,81935
301375,82018,82026
55155,82057,82063
5568,82103,82113
6579,82136,82142
543826,82164,82174
346092,82224,82232
198827,82266,82274
341925,82298,82306
80750,82331,82339
303369,82365,82375
55090,82400,82408
56620,82467,82475
841,82499,82507
1671,82531,82539
768270,82563,82569
5707,82597,82601
21085,82626,82632
541384,82660,82670
181361,82717,82723
20991,82750,82754
20982,83040,83046
573214,83077,83083
21011,83106,83114
541385,83138,83144
20986,83170,83176
352320,83199,83207
122256,83237,83245
20942,83268,83276
20943,83301,83307
886515,83330,83338
351798,83359,83369
5719,83390,83398
538854,83423,83427
80423,83460,83464
338205,83512,83520
690670,83544,83550
353903,83578,83582
18220,83707,83715
751063,83763,83769
338225,83798,83806
21364,83832,83840
652300,83871,83877
338246,83921,83931
9814,83958,83962
55146,83998,84006
147715,84047,84051
645,84076,84082
542490,84106,84114
55099,84136,84146
695823,84168,84174
331724,84196,84206
348722,84490,84498
152589,84533,84537
546779,84569,84575
348456,84625,84635
20797,84664,84670
754,84715,84719
55095,84746,84754
277848,84777,84785
558700,84812,84818
54617,84851,84859
460861,84888,84898
349563,84920,84930
20943,84959,84967
5708,84989,84999
146658,85023,85027
1477,85057,85063
108936,85086,85094
109174,85117,85125
887852,85148,85154
271462,85176,85186
75221,85210,85214
661424,85246,85256
698915,85966,85970
6374,85994,86002
167951,86117,86123
1469,86261,86271
338211,86294,86304
15658,86325,86333
353866,86356,86364
