582250,26373,26381
453990,26623,26633
144568,26687,26693
655955,26731,26735
334989,26772,26780
151060,26810,26818
147327,26851,26857
147299,26892,26896
126439,26926,26934
651043,26965,26969
335544,27014,27022
335505,27071,27079
335504,27105,27109
590840,27140,27144
335933,27167,27177
126254,27225,27233
335933,27257,27261
126238,27292,27298
542487,27324,27332
379921,27357,27361
336331,27389,27397
2841,27474,27482
338719,27508,27512
20633,27559,27567
54863,27597,27605
532129,27630,27640
532132,27684,27694
54864,27725,27729
20705,27784,27790
20706,27900,27906
20734,27971,27979
345200,28042,28048
5606,28071,28079
5610,28106,28110
484298,28140,28146
323531,28174,28182
75440,28212,28218
255746,28245,28253
323516,28280,28286
684310,28309,28317
308226,28339,28347
339653,28370,28376
693671,28402,28410
538368,28448,28456
684342,28506,28514
339671,28537,28545
54909,28567,28575
340791,28600,28604
7556,28630,28638
276904,28717,28725
2394,28749,28753
311395,28779,28785
181609,28847,28857
181613,28895,28901
55139,28950,28958
17728,28988,28996
86598,29036,29046
86560,29105,29111
195371,29134,29144
86560,29290,29296
76594,29331,29339
76607,29367,29373
86643,29406,29412
86660,29438,29448
80737,29484,29492
80663,29527,29537
19839,29570,29576
350820,29611,29621
350823,29646,29654
350841,29731,29739
350847,29777,29785
56044,29816,29822
345145,29851,29859
56041,29890,29900
56194,29926,29934
184006,29974,29982
345119,30007,30017
5812,30043,30049
148024,30087,30095
345065,30118,30124
19797,30155,30161
345047,30188,30196
345019,30224,30232
344687,30294,30300
344685,30325,30333
344715,30363,30369
344722,30394,30400
56178,30435,30441
79310,30485,30493
688517,30520,30526
147010,30564,30570
355333,30599,30605
355370,30673,30679
696374,30788,30798
688523,30820,30828
355335,30850,30858
84882,30891,30895
537740,30934,30942
110788,30975,30981
370941,31005,31011
571243,31047,31057
571236,31086,31094
571234,31176,31182
74119,31205,31213
571234,31261,31267
372405,31301,31309
56257,31337,31341
352786,31372,31378
56257,31426,31434
537778,31457,31463
56269,31501,31505
572164,31542,31550
73374,31574,31580
84887,31609,31615
84919,31647,31655
20296,31689,31693
147091,31727,31735
164091,31771,31779
537281,31801,31809
20453,31846,31856
84829,31882,31888
159278,31910,31920
20432,31951,31959
57752,32011,32019
20407,32042,32048
20418,32085,32093
20238,32129,32137
81627,32191,32199
113110,32246,32254
345504,32301,32309
20405,32339,32343
198906,32413,32421
352164,32443,32451
352158,32480,32484
151860,32519,32523
539474,32552,32560
683476,32584,32590
1672,32626,32634
349644,32659,32665
20944,32690,32700
265,32724,32730
576829,32754,32760
388380,32864,32868
534521,32934,32944
21364,32968,32976
338249,32999,33007
109475,33085,33093
824322,33117,33125
824317,33148,33156
338167,33208,33214
730,33256,33262
9814,33318,33324
82671,33348,33356
649718,33378,33386
147715,33410,33414
143202,33444,33454
54429,33475,33483
721,33538,33546
147715,33657,33665
745,33691,33697
148190,33719,33729
534477,33778,33786
695593,33828,33832
254118,33863,33867
556973,33893,33899
57869,33924,33928
541741,33954,33960
1488,34045,34055
540309,34084,34094
347148,34124,34130
57840,34170,34176
12964,34199,34209
534627,34234,34242
12964,34272,34280
4530,34308,34314
350287,34356,34362
321459,34385,34393
354591,34419,34423
354817,34446,34456
54257,34505,34509
354620,34536,34540
201095,34567,34575
201118,34621,34625
201148,34802,34806
86819,34843,34853
201122,34877,34881
201133,34906,34912
354232,34935,34943
354245,34969,34975
146745,35002,35006
351154,35030,35038
354817,35074,35078
531905,35124,35134
7217,35170,35178
18579,35203,35209
270692,35233,35239
271,35265,35271
397,35299,35303
355,35338,35348
374,35530,35536
148873,35582,35586
351560,35610,35618
23158,35730,35736
693142,35763,35771
23153,35795,35803
812014,35826,35832
540681,35856,35864
690802,35899,35905
301375,35954,35960
345862,36084,36092
15877,36114,36124
339,36163,36171
23450,36195,36201
542572,36229,36235
148799,36262,36272
80238,36300,36304
559801,36329,36339
354755,36363,36369
337099,36394,36398
319661,36951,36961
563659,36983,36991
698561,37015,37019
151509,37044,37052
563659,37076,37082
267454,37112,37122
343976,37145,37151
476108,37205,37213
277673,37237,37243
55142,37267,37275
15883,37299,37307
683906,37331,37335
1384,37393,37399
5565,37432,37436
750777,37459,37469
1090,37496,37500
147736,37537,37543
5501,37566,37574
144589,37597,37603
410434,37626,37634
110216,37665,37673
80725,37698,37704
19839,37738,37746
350821,37784,37790
350841,37842,37850
350847,37877,37883
19659,37913,37917
56035,37942,37950
144590,37975,37979
345123,38002,38012
346383,38033,38041
345077,38065,38069
19797,38098,38108
148014,38134,38142
345019,38170,38176
344685,38203,38207
142850,38234,38242
19705,38269,38273
56986,38298,38304
146944,38337,38341
348065,38373,38377
79306,38411,38415
19917,38447,38453
19906,38478,38486
19905,38522,38528
20003,38558,38564
147829,38683,38693
147834,38797,38803
452193,38826,38836
684990,38859,38865
349987,38890,38898
637053,39137,39145
11123,39207,39215
75729,39373,39381
5333,39407,39417
75688,39454,39458
536284,39490,39498
299632,39533,39543
5084,39563,39573
75689,39596,39604
57671,39628,39638
75673,39669,39673
442609,39704,39712
147237,39733,39743
273513,39764,39774
5035,39796,39802
147934,39855,39865
57032,39886,39896
534713,39926,39932
57039,39996,40000
20145,40042,40048
197759,40080,40086
347042,40530,40536
20174,40677,40687
20177,40716,40726
351235,40765,40773
351147,42112,42120
323493,42143,42153
159481,42190,42198
270743,42243,42251
159481,42658,42662
407305,42715,42723
20091,42747,42755
351179,42794,42800
20216,42837,42845
546030,42869,42875
4798,42908,42916
198071,42981,42987
73449,43014,43018
20241,43045,43053
84919,43092,43098
20300,43125,43133
164070,43232,43238
55762,43278,43286
538651,43316,43322
205233,43407,43413
407538,43450,43458
396980,43488,43492
322667,43520,43526
407550,43567,43577
3403,43599,43605
323866,43628,43636
56936,43665,43671
57406,43702,43710
55321,43735,43741
85779,43778,43788
119768,43812,43818
118976,43925,43933
150319,43967,43973
56974,43998,44004
325420,44032,44042
119008,44065,44073
151806,44096,44106
119059,44128,44136
151793,44162,44170
146816,44213,44221
346902,44249,44257
20241,44285,44289
84919,44329,44335
20310,44372,44380
270875,44404,44408
164091,44434,44442
537281,44467,44475
20453,44513,44517
84829,44546,44552
159278,44578,44586
20432,44615,44619
57752,44671,44675
116446,44704,44710
20418,44736,44742
345507,44766,44774
113110,44812,44820
56517,44866,44872
4688,44900,44906
20376,44939,44947
147095,44978,44986
54742,45008,45018
345302,45049,45057
17501,45080,45086
347457,45110,45116
116029,45141,45147
345245,45172,45176
651832,45201,45211
683618,45233,45239
5594,45296,45302
5598,45329,45335
13497,45371,45377
323524,45402,45408
191071,45432,45440
54403,45480,45486
161312,45515,45525
313979,45557,45565
484301,45587,45597
693852,45655,45665
693853,45689,45695
693850,45726,45732
693903,45755,45763
7705,45785,45793
7703,45818,45824
191066,45883,45887
323938,45910,45920
323930,45967,45977
71738,46007,46013
348168,46064,46072
339675,46095,46101
7923,46739,46745
323524,46770,46774
539447,46800,46808
56154,46832,46842
323939,46866,46872
54152,46897,46901
534529,46957,46961
690573,46985,46993
110074,47014,47024
212172,47047,47053
652283,47076,47084
701582,47115,47123
4489,47147,47151
402636,47191,47197
343438,47222,47228
343430,47256,47262
343431,47301,47311
313899,47337,47345
484333,47371,47379
612828,47402,47408
694507,47431,47439
539311,47511,47519
7700,47547,47557
54108,47589,47597
191066,47631,47637
606,47693,47697
534529,47727,47735
534530,47763,47769
337024,47818,47826
489478,47871,47877
690570,47921,47931
71827,47955,47961
414667,48015,48023
286680,48051,48059
56167,48084,48092
310251,48116,48120
159867,48146,48150
71827,48192,48202
337025,48241,48245
4366,48271,48277
287286,48311,48321
54883,48346,48356
694847,48379,48383
341182,48411,48417
695025,48441,48449
339288,48475,48479
54879,48510,48516
534993,48549,48553
419598,48580,48586
419603,48609,48619
57706,48639,48649
339293,48677,48681
308227,48731,48735
21293,48762,48772
690247,48794,48802
694272,48827,48837
21234,48896,48906
55077,48926,48936
7415,48960,48964
148342,49038,49042
53950,49069,49075
436,49106,49112
275823,49138,49144
1488,49173,49181
321626,49220,49226
538986,49249,49259
54083,49306,49312
690262,49405,49415
683904,49438,49444
56728,49486,49494
1486,49520,49530
1489,49578,49582
1456,49608,49616
12982,49638,49648
287720,49699,49705
54495,49754,49762
388592,49785,49791
54505,49819,49827
147710,49912,49920
54495,50029,50033
54502,50059,50069
54505,50093,50099
542266,50214,50224
542268,50309,50313
4530,50341,50351
350287,50381,50389
56680,50437,50443
54749,50486,50492
147683,50529,50539
56783,50574,50580
323728,50629,50639
466596,50667,50671
339276,50699,50703
482653,50730,50740
568,50838,50844
332623,50867,50877
343233,50901,50907
343239,50933,50939
410453,50967,50975
13204,51025,51033
339807,51061,51067
340020,51102,51106
55624,51132,51142
13200,51170,51174
531927,51204,51214
533450,51237,51241
308597,51417,51423
307985,51447,51453
1898,51477,51483
56542,51595,51605
545599,51627,51633
339563,51658,51662
339571,51697,51707
55539,51730,51736
55578,51763,51773
339578,51801,51809
300221,51830,51840
300228,51897,51905
246111,51952,51956
690616,51984,51988
16788,52023,52031
341442,52059,52063
2766,52097,52103
148831,52129,52135
348834,52177,52183
2323,52208,52218
533424,52254,52258
54372,52286,52290
16582,52316,52322
16585,52350,52354
348648,52383,52387
346759,52438,52442
290844,52469,52479
536484,52500,52508
538620,52536,52542
538767,56927,56937
346652,57037,57043
290869,57069,57077
290863,59562,59570
75400,59600,59606
539650,59662,59668
224183,59692,59698
431242,59725,59731
347211,59785,59793
2231,59824,59832
2223,59856,59860
540229,59885,59893
354461,59917,59921
354445,59951,59961
1573,59982,59990
354445,60013,60019
354364,60044,60050
538338,60072,60082
1621,60121,60129
1588,60193,60201
536181,60288,60292
254790,60542,60550
536181,60876,60886
17737,60909,60913
120521,60974,60980
1586,61004,61012
629512,61036,61042
354343,61071,61079
81556,61102,61108
184080,61137,61145
354382,61171,61177
354407,61201,61207
113904,61230,61240
16956,61276,61284
534640,61306,61314
122678,61343,61353
348761,61386,61396
354301,61429,61437
17075,61461,61471
151297,61495,61501
55017,61535,61539
264565,61569,61577
689575,61610,61618
115372,61725,61731
814968,61754,61764
689056,61800,61808
625831,61842,61848
430044,61873,61883
160574,61937,61947
148073,61969,61975
1314,62016,62024
575491,62057,62061
201194,62316,62322
651692,62346,62354
115296,62418,62428
556918,62456,62466
54988,62491,62497
256728,62525,62531
354465,62557,62567
16956,62591,62601
354441,62627,62635
354425,62657,62667
690370,62692,62700
1573,62728,62736
1602,62761,62765
1623,62810,62816
342745,62841,62851
115953,62873,62881
408,62908,62914
97522,62938,62946
98231,62968,62976
55375,62999,63007
311791,63032,63042
343403,63070,63074
343404,63110,63118
55397,63143,63151
682279,63178,63186
541489,63219,63229
19685,63277,63283
402478,63321,63325
354021,63349,63357
148705,63396,63404
143782,63437,63441
143788,63486,63494
143771,63523,63527
338,63555,63559
756022,63590,63598
353976,63624,63632
546549,63663,63669
353977,63695,63703
345208,63732,63738
5748,63783,63789
19679,63817,63825
353747,63855,63859
122546,63886,63894
343201,63928,63934
402611,63979,63987
6011,64010,64020
6014,64049,64055
6071,64085,64093
98234,64120,64128
144674,64161,64167
98249,64194,64200
343537,64222,64232
342731,64255,64263
120521,64286,64292
354335,64318,64324
354360,64348,64356
1547,64382,64388
354380,64420,64424
354422,64447,64457
354437,64485,64493
1553,64518,64526
16907,64559,64567
17002,64602,64610
17009,64638,64644
533485,64670,64674
54420,64707,64715
77047,64742,64746
1369,64772,64778
1380,64803,64811
440309,64856,64866
246114,64894,64900
344789,64936,64942
534871,64968,64976
534444,65013,65019
347936,65044,65048
533247,65077,65085
305137,65109,65117
54376,65142,65148
2293,65191,65199
54981,65223,65231
533424,65259,65269
348857,65310,65320
538795,65343,65349
402790,65382,65388
150714,65442,65446
480,65472,65480
16725,65516,65524
347950,65557,65565
150400,65616,65626
402720,65647,65657
348717,65678,65686
349763,65719,65727
349771,65756,65762
206443,65808,65814
420024,65865,65871
349789,65914,65922
349795,65948,65956
349815,65981,65987
349814,66022,66030
308319,66053,66061
353182,66088,66092
353186,66128,66136
353044,66230,66238
57077,66261,66269
346367,66293,66301
344294,66341,66349
57064,66393,66401
530310,66435,66443
654844,66476,66482
570718,66508,66514
353063,66541,66551
83366,66585,66591
147655,66786,66790
572645,66832,66836
85636,66860,66868
4155,66951,66957
152595,66982,66988
654844,67054,67064
570717,67087,67095
570722,67137,67145
530314,67184,67190
547959,67214,67222
121510,67302,67312
880677,67360,67368
880676,67390,67398
308332,67467,67471
346361,67514,67522
346370,67556,67560
57075,67593,67601
581633,67634,67640
4060,67669,67675
4064,67712,67718
4076,67748,67754
4104,67798,67806
341882,67832,67840
90644,67863,67871
341887,67892,67902
17290,67942,67952
74345,68021,68025
330135,68056,68062
92,68107,68115
152789,68147,68151
341437,68181,68189
16835,68214,68218
16777,68250,68258
16788,68281,68289
341443,68322,68332
254975,68353,68361
148861,68386,68390
341451,68417,68423
17109,68449,68457
355473,68483,68487
7203,68512,68518
355479,68546,68550
907297,68578,68584
164085,68620,68626
7217,68670,68676
122254,68726,68730
20953,68789,68797
147719,68819,68829
182280,68852,68860
182324,68882,68890
1669,68935,68941
12921,68979,68985
821404,69025,69033
546694,69071,69077
9803,69118,69122
21102,69148,69154
648168,69191,69199
350422,69233,69241
153757,69267,69271
842,69312,69318
148255,69343,69349
353547,69376,69382
611687,69444,69448
339198,69474,69482
431468,69505,69513
888,69568,69576
55285,69604,69614
54438,69704,69712
683431,69735,69743
400815,69771,69777
902,69803,69811
602616,69839,69843
1465,69885,69891
908,69954,69962
741290,69990,69994
1473,70064,70070
538998,70100,70110
605768,70304,70314
353877,70458,70464
763928,70488,70496
538849,70520,70524
1482,70547,70557
351785,70578,70586
351787,70610,70614
810291,70667,70671
351729,70707,70715
56514,70739,70747
256548,70851,70855
351891,70938,70944
24,70975,70985
351839,71018,71026
55749,71058,71064
351961,71087,71095
861529,71122,71126
651674,71150,71158
206386,71235,71243
87162,72356,72360
57597,72391,72401
6994,72424,72428
147083,72455,72463
141424,72499,72507
143179,72532,72540
55721,72563,72569
301360,72650,72658
463177,72680,72688
5501,72711,72719
760681,72740,72750
760678,72773,72777
341860,72807,72811
206381,72838,72844
758134,72873,72877
119322,72914,72920
342602,72949,72955
76625,72999,73003
21784,73034,73040
707532,73099,73109
385004,73153,73163
487936,73207,73217
120705,73285,73291
384847,73345,73351
152436,73954,73964
385707,74282,74292
385721,74315,74325
21851,74360,74368
152446,74393,74403
343764,74436,74444
681790,74467,74475
286654,74521,74527
551539,74553,74559
55443,74586,74592
333666,74626,74630
80662,74654,74662
106,74699,74703
54556,74769,74775
86627,74805,74809
396396,74843,74851
86672,74883,74893
86673,74914,74922
86672,74974,74982
86673,75005,75011
86672,75066,75070
86661,75099,75105
83586,75153,75157
195352,75185,75189
17711,75216,75220
17726,75245,75251
810807,75281,75287
4454,75321,75329
341907,75355,75361
593797,75396,75402
121064,75425,75435
121030,75466,75474
336955,75500,75508
75995,75534,75542
68771,75609,75615
68779,75658,75664
120914,75708,75716
286,75739,75747
167473,75778,75786
7192,75808,75816
145417,75840,75848
686150,75880,75886
145455,76038,76048
144504,76079,76087
181618,76117,76125
181617,76151,76157
116808,76184,76190
15563,76249,76253
17451,76288,76296
6297,76326,76330
685317,76374,76384
413866,76412,76420
335361,76533,76539
68754,76582,76590
1853,76633,76641
1855,76670,76674
124964,76707,76715
384498,76801,76809
683929,76831,76839
336583,76863,76869
413841,76891,76901
146681,76922,76930
15061,76952,76962
19468,76989,76995
19603,77065,77071
799060,77099,77107
53997,77143,77153
53941,77214,77220
148078,77265,77273
564544,77299,77309
335134,77330,77338
753782,77388,77398
335164,77485,77491
543612,77520,77526
543640,77549,77557
685342,79072,79082
1704,79110,79120
54477,79173,79181
1718,79219,79227
407200,79264,79272
144743,79294,79302
587856,79330,79336
315449,79359,79367
451905,80000,80004
451909,80029,80037
53926,80061,80067
751464,80104,80112
144743,80166,80172
54006,80201,80209
685661,80243,80253
149885,80283,80291
540181,80325,80333
334589,80376,80384
53873,80410,80420
335084,80443,80449
144764,80482,80488
144375,80516,80526
144883,80558,80562
582250,80596,80604
225082,80783,80793
334895,80818,80828
144883,80859,80867
582250,80906,80910
