157741,26789,26795
575578,26851,26859
315867,26894,26898
685582,26931,26935
530193,26964,26970
152771,27005,27013
344068,27057,27065
321041,27091,27097
697734,27165,27171
530191,27301,27311
752221,27335,27343
152749,27373,27377
342494,27405,27413
342502,27448,27452
342503,27494,27504
343354,27529,27537
343330,27561,27571
342332,27609,27617
308308,27647,27653
341882,27681,27691
90643,27718,27724
90654,27753,27759
4042,27789,27799
17290,27853,27863
74346,27917,27923
74345,27998,28004
330135,28027,28035
92,28075,28085
152789,28114,28120
341437,28146,28150
16772,28194,28200
16788,28224,28232
341443,28271,28275
254975,28299,28307
148861,28335,28345
17124,28370,28376
122363,28398,28408
341545,28433,28441
341548,28515,28525
341557,28608,28614
117576,28644,28652
341552,28677,28683
341566,28712,28716
255336,28740,28748
54426,28772,28782
540583,28808,28814
23046,28837,28845
57712,28869,28873
87581,28953,28957
12954,28996,29004
342520,29039,29045
435591,29070,29078
410371,29309,29315
341578,29379,29387
23015,29454,29460
341581,29484,29494
122074,29523,29529
148800,29556,29562
126209,29585,29595
149367,29708,29712
151164,29746,29750
538946,29775,29781
335524,29816,29822
697399,29961,29969
335463,29997,30007
335464,30050,30056
335477,30086,30096
126213,30140,30148
126297,30202,30208
335501,30260,30264
126314,30295,30301
149352,30399,30405
149343,30428,30438
13372,30471,30479
15304,30504,30510
343524,30535,30545
343526,30568,30574
12565,30612,30618
54346,30641,30651
149893,30672,30680
11725,31128,31134
55936,31284,31290
55939,31396,31404
276909,31494,31502
13117,31600,31606
13118,31657,31665
50509,31836,31846
11757,31872,31878
267027,31906,31916
267299,31937,31945
254987,31978,31986
11737,32017,32021
532738,32046,32052
347346,32075,32083
119462,32121,32131
347172,32163,32171
347871,32200,32206
119448,32253,32261
267230,32391,32397
202211,32435,32439
344293,32497,32503
586017,32530,32536
684830,32561,32571
752202,32593,32599
864338,32632,32638
152700,32663,32671
448294,32695,32699
342935,32725,32733
315947,32765,32771
346391,32800,32808
448262,32837,32841
448269,32883,32893
346412,32969,32979
342416,33001,33007
530703,33033,33041
342499,33064,33074
481529,33114,33120
758466,33145,33153
315186,33204,33212
152633,33322,33330
342332,33372,33378
341879,33406,33414
90643,33444,33450
90654,33476,33484
17290,33532,33540
74346,33562,33570
74345,33632,33640
330135,33666,33672
91,33707,33711
267118,33763,33769
744311,33798,33804
13121,33832,33840
255932,33864,33870
11730,33910,33914
530670,33949,33955
54345,33984,33988
268605,34016,34022
256641,34050,34060
289786,34137,34147
15309,34177,34183
335578,34209,34215
540280,34241,34251
19598,34277,34285
144823,34307,34317
19614,34351,34359
19615,34384,34394
67714,34415,34425
334254,34462,34470
53997,34507,34515
53941,34553,34561
148078,34602,34610
53927,34633,34641
751465,34663,34673
753782,34705,34711
335164,34753,34759
413838,34795,34799
332424,34858,34864
476128,34973,34981
55968,35006,35012
55975,35131,35135
200329,35248,35258
335262,35387,35393
335261,35440,35444
473509,35472,35478
148972,35501,35509
6686,35538,35542
473520,35567,35577
1698,35619,35623
246165,35648,35654
54477,35730,35738
1718,35769,35775
407200,35810,35818
751464,35867,35871
54003,36298,36306
685661,36351,36355
149885,36392,36396
54485,36428,36434
147111,36458,36466
581233,36489,36495
684619,36518,36526
147115,36561,36569
120907,36593,36597
224774,36622,36630
741704,36755,36761
147150,36900,36908
334807,36930,36938
335591,36972,36978
152281,37007,37011
651854,37035,37045
152067,37080,37088
15304,37114,37124
55644,37160,37170
12565,37216,37226
11677,37249,37257
11725,37288,37294
13117,37331,37337
50509,37387,37395
55658,37418,37428
254150,37490,37494
254167,37539,37547
17167,37571,37579
17174,37625,37631
473481,37684,37690
986023,37713,37721
330072,37766,37774
330071,37797,37805
348190,37920,37928
544230,37950,37960
545369,37983,37987
882575,38012,38020
530973,38043,38051
184087,38075,38079
407281,38110,38118
348769,38146,38154
348775,38176,38186
1890,38207,38215
533487,38239,38243
15829,38272,38276
55890,38329,38335
340803,38368,38376
340811,38404,38408
341158,38434,38438
402039,38975,38979
11422,39013,39019
150677,39050,39054
888940,39086,39096
12760,39135,39141
55837,39167,39171
340817,39201,39207
531143,39233,39239
530960,39265,39271
530949,39295,39303
460082,39333,39341
341114,39364,39370
639,39397,39403
531864,39427,39435
341332,39469,39473
13390,39526,39532
6091,39572,39578
402989,39608,39612
421540,39636,39644
254251,39669,39675
13392,39701,39709
340622,39752,39762
5291,39787,39791
357221,39829,39837
325804,39868,39872
381292,39895,39905
325804,39925,39935
638885,39959,39965
642474,39994,39998
295538,40025,40033
632861,40074,40084
633307,40107,40117
322929,40154,40158
532425,40182,40190
341108,40223,40229
403229,40282,40288
341298,40317,40323
341316,40357,40367
402979,40390,40394
56588,40430,40438
55621,40470,40480
6510,40504,40510
501,40534,40542
652206,40570,40580
339564,40603,40609
339571,40636,40646
463,40671,40675
996193,40703,40711
339412,40739,40749
339401,40771,40777
510,40800,40808
357832,40834,40840
531032,40868,40874
407292,40897,40905
530968,40929,40933
342236,40960,40964
342238,40988,40996
6337,41058,41068
541446,41090,41098
17175,41124,41132
191326,41155,41161
55664,41188,41194
55671,41226,41234
17250,41279,41287
341894,41310,41320
90642,41343,41351
530152,41384,41388
308312,41433,41439
4059,41467,41477
344424,41501,41507
343344,41536,41546
4089,41572,41578
342507,41606,41616
343376,41651,41659
343394,41689,41693
321212,41720,41726
343412,41753,41759
343793,41784,41792
564188,41820,41830
760392,41853,41861
152684,41909,41915
345392,41940,41950
345089,42250,42258
345098,42289,42293
318941,42323,42329
343208,42356,42362
117712,42397,42403
402135,42429,42435
315928,42519,42523
315925,42560,42568
316348,42595,42601
346394,42629,42635
315948,42699,42705
882462,43121,43131
618161,43164,43170
618632,50310,50316
867323,50377,50383
315863,50423,50433
530165,50457,50465
342494,50492,50498
316347,50520,50530
343355,50552,50558
342332,50599,50607
341877,50629,50639
90643,50670,50674
90654,50704,50708
702712,50733,50741
17290,50763,50771
74346,50795,50799
74345,50841,50849
55660,50873,50883
92,50924,50932
267020,50962,50968
152544,50995,51001
16831,51036,51042
16772,51075,51081
16788,51113,51119
341442,51143,51149
2757,51177,51185
254975,51211,51219
148861,51256,51266
341451,51290,51296
17109,51323,51329
355474,51352,51360
115905,51389,51393
122333,51416,51426
164085,51451,51461
7217,51487,51497
265,51519,51527
271,51557,51563
741243,51596,51600
655996,51633,51639
18229,51671,51681
149944,51702,51710
18219,51786,51794
751913,51817,51823
338208,51846,51856
905,51931,51941
546504,51962,51972
203382,52001,52005
80334,52060,52068
35,52092,52098
563687,52152,52156
40,52265,52275
354816,52299,52305
55118,52329,52337
353820,52367,52373
353822,52398,52404
926,52434,52440
354855,52466,52474
412400,52500,52506
755930,52531,52535
355728,52564,52574
342792,52598,52608
98220,52632,52640
109816,52670,52674
98231,52701,52709
6008,52746,52752
81745,52783,52791
289010,52812,52822
56036,52852,52856
21483,52881,52889
199596,52990,52994
711304,53021,53027
74151,53055,53061
429584,53084,53092
474020,53115,53125
74167,53147,53155
346333,53178,53186
346182,53223,53229
15743,53277,53285
118401,53307,53315
1187,53346,53352
811949,53377,53383
410630,53417,53423
79485,53502,53508
123018,53535,53541
410662,53566,53572
482508,53615,53621
347737,53649,53657
482510,53813,53819
683925,53845,53853
1161,53876,53884
123048,53916,53924
123066,53996,54002
352121,54026,54036
146936,54058,54066
2119,54088,54096
115872,54118,54126
355700,54181,54189
355715,54221,54229
355741,54251,54261
586956,54303,54309
4284,54334,54338
580288,54363,54371
575974,54394,54400
256830,54423,54431
252014,54454,54460
119964,54484,54490
256838,54530,54536
55123,54562,54570
661424,54593,54599
5156,54705,54711
351888,54737,54741
75243,54796,54804
1476,54829,54837
351783,54862,54868
605791,54893,54899
1478,54926,54930
80395,54969,54977
94,55000,55008
20966,55034,55042
540917,55064,55072
7159,55104,55110
7164,55136,55144
355483,55167,55175
652065,55198,55206
7200,55230,55236
122357,55266,55274
148888,55300,55304
17499,55338,55344
5686,55368,55376
538464,55401,55409
290738,55431,55441
539488,55481,55489
5681,55512,55518
539521,55560,55568
403062,55599,55603
403065,55637,55645
56671,55670,55678
86083,55717,55721
287697,55771,55781
86115,55863,55871
147723,55892,55902
429799,55928,55932
345322,55958,55962
17488,56021,56031
17489,56126,56132
17474,56165,56173
254465,56195,56203
346200,56238,56242
149262,56266,56276
150913,56316,56324
540136,56578,56584
55035,56637,56643
348755,56675,56679
16935,56712,56716
144684,56779,56785
115528,56853,56857
348372,56884,56890
256728,56919,56927
261335,56957,56963
194432,56993,56999
4291,57025,57035
17032,57070,57076
348737,57102,57110
353782,57138,57146
353798,57171,57177
149317,57203,57211
348673,57252,57262
348664,57286,57292
290844,57314,57324
56609,57507,57517
269033,57544,57548
403268,57573,57581
534314,57605,57611
4315,57650,57658
347477,57681,57691
533248,57713,57719
310421,57746,57750
54948,57778,57784
347718,57828,57832
16725,57882,57890
150796,58229,58235
535809,58280,58284
307761,58316,58322
182072,58346,58354
307761,58390,58398
407639,58422,58428
307761,58470,58480
150787,58569,58577
307761,58632,58638
407639,58662,58670
307761,58721,58729
150787,58752,58758
307761,58812,58818
150787,58842,58848
307761,58894,58900
348459,58923,58931
307761,58993,58999
150787,59023,59029
307761,59062,59070
535770,59142,59146
150799,59185,59195
56725,59225,59231
402767,59262,59268
56715,59326,59332
150400,59359,59367
348607,59397,59401
57890,59790,59796
354915,59828,59834
534375,59872,59882
305440,59908,59918
150702,59958,59964
150720,60006,60010
535128,60043,60047
347905,60082,60090
2299,60114,60120
347924,60156,60160
347923,60197,60203
305130,60266,60270
347928,60293,60303
347940,60326,60330
2796,60360,60368
148859,60397,60403
541486,60431,60439
17103,60462,60470
355473,60500,60506
115905,60538,60544
122334,60569,60573
21020,60601,60609
7210,60637,60641
265,60692,60700
397,60737,60741
534521,60787,60793
338231,60846,60856
15658,60885,60895
353866,60922,60926
338250,60957,60963
338258,61063,61073
353866,61095,61103
901,61136,61140
54438,61189,61199
683431,61223,61227
905,61252,61260
80334,61287,61293
741245,61318,61326
338196,61387,61393
1473,61435,61441
80415,61587,61593
532293,61618,61624
538841,61650,61656
338207,61717,61725
353903,61752,61760
338211,61802,61806
15667,61840,61846
56590,61872,61880
338246,61925,61933
727,61957,61965
9814,61989,61995
109751,62020,62024
147604,62103,62113
56444,62138,62142
148369,62174,62184
154694,62344,62348
435552,62373,62383
540626,62409,62417
744340,62439,62447
56444,62477,62483
143251,62508,62514
116095,62638,62644
766700,62727,62737
346562,62792,62800
346566,62852,62858
346562,62940,62946
346566,63002,63008
116095,63092,63098
347650,63122,63128
331696,63158,63162
147415,63191,63195
798,63229,63237
752,63269,63279
754,63320,63328
56620,63353,63359
152070,63381,63391
152072,63429,63433
56638,63456,63466
545035,63502,63510
152585,63681,63689
56620,63779,63787
152072,63826,63832
348724,63869,63879
152588,63905,63911
20797,63937,63947
754,63975,63981
348427,64007,64015
348523,64053,64063
348434,64085,64091
148145,64130,64138
57739,64165,64171
23450,64201,64205
347650,64229,64237
456963,64264,64270
348329,64329,64333
147415,64803,64809
348348,64834,64840
347652,64864,64872
331696,64895,64901
71170,64934,64940
56444,64966,64972
317366,64995,65005
348323,65045,65053
348329,65166,65170
21435,65202,65206
348352,65237,65245
347650,65268,65276
152792,65313,65321
154693,65350,65360
540711,65383,65391
540626,65417,65427
346984,65468,65472
544867,65499,65505
344097,65573,65579
54428,65605,65615
344104,65652,65660
351266,65722,65728
654662,65886,65892
348866,65914,65924
309224,65951,65957
430302,65984,65988
1468,66042,66048
563687,66081,66087
654055,66143,66153
431252,66178,66186
56592,66228,66238
654055,66328,66334
43,66361,66369
351839,66414,66422
55749,66447,66455
149296,66716,66724
651682,66745,66755
199663,66777,66783
419535,66806,66814
125240,66837,66845
342318,66870,66876
350905,66900,66906
755866,66928,66938
55351,66967,66977
428262,66997,67007
115804,67034,67038
86887,67069,67075
350891,67100,67104
354028,67129,67137
55395,67159,67167
80626,67197,67201
144627,67252,67258
56063,67288,67294
19659,67322,67328
56035,67361,67369
345694,67392,67398
535043,67420,67430
345119,67452,67458
148024,67489,67499
57441,67522,67532
148012,67559,67567
56197,67590,67596
344687,67620,67626
344715,67653,67661
19705,67693,67699
56987,67724,67728
79307,67763,67769
537608,67801,67805
348055,67838,67844
19917,67870,67878
206307,67907,67915
4885,67941,67949
4886,67986,67990
353243,68019,68025
545612,68075,68081
548331,68111,68115
4890,68144,68148
353238,68197,68205
89974,68229,68235
561442,68259,68265
197614,68291,68299
355085,68323,68327
197721,68354,68362
4938,68420,68426
403148,68459,68467
403145,68504,68510
71868,68536,68540
81552,68729,68735
73817,68783,68789
654587,68811,68821
548114,68845,68849
73917,68873,68883
403101,68906,68912
148949,68938,68946
686047,68973,68983
20132,69010,69016
351179,69040,69046
195,69108,69118
351201,69209,69217
74271,69250,69256
273789,69282,69292
3125,69335,69345
351865,69369,69375
691470,69402,69408
548265,69430,69440
534541,69463,69471
402861,69501,69505
451438,69533,69537
84298,69590,69598
332004,69623,69633
332098,69683,69693
332097,69736,69744
332098,69983,69993
152048,70342,70350
3371,70390,70396
352545,70421,70431
4665,70577,70583
117378,70612,70616
461697,70641,70647
653960,70688,70694
3618,70744,70752
4027,70776,70782
17372,70811,70821
17386,70878,70886
582378,70926,70932
353183,70955,70965
353186,70992,71000
353044,71036,71046
353047,71074,71078
684519,71105,71109
308332,71136,71142
308361,71184,71190
316370,71277,71285
308349,72698,72706
308356,72743,72751
308362,72775,72785
308366,72829,72833
315928,72859,72865
315925,72903,72911
314781,72937,72945
342411,72972,72980
342419,73004,73010
583554,73037,73045
342442,73120,73128
481524,73156,73162
