372217,2,6
326199,29,39
326198,76,82
326186,105,113
402383,139,145
325397,184,192
529916,254,262
84965,289,297
322680,325,331
396982,520,528
322688,577,587
396981,613,617
322688,649,653
396982,700,710
322688,782,786
396982,880,890
407539,976,980
118163,1005,1013
684804,1037,1043
119298,2424,2430
57347,2477,2483
346076,2506,2514
146773,2536,2544
57141,2567,2575
372408,2607,2613
652326,2640,2648
352906,2674,2680
271899,2706,2712
323114,4045,4051
545831,4077,4081
352886,4109,4115
352801,4141,4149
3395,4178,4184
325296,4208,4216
276002,21874,21882
20255,21909,21913
22951,21943,21951
84919,21989,21995
20310,22022,22026
84936,22051,22057
20317,22082,22088
424557,22113,22117
79832,22142,22150
344653,22174,22180
344665,22210,22216
19745,22239,22247
57429,22281,22285
19805,22312,22318
345101,22350,22360
535042,22382,22390
56042,22423,22431
56064,22453,22461
56076,22487,22495
350848,22518,22526
350842,22550,22556
350950,22579,22587
19832,22615,22619
20890,22649,22655
350759,22683,22691
685224,22723,22729
6890,22755,22765
6893,22809,22815
342359,22839,22845
769669,22868,22878
289338,23066,23074
57826,23099,23107
55146,23132,23136
267450,23160,23170
267448,23234,23242
152072,23265,23273
542332,23297,23303
56732,23329,23335
649834,23367,23375
348934,23398,23406
410266,23430,23438
57840,23462,23468
12977,23493,23499
862210,23524,23532
12977,23575,23579
695013,23607,23611
534629,23650,23656
872,23693,23701
694918,23724,23732
12967,23761,23771
539642,23794,23800
865,23825,23833
683833,24844,24852
839,24915,24919
54617,24950,24958
460861,24985,24989
349580,25017,25023
349578,25052,25062
117837,25087,25093
201091,25126,25136
349584,25158,25168
1658,25190,25196
661762,25276,25284
343722,25347,25355
343702,25385,25391
119089,25748,25754
343715,25777,25787
56868,25813,25819
118499,25868,25876
289005,25911,25921
342943,25943,25949
684575,25977,25985
342735,26008,26016
342745,26053,26063
97604,26086,26092
97640,26114,26124
109816,26161,26169
98230,26194,26202
55375,26225,26231
543684,26256,26262
81745,26299,26303
351091,26344,26348
19675,26404,26410
345149,26442,26450
19651,26471,26481
56195,26507,26513
184006,26539,26545
345119,26579,26585
5812,26620,26630
148036,26656,26662
57440,26684,26694
19797,26741,26749
148014,26773,26781
345019,26804,26810
344685,26835,26843
344715,26866,26872
344725,26895,26905
19706,26925,26935
56986,26963,26971
5172,27004,27008
79307,27043,27053
348065,27083,27093
79304,27114,27122
79306,27145,27155
19918,27185,27193
19917,27217,27225
206307,27271,27281
75712,27702,27710
151091,27753,27757
347655,27787,27795
536283,27824,27830
147235,27853,27861
545158,27891,27897
75689,27923,27931
147236,27966,27972
273513,28004,28014
541463,28042,28048
684650,28082,28088
614162,28115,28121
547337,28145,28153
72549,28191,28199
197933,28224,28230
197665,28273,28281
403146,28320,28328
403151,28353,28361
685090,28389,28395
197607,28485,28491
197610,28566,28572
56964,28596,28604
197542,28657,28661
421337,28704,28710
355095,28736,28744
181227,28768,28778
147795,28801,28811
355026,28869,28877
56244,28905,28911
90033,28933,28943
90040,28970,28978
5243,29137,29141
355192,29167,29173
410244,29223,29227
355221,29260,29268
355507,29296,29306
355236,29350,29356
688529,29387,29391
73100,29419,29425
73101,29453,29461
575812,29547,29553
655125,29577,29583
5284,29608,29618
355060,29649,29659
146972,29688,29696
537690,29720,29728
110788,29774,29784
370933,29813,29823
571243,30036,30044
372370,30122,30128
416576,30154,30164
683780,30190,30198
537756,30238,30246
56818,30281,30287
56270,30369,30377
355186,30399,30407
146764,30461,30469
488280,30495,30501
322206,30538,30546
355027,30641,30645
147040,30670,30676
626262,30734,30742
355884,30850,30858
355888,30897,30903
353411,30928,30938
354973,30962,30970
147013,31007,31013
181333,31048,31054
197493,31083,31093
355506,31135,31141
685175,31165,31171
686050,31207,31211
686052,31236,31242
542370,31267,31277
75620,31355,31361
357709,31390,31400
159481,31430,31436
159875,31464,31474
641818,31496,31504
613108,31528,31536
20161,31940,31946
541485,31973,31979
57034,32002,32010
197563,32037,32045
353556,32074,32082
576104,32429,32437
197748,32459,32467
57007,32489,32497
206363,32523,32527
206371,32554,32562
323475,32585,32593
57466,32643,32653
403114,32673,32683
89942,32704,32714
197608,32736,32746
403117,32767,32775
147898,32815,32823
197478,32846,32854
147828,32887,32893
197858,32917,32925
197524,32949,32957
353702,32995,33003
57047,33047,33057
147909,33084,33088
353553,33155,33163
353700,33188,33194
57039,33240,33246
20145,33276,33282
267922,33341,33349
275913,33382,33388
20154,33710,33716
197762,33745,33749
353556,33778,33786
197560,33812,33820
57050,33856,33864
197591,33890,33896
3433,33920,33926
421361,33958,33968
540454,34034,34038
198055,34068,34074
4798,34099,34109
198071,34201,34211
20293,34238,34244
150329,34270,34274
397484,34299,34307
538046,34331,34339
537707,34365,34371
538927,34404,34412
325386,34495,34503
151445,34552,34558
118847,34584,34588
56906,34644,34652
119288,34674,34682
529916,34715,34721
344924,34743,34753
3403,34774,34782
118186,34807,34811
343904,34857,34861
654472,34890,34898
535423,34925,34935
346043,34965,34975
56954,35008,35014
273165,35038,35044
537176,35073,35081
56488,35117,35121
5966,35147,35155
273157,35176,35186
182784,35208,35218
91860,35245,35249
344211,35275,35281
71651,35335,35343
536752,35370,35374
353675,35402,35410
14690,35440,35446
536715,35470,35478
354327,35501,35511
766285,35540,35546
146873,35571,35575
119103,35601,35609
539474,35644,35652
539477,35678,35686
683476,35709,35715
1672,35750,35758
256958,35784,35788
5704,35813,35821
562085,35843,35853
12921,35878,35884
738,35914,35924
842,35966,35972
849,35998,36006
348724,36031,36041
55095,36068,36076
355938,36104,36114
1504,36174,36182
22331,36213,36219
344032,36244,36248
109753,36272,36280
22331,36307,36313
147715,36340,36346
109757,36419,36429
54428,36458,36466
347449,36487,36497
331686,36542,36548
344123,36572,36580
1030,36635,36645
316873,36670,36676
1085,36703,36711
539972,36945,36951
152616,36976,36980
413777,37003,37013
1095,37099,37107
863400,37144,37152
353024,37175,37181
353027,37223,37231
262920,37258,37264
144649,37295,37301
697278,37325,37331
637590,37366,37370
341830,37397,37405
55721,37449,37453
1124,37482,37488
650412,37547,37557
818638,37581,37591
413790,37615,37619
539972,37675,37679
1085,37705,37709
316880,37749,37757
316879,37792,37798
142705,37896,37900
812221,37927,37937
342286,37966,37976
301350,38021,38027
2807,38076,38080
57203,38109,38117
57844,38143,38151
350174,38175,38183
295393,38211,38221
7009,38243,38251
57184,38286,38292
19814,38324,38332
181588,38354,38364
350825,38391,38401
350841,38421,38431
350857,38456,38464
19659,38493,38501
56035,38525,38535
144590,38558,38562
535043,38585,38595
5812,38622,38628
345077,38659,38663
345065,38691,38699
57441,38728,38738
19797,38762,38768
148014,38793,38799
345019,38824,38828
344685,38851,38861
142853,38882,38890
19706,38911,38921
19924,38948,38952
79307,38983,38993
348065,39015,39021
79301,39052,39058
438693,39097,39103
536524,39373,39381
17530,39422,39428
75813,39460,39466
348043,39499,39505
348047,39550,39558
355035,39726,39736
575478,39760,39768
372391,39795,39799
273715,39835,39839
545686,39864,39872
79737,39894,39904
54530,39928,39932
545969,39959,39963
348120,39986,39996
19723,40028,40038
19724,40091,40099
56192,40135,40143
142852,40171,40179
344720,40222,40226
344688,40283,40291
56844,40315,40323
148020,40346,40356
148042,40381,40385
345101,40417,40427
345116,40456,40466
345126,40489,40495
123061,40521,40529
144662,40556,40560
1187,40594,40600
372101,40624,40632
410733,40655,40663
654108,40803,40811
9000,40834,40842
372106,40864,40872
290628,40914,40922
346443,40944,40952
410729,40974,40982
264725,41006,41014
347971,41037,41045
332476,41068,41076
351100,41144,41150
347315,41176,41180
55389,41204,41212
342815,41235,41241
2179,41266,41276
343536,41299,41307
342731,41331,41337
1586,41363,41369
354343,41394,41402
684471,41426,41434
354380,41463,41469
113904,41496,41502
16956,41540,41546
122736,41598,41604
1555,41641,41645
348404,41685,41691
224184,41727,41735
56616,41760,41764
540099,41791,41799
347709,41826,41832
148757,41856,41862
54948,41888,41894
347718,41921,41927
16725,41959,41963
347950,41991,42001
150400,42053,42057
534876,42092,42096
349764,42144,42150
349763,42181,42189
206443,42214,42222
349795,42278,42286
545906,42310,42316
349817,42348,42356
308319,42393,42401
353184,42441,42447
353044,42474,42478
346367,42504,42510
57064,42543,42551
489307,42584,42592
402125,42613,42623
22547,42647,42653
344336,42684,42694
152689,42747,42753
481513,42789,42795
320218,42832,42840
345093,42864,42870
345098,42893,42903
343208,42929,42937
117712,42968,42976
402137,43000,43008
315928,43029,43039
315926,43061,43067
342408,43092,43100
342426,43136,43144
342431,43167,43177
342442,43208,43218
342985,43244,43250
343355,43285,43291
342332,43337,43345
341882,43369,43377
90654,43422,43428
541530,43455,43465
348223,43487,43493
4051,43522,43526
344278,43602,43612
348016,43659,43667
2964,43692,43698
355434,43734,43740
55494,43791,43799
16713,43823,43829
643332,43909,43915
16710,43942,43948
151287,44034,44040
150792,44069,44075
16758,44098,44108
4631,44128,44138
16769,44165,44173
16780,44202,44206
341442,44250,44256
254974,44287,44295
148861,44322,44328
341451,44356,44366
198042,44389,44395
355462,44435,44445
17464,44479,44489
17498,44524,44528
544760,44557,44561
20509,44607,44617
324417,44639,44647
324418,44670,44678
324410,44706,44712
7463,44735,44745
324311,44768,44774
340046,49885,49893
324614,50788,50792
121269,50823,50829
5678,50857,50861
343599,50965,50971
539521,50993,51003
245844,51030,51040
403065,51081,51091
655228,51113,51119
343746,51213,51223
741319,51309,51319
12477,51346,51356
54505,51384,51390
352776,51413,51421
147710,51480,51486
539661,51510,51516
695013,51541,51547
581604,51579,51587
534635,51609,51617
819331,51672,51676
11859,51706,51712
56732,51761,51767
147633,51829,51833
348543,51864,51870
348947,51922,51926
695589,51953,51959
56735,52007,52017
348962,52039,52045
348390,52080,52086
319654,52129,52135
861301,52160,52168
277673,52191,52199
545666,52225,52229
71178,52254,52260
152799,52391,52399
772,52429,52433
67709,52479,52487
692,52596,52602
544867,52631,52635
348513,52664,52670
651,52698,52706
148799,52753,52759
540392,52794,52802
109757,52948,52956
54428,52982,52986
597301,53011,53017
124319,53046,53052
1113,53107,53115
20842,53173,53177
6974,53207,53213
7092,53240,53246
19817,53273,53277
350820,53303,53309
350841,53369,53375
350857,53402,53406
19659,53440,53446
345145,53476,53484
19651,53507,53513
543458,53557,53565
1192,53591,53597
123061,53628,53634
144662,53757,53763
1187,53912,53920
684389,53958,53962
347338,53989,53993
79477,54046,54056
150585,54086,54092
482508,54117,54123
683925,54174,54180
1161,54258,54262
347320,54288,54292
410667,54346,54352
347319,54378,54386
347338,54407,54417
346434,54441,54445
56034,54526,54534
144590,54589,54593
56195,54616,54626
345117,54648,54656
80069,54683,54687
345064,54717,54723
148017,54747,54755
19752,54781,54789
19760,54812,54822
273227,54843,54851
79775,54902,54908
424555,54943,54953
354247,54977,54983
270905,55013,55019
270886,55069,55075
20309,55110,55120
84969,55143,55151
503075,55174,55184
85004,55212,55220
20206,55250,55256
4753,55299,55307
20221,55348,55356
346920,55387,55393
346925,55421,55427
346935,55463,55473
20106,55509,55515
75530,55571,55577
351235,55613,55619
323481,55645,55653
542933,55686,55694
630149,55717,55723
753861,55749,55755
741066,55782,55790
641820,55815,55821
270791,55857,55863
347042,56378,56388
20155,56570,56576
57030,56600,56610
197580,56647,56655
147914,56679,56683
197675,56723,56729
1170,56754,56760
353250,56788,56794
1170,56817,56825
147283,56851,56857
489697,56889,56897
269188,57202,57206
57672,57230,57238
401522,57321,57329
198212,57357,57363
147279,57413,57419
197515,57509,57517
147826,57544,57550
89977,57576,57582
147786,57606,57612
55778,57639,57647
197532,57687,57693
421337,57718,57726
147790,57752,57756
147795,57795,57803
355026,57834,57838
290593,57863,57869
408982,57898,57904
90040,57940,57950
5243,57981,57987
3396,58013,58019
652326,59341,59349
537890,59371,59381
20206,59420,59426
346911,59452,59456
537431,59490,59500
4774,59542,59548
181322,59576,59584
57667,59637,59645
355506,59685,59693
197559,59718,59724
353702,59755,59763
197593,59791,59799
421352,59821,59829
206364,59855,59861
197743,59885,59895
197562,60053,60061
206367,60085,60093
197591,60121,60125
421361,60170,60178
534618,60204,60214
147026,60235,60245
540454,60281,60285
181371,60313,60317
4798,60347,60353
198071,60422,60428
85003,60454,60464
346836,60486,60492
84919,60526,60532
20310,60568,60574
270875,60599,60607
164091,60629,60639
5954,60661,60669
20476,60701,60709
56502,60734,60738
159283,60767,60771
20432,60798,60804
57752,60863,60867
20407,60897,60901
20418,60935,60943
81627,60981,60991
113114,61025,61029
345473,61054,61060
56517,61091,61099
4693,61123,61129
54987,61240,61248
55008,61271,61277
55009,61299,61309
200828,61331,61337
541073,61361,61369
815361,61451,61457
534692,61482,61486
473530,61520,61528
166870,61559,61565
551488,61601,61605
349639,61630,61636
762207,61664,61670
146656,61719,61729
148593,61751,61757
289208,61786,61792
1659,61821,61829
935,61856,61866
343722,61905,61913
119089,61940,61944
56868,61976,61980
289005,62020,62026
1630,62054,62058
353654,62086,62092
353671,62118,62124
352253,62155,62161
71589,62185,62195
294100,62218,62224
344217,62249,62255
352634,62298,62304
352656,62330,62338
352655,62519,62525
355557,62551,62557
349911,62581,62587
544859,62617,62627
537198,62651,62659
543333,62697,62705
344210,62734,62742
688609,62770,62774
536753,62845,62853
116138,62890,62894
353672,62919,62925
769012,62959,62965
353659,62994,62998
536714,63024,63034
354327,63057,63063
490652,63088,63092
146871,63116,63124
56867,63224,63232
119548,63313,63319
567841,63349,63357
582475,63381,63391
696925,63437,63441
591718,63469,63473
586951,63501,63509
354890,63536,63542
758514,63567,63573
124049,63598,63606
119964,63642,63646
148096,63673,63679
252014,63707,63713
661424,63744,63748
353870,63773,63781
5156,63808,63812
338225,63895,63903
652300,63928,63934
730,63959,63965
537216,64000,64006
886,64030,64040
727,64086,64092
353907,64122,64126
353909,64162,64168
338647,64230,64236
353909,64294,64300
690804,64325,64329
353909,64369,64375
338647,64466,64472
319666,64527,64533
484627,64585,64593
353909,64617,64623
317666,64706,64714
353548,64772,64780
85774,64825,64831
75285,64854,64862
146833,64884,64892
348866,64915,64921
349,64950,64956
652161,64985,64989
421426,65022,65032
55750,65062,65070
543409,65099,65105
652324,65129,65137
256908,65161,65167
635936,65190,65198
125211,65222,65230
614996,65253,65263
342322,65290,65298
342365,65323,65329
55353,65401,65405
351323,65439,65443
115804,65470,65480
419558,65501,65509
428553,65589,65599
655734,65619,65629
691878,65652,65656
692986,65681,65687
57233,65709,65719
350261,65742,65746
86899,65807,65815
311846,65839,65845
544165,65872,65882
351360,65902,65912
861203,65947,65951
328043,65984,65990
57600,66075,66081
684615,66105,66113
20856,66138,66144
351484,66167,66175
20856,66212,66216
342654,66240,66248
160891,66370,66378
344123,66616,66620
1131,66645,66653
1133,66679,66687
351567,66710,66718
148895,66741,66749
6904,66827,66835
351493,66857,66865
351621,66916,66924
997483,66946,66954
206468,66998,67004
17517,67037,67047
351653,67083,67089
861521,67114,67118
761485,67150,67154
80370,67182,67190
149296,67225,67231
541689,67265,67271
652324,67499,67505
190886,67530,67540
149291,67564,67570
431712,67594,67600
404981,67623,67631
541689,67652,67662
566122,67690,67696
350463,67719,67727
404993,67755,67763
206294,67791,67801
2037,67826,67834
206400,67860,67870
144639,67894,67900
2063,67924,67932
311806,67954,67964
427911,67995,68001
54594,68032,68036
763581,68063,68071
541241,68094,68100
149941,68258,68262
55440,68313,68319
342212,68416,68426
342375,68469,68475
430416,68499,68505
430424,68542,68552
15744,68661,68667
181435,68691,68701
7080,68729,68733
350786,68759,68769
20899,68794,68800
350757,68825,68833
20877,68860,68870
148883,68973,68979
148887,69004,69014
331688,69040,69044
5413,69090,69098
5541,69138,69148
5533,69172,69180
82625,69221,69229
342354,69301,69311
55155,69396,69402
5421,69514,69520
540602,69543,69551
346092,69587,69597
95614,69627,69633
198827,69667,69673
476116,69706,69714
80750,69746,69750
81034,69778,69782
55109,69822,69828
54555,69868,69872
17711,69902,69910
17726,70052,70060
338162,70104,70110
341916,70151,70159
651846,70187,70195
4454,70236,70246
181608,70270,70278
546498,70306,70310
83680,70351,70359
151403,70388,70396
76111,70421,70427
420534,70618,70624
8589,70662,70668
685157,70701,70709
150867,70733,70739
306036,70766,70772
339510,70807,70811
547477,70836,70842
564684,70868,70872
336928,70916,70926
336940,70949,70957
308177,70994,70998
336942,71029,71033
67481,71072,71080
55181,71109,71113
151037,71138,71144
150900,71239,71247
54126,71270,71278
305259,71311,71317
337049,71385,71393
81866,71418,71426
150900,71486,71494
2722,71519,71525
2711,71563,71569
343251,71604,71612
2413,71636,71646
355977,71677,71681
54212,71706,71712
83697,71739,71747
54088,71787,71793
54100,71816,71824
683481,72111,72121
20836,72144,72148
333048,72181,72185
356336,72222,72226
333270,72255,72261
317381,72315,72323
683966,72345,72353
317378,72389,72395
20831,72419,72425
7688,72458,72464
4512,72490,72494
54107,72519,72525
419595,72549,72555
110077,72585,72591
341190,72617,72621
539529,72650,72656
54889,72682,72688
71759,72714,72722
338734,72744,72752
424494,72786,72794
338778,72819,72827
338751,72850,72858
54163,72889,72897
593826,72934,72942
532175,72970,72974
54174,73007,73011
476109,73038,73048
458863,73128,73138
148790,73182,73190
148799,73215,73221
343980,73248,73256
143233,73280,73284
542490,73308,73316
348427,73365,73373
144057,73408,73418
348523,73440,73448
348538,73470,73480
55099,73507,73511
21966,73546,73552
55108,73601,73605
23323,73635,73639
195385,73668,73676
17726,73753,73757
341916,73797,73805
4454,73837,73843
83685,73867,73873
19450,73901,73907
148339,73937,73947
76110,73971,73977
420195,74009,74017
420213,74250,74256
336955,74282,74288
491009,74358,74362
306920,74388,74394
337991,74419,74423
54216,74466,74472
484579,74496,74502
8072,74526,74532
571168,74557,74565
312435,74593,74601
21349,74627,74635
338137,74707,74713
19215,74739,74745
338137,74839,74849
19215,74871,74877
54105,74911,74919
434379,74942,74950
484387,74980,74986
548045,75012,75016
338469,75046,75056
336987,75086,75094
67481,75116,75124
338540,75148,75156
759885,75192,75200
76520,75221,75231
54128,75251,75261
338547,75284,75290
339031,75324,75332
685112,75376,75382
339093,75405,75413
339059,75437,75443
338474,75467,75475
338475,75521,75525
54224,75567,75573
566576,75609,75615
546516,75639,75647
654304,75677,75685
485801,75707,75715
545418,75740,75744
4354,75797,75803
617713,75829,75837
178472,75861,75869
569821,75899,75905
617709,75930,75938
695901,75961,75967
339074,76005,76013
4354,76051,76057
545525,76094,76100
20674,76127,76131
651861,76157,76165
20706,76196,76206
345200,76231,76239
13476,76274,76280
651847,76306,76314
54635,76341,76345
345292,76375,76385
20243,76410,76414
345380,76441,76447
110072,76471,76479
54545,76504,76510
20383,76542,76550
345451,76582,76588
148930,76621,76629
57794,76657,76665
56496,76701,76707
535091,76735,76739
20410,76768,76776
20414,76797,76807
20419,76853,76859
344241,76882,76890
344246,76911,76921
650946,76946,76952
84684,76980,76986
536034,77021,77029
57801,77054,77064
82601,77092,77100
151708,77133,77141
335699,77184,77190
327213,77215,77223
544559,77427,77435
327256,77459,77467
633109,77495,77499
335699,77523,77531
151818,77555,77559
57802,77587,77597
57795,77629,77637
84685,77663,77669
151822,77691,77701
593406,77728,77738
20432,77775,77781
57752,77827,77831
855618,77860,77866
20238,77901,77907
113110,77933,77941
345473,77964,77972
56517,78001,78007
20377,78036,78044
345431,78067,78073
54740,78103,78111
345324,78136,78142
17498,78179,78187
544760,78216,78220
20509,78251,78259
324418,78287,78297
53945,78338,78344
654251,78372,78376
539391,78400,78408
538101,78434,78442
278269,78469,78475
7343,78502,78510
338526,78538,78544
694583,78573,78583
537363,78614,78624
690247,78652,78660
694272,78683,78691
21234,78737,78741
12985,78767,78773
577548,78801,78805
690234,78828,78838
537392,78858,78868
339306,78914,78924
150203,78981,78987
341394,79012,79022
20510,79051,79057
345294,79083,79091
20243,79116,79124
345322,79148,79156
17488,79187,79193
17489,79225,79231
17474,79265,79273
198038,79300,79308
17112,79342,79346
17104,79381,79387
254973,79413,79421
534192,79459,79467
289213,79491,79499
16797,79527,79535
16830,79579,79587
135,79611,79619
126,79644,79654
330139,79676,79682
55671,79709,79713
17250,79756,79764
342348,79788,79794
90647,79839,79843
4069,79868,79874
4076,79911,79917
353236,79955,79961
402108,79986,79992
353184,80017,80023
353044,80059,80065
83380,80172,80178
4084,80203,80207
346365,80236,80240
308332,80267,80271
308361,80297,80303
345894,80328,80334
316370,80361,80369
316996,80395,80403
57057,80438,80444
4171,80471,80475
152661,80549,80557
344294,80621,80629
57058,80652,80658
57064,80680,80690
85658,80748,80758
350513,80797,80801
4004,80833,80841
547902,80871,80877
330817,80904,80912
84549,80935,80943
684964,80972,80980
150423,81003,81011
83411,81067,81073
400275,81097,81103
473501,81135,81139
349360,81172,81176
812803,81330,81338
202280,81369,81375
564355,81400,81406
331155,81429,81437
375450,81461,81469
546825,81490,81500
349569,81529,81533
148675,81569,81577
349518,81600,81606
712645,81630,81638
152101,81672,81676
757588,81701,81711
403360,81740,81746
152160,81773,81781
352331,81806,81814
352335,81838,81846
369595,81869,81875
352902,81912,81920
352712,81957,81965
148691,81996,82004
542440,82031,82037
3736,82061,82067
74064,82091,82097
352037,82131,82141
352845,82172,82178
3674,82204,82214
57313,82255,82263
148663,82325,82333
349517,82357,82363
581468,82548,82558
684555,82582,82588
148666,82624,82634
586225,82662,82670
3694,82692,82700
586224,82725,82731
564360,82762,82770
564356,82792,82800
332225,82826,82834
487291,82952,82960
151954,82982,82992
654853,83014,83020
636446,83048,83058
564355,83084,83092
57321,83124,83130
488370,83163,83173
546819,83196,83202
70095,83226,83234
69974,83260,83266
57256,83292,83298
57270,83323,83327
404194,83352,83358
542410,83398,83404
652198,83437,83445
132,83484,83492
375237,83516,83522
3734,83547,83551
3682,83587,83595
57313,83628,83634
3628,83666,83674
546815,83705,83709
609565,83737,83741
564360,83766,83774
815404,83914,83922
581422,83947,83955
546817,83979,83983
349569,84010,84014
488393,84048,84052
69961,84083,84091
57266,84117,84121
404194,84151,84159
375240,84182,84192
132,84264,84268
152247,84296,84300
353070,84324,84332
152230,84359,84363
457871,84390,84396
352311,84427,84437
3172,84595,84605
85312,84637,84643
402866,84666,84674
351996,84700,84710
351853,84753,84761
3123,84791,84797
273810,84838,84844
151698,84869,84879
151474,84902,84912
85605,84936,84940
652054,84963,84973
199,84996,85000
75854,85032,85036
75845,85061,85071
535059,85094,85102
976,85132,85138
151822,85166,85174
593406,85201,85207
20432,85240,85248
57752,85285,85295
855618,85319,85325
20238,85357,85363
113110,85389,85393
56517,85420,85430
20377,85460,85466
345431,85490,85498
345403,85526,85532
345324,85555,85563
17498,85588,85598
544760,85621,85631
20509,85661,85669
324410,85694,85698
683554,85729,85735
7371,85771,85777
338779,85802,85806
338745,85834,85838
340205,85901,85905
12985,85969,85973
577548,85999,86007
7397,86028,86038
537327,86060,86070
694174,86102,86106
324312,86130,86138
539147,86161,86167
339632,86196,86200
690224,86224,86232
54404,86256,86262
21250,86322,86326
54765,86351,86357
