20674,0,8
532132,30,38
20734,74,84
345201,106,112
345213,137,145
54635,181,191
345292,216,224
20243,248,254
345380,281,285
110072,313,319
54545,349,353
20383,382,386
345451,411,417
148930,453,459
57794,488,496
56496,528,534
20408,565,571
20414,612,620
20419,668,672
534514,847,855
308262,882,886
56943,926,936
273414,957,965
151816,987,997
308307,1023,1027
399475,1082,1090
308295,1236,1244
428340,1268,1272
110432,1312,1316
976,1414,1424
84692,1448,1452
200364,1479,1485
20432,1526,1534
57752,1564,1572
20415,1596,1602
81609,1625,1633
1574,1657,1661
354422,1689,1699
16956,1731,1739
16907,1768,1774
17004,1798,1808
122741,1835,1845
2292,1869,1873
55613,1903,1911
2731,1935,1941
542937,1970,1976
1947,2000,2006
16804,2035,2041
16748,2064,2072
348844,2095,2105
150783,2130,2136
117719,2161,2167
15829,2192,2198
55890,2228,2236
340803,2265,2275
340805,2297,2305
340819,2339,2349
54307,2373,2377
54324,2403,2413
55800,2435,2441
377084,2520,2528
345951,2565,2573
149924,2600,2606
151101,2633,2637
755571,2661,2671
293886,2694,2702
254349,2739,2747
345838,2771,2777
120876,2802,2808
11678,2835,2845
690661,2865,2875
54339,2899,2907
256602,2932,2940
256641,2967,2975
651831,2998,3006
335586,3033,3043
335585,3069,3075
19598,3104,3108
12447,3145,3153
22934,3195,3201
54718,3229,3237
285,3274,3284
7192,3306,3312
87668,3335,3343
334147,3374,3384
543861,3412,3418
334249,3445,3453
486236,3481,3487
427687,3558,3562
145477,3590,3600
765272,4354,4364
120656,4386,4394
167228,4416,4426
50510,4450,4454
309,4490,4500
6286,4528,4538
15002,4568,4574
22910,4600,4606
22916,4634,4644
148283,4667,4671
116641,4698,4708
734761,4732,4738
20633,4787,4795
651861,4821,4831
892955,4856,4860
345200,4892,4900
13476,4927,4935
20737,4959,4967
345288,4988,4998
345294,5019,5027
345301,5058,5064
17489,5093,5099
198038,5126,5130
346201,5156,5162
150913,5190,5198
535052,5221,5227
346280,5255,5261
17032,5289,5293
353771,5317,5325
309950,5354,5362
2270,5403,5409
347197,5439,5447
348691,5471,5477
348664,5505,5515
307557,5537,5543
534362,5566,5576
403272,5805,5813
4315,5872,5878
347486,5907,5913
347668,5937,5945
354885,5969,5977
152405,6002,6010
431242,6033,6039
2231,6969,6977
150386,7004,7012
144686,7035,7043
402965,7074,7080
17898,7106,7114
548332,7140,7148
147421,7170,7178
200719,7226,7234
200712,7256,7264
200832,7296,7302
147746,7327,7333
203251,7358,7366
119544,7390,7398
6100,7426,7432
203518,7460,7468
352158,7497,7501
548355,7528,7532
539472,7561,7565
1667,7588,7598
146656,7620,7626
11,7649,7659
351733,7682,7690
351891,7761,7765
256548,7843,7851
351891,8130,8138
351893,8179,8187
256548,8218,8224
540095,8472,8476
586127,8502,8508
1469,8543,8547
1463,8593,8597
2101,8622,8628
741290,8658,8662
1475,8686,8694
80389,8746,8752
546456,8776,8784
11,8809,8815
56514,8843,8853
351891,8875,8881
256539,10017,10023
915,10047,10053
353899,10078,10086
690670,10113,10117
338211,10146,10154
462639,10179,10189
762892,10213,10217
546472,10241,10249
5160,10337,10345
6370,10367,10377
548347,10397,10407
167955,10446,10454
548388,10490,10498
661421,10528,10532
5156,10577,10581
34,10630,10640
354814,10698,10706
911,10736,10742
153830,10769,10779
353820,10812,10818
54443,10844,10850
350918,10876,10884
419553,10908,10914
350904,10937,10945
55353,10997,11003
55351,11027,11035
115804,11058,11066
300559,11091,11099
428441,11144,11150
544223,11178,11184
115837,11209,11213
351303,11238,11248
98255,11270,11278
56449,11301,11309
2178,11333,11343
342784,11372,11376
342731,11404,11410
354343,11456,11462
1547,11489,11495
354380,11528,11536
354437,11574,11580
354556,11611,11615
122736,11641,11647
348404,11675,11683
540099,12485,12491
148757,12515,12523
533732,12546,12552
534209,12575,12583
535626,12611,12617
348839,12658,12664
16590,12692,12698
16542,12737,12747
430234,12774,12780
538577,12806,12810
150829,12839,12843
4051,12942,12952
541511,12980,12986
17254,13011,13019
90642,13042,13050
530152,13071,13081
344409,13103,13111
344401,13134,13142
4078,13174,13178
344389,13203,13213
150446,13237,13241
346411,13267,13271
117709,13340,13348
344300,13386,13394
110147,13417,13425
119873,13450,13456
343087,13480,13486
343096,13541,13551
318805,13655,13663
343096,13782,13790
318805,13836,13844
343096,13903,13909
343099,13939,13947
343096,14041,14045
343112,14161,14171
152695,14195,14203
402137,14465,14475
402139,14515,14523
402137,14604,14612
402139,14790,14798
343123,14849,14853
399307,14880,14888
344362,14917,14925
318818,14947,14955
587505,17845,17855
4137,17877,17887
320209,18477,18485
152690,18510,18516
404997,18550,18556
530106,18580,18586
344335,18609,18617
317068,20882,20886
530106,20917,20921
402129,20949,20957
481499,20993,20997
350135,24077,24083
151535,24128,24136
4159,24177,24185
350131,24208,24214
350144,24530,24538
350138,24569,24577
121510,24609,24615
308361,24675,24685
343033,24720,24730
152661,25170,25178
152668,25215,25221
343253,25253,25263
530289,25289,25295
343136,25321,25325
152649,25407,25411
344397,25444,25450
344406,25475,25481
341879,25511,25517
90644,25542,25548
341890,25573,25579
17290,25605,25613
74345,25663,25673
330135,25694,25702
92,25741,25751
152789,25776,25784
332585,25816,25820
16772,25852,25856
341442,25896,25900
254974,25929,25933
148861,25959,25965
17103,25996,26002
355473,26031,26039
115902,26061,26069
355482,26095,26101
345623,26127,26135
54252,26165,26169
683484,26201,26207
345644,26236,26242
725,26265,26275
260541,26309,26315
56731,26338,26346
541832,26370,26376
541833,26426,26434
317401,26456,26464
436166,26489,26497
57869,26521,26529
145288,26552,26560
317394,26588,26592
562171,26616,26624
317398,26649,26653
11861,26693,26699
704381,26730,26738
215265,26852,26860
542212,26883,26891
352743,26914,26924
120830,26947,26951
324665,26980,26988
115973,27015,27025
346127,27052,27056
545694,27109,27113
462863,27139,27147
5686,27173,27179
116010,27203,27213
20735,27237,27241
345251,27266,27272
13482,27310,27318
341762,27360,27368
20732,27392,27396
54827,27452,27460
54844,27531,27535
164230,27573,27579
116632,27610,27618
15163,27666,27670
53924,27745,27753
147266,27792,27798
335369,27822,27832
147261,27870,27874
690322,27901,27905
68760,27948,27954
196316,27987,27995
448497,28025,28029
419574,28136,28142
78916,28180,28188
78928,28253,28259
144537,28410,28418
419564,28462,28468
655325,28494,28502
336596,28611,28621
148605,28684,28688
147278,28714,28724
57914,28751,28759
320580,28782,28788
125850,28814,28818
384498,28989,28997
413854,29020,29028
797567,29054,29060
15079,29089,29095
15061,29122,29128
19599,29150,29160
344169,29180,29190
54575,29212,29218
54576,29243,29251
334254,29286,29296
178433,29343,29349
53997,29457,29465
148078,29537,29543
316243,29568,29572
334931,29630,29634
587856,29809,29813
53943,29860,29866
53928,29905,29913
751464,29966,29972
315449,30021,30031
148078,30078,30084
407198,30118,30124
413814,30193,30197
335118,30507,30511
535079,30539,30545
53928,30570,30578
654260,30608,30614
53942,30639,30643
315449,30684,30688
144775,30714,30718
149885,30769,30775
147180,30802,30808
581629,30833,30841
54485,30864,30872
334589,30918,30928
570788,30955,30961
299963,30988,30996
334906,31040,31046
147154,31107,31111
334916,31141,31147
178426,31184,31190
334238,31226,31234
316104,31257,31265
148764,31291,31301
15072,31347,31355
894828,31406,31416
15088,31445,31453
336575,31479,31485
654084,31511,31517
336593,31544,31550
181419,31623,31631
413863,31660,31666
303739,31711,31719
693200,31742,31748
181304,31770,31780
391598,31845,31851
337882,31878,31888
78928,31955,31959
144537,32277,32283
419564,32316,32320
336596,32383,32389
367818,32413,32421
148610,32452,32456
147278,32483,32487
57914,32523,32529
147272,32551,32561
770534,32596,32604
484531,32633,32637
575548,32662,32672
484531,32714,32720
683897,32752,32760
289787,32792,32800
147348,32822,32830
147347,32862,32870
336632,32894,32900
336149,32935,32939
336056,33013,33019
336052,33043,33049
72121,33127,33133
147387,33204,33214
581760,33237,33245
534769,33273,33281
534766,33307,33311
151286,33339,33343
147379,33391,33397
336557,33427,33431
117588,33457,33461
334254,33489,33497
53997,33537,33543
534652,33571,33579
315459,33613,33619
148078,33665,33673
407198,33696,33704
413814,33813,33819
1716,34323,34327
535081,34358,34364
53928,34389,34397
751464,34432,34440
534652,34462,34472
203741,34735,34743
54577,34769,34775
68737,34822,34828
655707,34853,34861
144826,34904,34912
144822,34958,34962
144823,34989,34997
144822,35032,35040
54358,35064,35072
343526,35093,35103
12565,35142,35150
54349,35181,35189
55936,35222,35228
13117,35254,35260
50509,35299,35305
832910,35331,35335
267283,35362,35372
341418,35395,35403
17213,35449,35457
55664,35484,35494
55671,35518,35524
17250,35559,35565
342348,35591,35595
90647,35638,35644
530150,35671,35681
266862,35709,35717
344407,35745,35753
344402,35779,35783
344388,35812,35816
315907,35855,35861
294688,35895,35903
294682,35931,35935
316439,35986,35992
267002,36049,36055
580964,36081,36089
320796,36114,36120
321015,36147,36151
586017,36225,36235
321258,36393,36401
343903,36425,36429
152749,36460,36468
342499,36493,36499
4088,36524,36530
343330,36556,36566
308308,36588,36594
90643,36625,36635
341888,36657,36667
17290,36706,36714
74345,36767,36777
55663,36803,36811
92,36833,36841
152789,36867,36875
332585,36904,36914
16772,36947,36957
16788,36978,36988
341443,37022,37030
254974,37054,37062
148859,37087,37093
541486,37129,37135
17103,37171,37179
122360,37203,37209
355473,37238,37244
17469,37267,37275
7203,37299,37307
148855,37330,37338
355482,37366,37374
21019,37398,37404
531905,37431,37437
7217,37460,37468
265,37495,37499
18574,37525,37529
18226,37557,37563
9002,37633,37639
353681,37661,37671
345579,37694,37698
6891,37755,37765
55080,37796,37802
345572,37835,37841
148869,37867,37875
210719,37898,37906
210720,37936,37942
351645,37987,37995
15871,38020,38026
543664,38050,38056
721,38118,38122
855,38148,38156
17661,38204,38212
15667,38301,38305
540259,38331,38339
181473,38362,38370
80397,38414,38422
20966,38447,38455
7159,38487,38491
355484,38516,38524
148898,38551,38561
254276,38585,38593
533071,38616,38622
17108,38646,38652
16842,38676,38684
534194,38711,38721
1955,38744,38752
150746,38776,38784
54962,38823,38831
355579,44825,44831
392966,44856,44864
392967,44892,44898
2322,44957,44963
533424,45025,45033
16699,45063,45069
290842,45093,45103
492262,45126,45130
535722,45154,45162
308807,45188,45194
308804,45226,45234
348673,45351,45357
348688,45407,45417
348673,45441,45451
308804,45479,45487
290847,45511,45517
269025,45543,45549
403266,45571,45581
308867,45604,45608
308869,45697,45703
6311,45746,45750
308869,45776,45780
403267,45834,45840
307558,45923,45929
261291,45961,45965
348646,45992,46000
1438,46022,46030
402780,46052,46060
55566,46117,46125
55567,46164,46170
55471,46195,46201
16574,46230,46234
344278,46259,46265
489524,46288,46296
633345,46319,46327
74568,46351,46359
336664,46384,46392
534745,46416,46426
55467,46448,46458
348190,46512,46516
348175,46542,46552
541445,46572,46582
267126,46664,46670
267118,46700,46708
744311,46740,46746
13121,46774,46780
255932,46802,46812
11730,46845,46851
530670,46881,46887
256601,46913,46921
256641,46951,46961
651831,46985,46993
335586,47026,47030
540280,47060,47064
144823,47102,47110
12447,47139,47147
15076,47172,47178
15088,47206,47210
1690,47234,47242
413848,47265,47271
181419,47416,47422
181234,47445,47455
762834,47484,47494
181249,47534,47542
75174,47568,47574
181260,47613,47617
181415,47682,47688
384498,47713,47717
413847,47744,47752
797567,47777,47781
54243,47840,47850
798519,47874,47880
575548,47910,47918
337471,47942,47948
181419,48047,48055
181268,48095,48101
303897,48131,48135
75175,48164,48170
685317,48194,48200
631641,48226,48230
303746,48256,48262
571150,48325,48333
181289,48367,48373
571150,48628,48632
391598,48662,48668
337882,48694,48702
78928,48735,48743
75174,48767,48771
181260,48806,48814
181402,48841,48847
367824,48870,48880
384498,48901,48909
148605,48948,48958
53817,48992,49002
147278,49034,49040
289337,49072,49082
419588,49111,49115
57915,49140,49146
562013,49169,49177
561998,49201,49209
53831,49233,49241
289334,49284,49294
148613,49316,49324
53812,49365,49369
147333,49403,49407
625703,49433,49439
647194,49462,49470
57817,49492,49500
534754,49526,49532
336008,49570,49576
336098,49600,49606
684001,49644,49648
335995,49727,49731
151114,49759,49765
15125,49812,49820
690681,49851,49855
314554,49888,49892
335382,49948,49958
335390,49982,49990
55652,50045,50051
149354,50087,50097
887277,50131,50135
148305,50168,50176
123784,50200,50204
685567,50238,50242
334655,50270,50274
148198,50391,50399
334647,50421,50429
335591,50454,50464
335597,50501,50511
335601,50544,50548
68728,50574,50582
372490,50632,50640
335437,50696,50702
290522,50725,50735
151192,50759,50765
151146,50790,50796
315333,50875,50883
394540,50906,50914
538946,50938,50944
622129,50974,50984
342449,51010,51018
648208,51052,51062
654571,51098,51106
615133,51146,51154
407654,51183,51189
342486,51273,51283
336190,51305,51311
2882,51336,51340
335955,51365,51373
685415,51414,51422
402433,51448,51458
402424,51481,51487
335941,51512,51520
149338,51545,51555
542555,51577,51583
142429,51610,51618
336331,51651,51657
410374,51843,51851
684134,52115,52119
341578,52230,52238
23015,52297,52303
341587,52330,52338
122085,52371,52379
122099,52415,52425
23018,52451,52459
12832,52483,52491
12866,52594,52600
344504,52628,52638
150208,52662,52666
253903,52691,52697
54377,52722,52726
433630,52752,52756
290839,52789,52795
255302,52832,52840
344562,52863,52871
273718,52952,52958
331638,52985,52991
344575,53024,53030
151252,53055,53061
492410,53090,53096
544177,53155,53161
432922,53185,53193
339566,53355,53363
339574,53392,53398
13269,53430,53436
55678,53459,53467
474,53489,53497
300221,53524,53532
339576,53559,53569
445,53595,53599
15828,53622,53632
339567,53656,53662
255542,53686,53696
307861,53728,53734
339670,53772,53780
15394,53802,53810
15395,53925,53935
402081,53989,53993
149866,54035,54043
55817,54069,54079
55891,54220,54228
55816,54275,54281
339534,54304,54312
13381,54340,54346
615926,54618,54626
536435,54662,54670
55895,54698,54702
340702,54732,54736
290689,54786,54794
282874,54819,54825
372706,54908,54912
372716,54947,54953
290700,54988,54994
535160,55019,55023
290701,55087,55095
55511,55123,55133
117720,55155,55161
56806,55190,55200
348779,55225,55231
150782,55261,55265
16749,55295,55303
332611,55326,55336
402717,55426,55432
16675,55466,55474
535071,55513,55523
55496,55577,55587
150829,55618,55624
16574,55664,55674
148841,55697,55705
16709,55847,55855
4051,55905,55915
348218,55939,55945
541511,55979,55983
342349,56008,56016
90647,56044,56048
530152,56074,56080
697122,56106,56112
344409,56135,56145
344402,56170,56178
344388,56207,56213
346376,56248,56252
150440,56281,56287
690307,56315,56325
710934,56349,56357
308346,56382,56392
343193,56415,56425
152658,56451,56455
534950,56480,56486
399320,56512,56520
151670,56546,56552
4116,56588,56596
317221,56663,56671
317234,56722,56730
769194,57533,57543
316476,57566,57574
152694,57600,57604
344335,57636,57646
341997,57682,57688
119873,57732,57742
343190,57764,57772
345884,66702,66710
345879,66753,66759
621447,66786,66792
297398,66817,66823
297403,66846,66856
343017,66884,66892
343029,66936,66942
246053,66969,66973
530303,66999,67005
343136,67029,67037
152649,67138,67148
159844,67171,67181
344399,67214,67218
344414,67245,67251
50540,67274,67284
90643,67328,67338
341887,67359,67367
541530,67394,67398
348223,67425,67429
290419,67520,67528
290428,67560,67568
79486,67592,67598
685201,67621,67629
150857,67677,67685
150861,67716,67724
55462,67750,67754
407270,67783,67789
348175,67815,67823
762664,67846,67854
152789,67896,67904
152544,67932,67938
16831,67962,67972
16772,67995,68003
16788,68027,68035
341443,68070,68074
254975,68104,68112
17124,68134,68142
541486,68172,68178
17103,68215,68219
355457,68245,68249
17469,68273,68281
115933,68304,68312
345336,68337,68343
53970,68372,68380
345416,68407,68413
55004,68437,68445
86758,68479,68487
6747,68514,68522
201138,68552,68558
201114,68582,68588
354223,68618,68624
146741,68656,68662
201113,68703,68711
354235,68732,68742
192934,68769,68779
479444,68833,68839
80009,68863,68871
80004,68902,68912
80009,68988,68996
80004,69039,69047
645703,69072,69078
541068,69101,69109
541072,69132,69138
200828,69162,69168
993881,69196,69204
1001470,69226,69236
815361,69265,69269
1001469,69326,69330
473530,69360,69364
351634,69392,69398
351638,69457,69463
696528,69541,69547
762207,69592,69600
351639,69659,69667
148591,69690,69696
764505,69718,69728
289206,69752,69762
661766,69784,69792
343722,69846,69850
343702,69888,69894
343715,69919,69925
56868,69950,69954
18580,69982,69990
696925,70022,70028
354906,70053,70059
586951,70084,70094
146568,70118,70122
934,70161,70169
82652,70259,70267
354854,70355,70363
119957,70387,70393
331731,70418,70424
109366,70450,70454
861297,70480,70486
383854,70521,70525
689677,70556,70562
351927,70593,70601
351944,70629,70637
14068,70671,70677
271472,70948,70958
579443,71013,71023
611908,71048,71056
203468,71083,71087
758512,71114,71120
354854,71151,71155
354874,71179,71187
332,71221,71229
353831,71253,71261
541667,71283,71293
190886,71324,71328
158222,71376,71382
351829,71412,71422
55751,71449,71457
56597,71479,71489
353765,71519,71529
153830,71551,71559
55118,71580,71590
153809,71645,71653
353822,71676,71682
350919,71710,71718
149403,71743,71747
354856,71772,71778
383611,71804,71812
355720,71834,71844
355706,71867,71875
2132,71904,71908
2136,71965,71973
2180,71998,72004
343537,72029,72037
342731,72061,72067
1627,72091,72097
354343,72124,72132
1569,72156,72160
1574,72207,72211
354422,72250,72258
354437,72282,72290
205247,72311,72321
122736,72360,72370
347386,72397,72401
2251,72425,72433
354877,72455,72463
2210,72486,72494
347018,72516,72524
354893,72546,72556
54948,72583,72593
347718,72618,72624
16725,72651,72657
347950,72686,72694
348583,72719,72727
348586,72751,72755
150400,72811,72817
348604,72854,72858
349764,72886,72892
349763,72926,72936
349769,72957,72965
17308,72994,73000
17317,73044,73050
351029,73075,73083
351028,73113,73121
351004,73149,73157
551475,73211,73217
17396,73241,73247
17399,73272,73276
556678,73304,73314
3778,73361,73369
70499,73394,73404
403351,73426,73432
654728,73499,73505
3971,73641,73647
152094,73670,73678
684955,73700,73710
152130,73740,73748
57256,73775,73779
57271,73808,73818
3751,73871,73877
3682,74554,74562
352837,74629,74639
332293,74659,74669
57246,74693,74699
70273,74743,74751
70303,74792,74800
70287,74832,74842
17392,74871,74877
350993,74918,74926
351003,74963,74969
120848,75007,75013
120846,75045,75051
17298,75085,75095
206420,75116,75126
17266,75150,75156
74345,75197,75201
55663,75228,75234
93,75264,75272
152541,75297,75303
332585,75330,75336
16772,75381,75385
16788,75412,75418
254974,75447,75453
17118,75477,75485
17103,75510,75516
355473,75546,75556
115905,75583,75591
907297,75628,75636
345623,75666,75674
345624,75702,75708
54252,75734,75740
56608,75833,75843
683484,75863,75873
345642,75895,75901
410266,75925,75931
410264,75959,75965
12964,75990,75996
695090,76020,76026
695069,76051,76061
539682,76083,76089
694953,76114,76122
581604,76150,76156
541400,76211,76219
538987,76272,76276
54080,76300,76310
56728,76343,76349
147633,76374,76382
317395,76405,76413
147635,76440,76446
56735,76470,76478
436155,76505,76515
4522,76541,76549
436166,76694,76704
436165,76756,76766
1457,76787,76797
348954,76819,76827
21976,76850,76856
55100,76905,76913
348424,76938,76946
144057,77021,77025
148799,77051,77061
343977,77112,77116
740,77149,77159
534864,77181,77191
147754,77229,77235
662,77297,77305
665,77326,77336
351266,77358,77364
17661,77425,77431
80357,77458,77462
348869,77488,77498
1468,77576,77582
35,77639,77649
2101,77676,77684
1473,77708,77714
538949,77741,77745
18571,77768,77778
80397,77815,77823
20966,77851,77859
540916,77886,77894
21021,77927,77935
7159,77976,77984
7164,78013,78019
548373,78043,78049
289498,78074,78082
537041,78111,78119
146745,78204,78212
146738,78234,78242
353395,78271,78277
201131,78310,78320
201117,78346,78354
200719,78395,78401
147746,78425,78431
148933,78456,78462
297409,78487,78495
6100,78530,78538
56509,78562,78566
551522,78596,78600
591777,78631,78635
351922,78659,78667
164061,78691,78695
6381,78730,78738
763629,78761,78769
697098,78795,78801
6404,78830,78838
201263,78881,78885
643219,78930,78936
21469,78971,78981
6380,79135,79143
75306,79164,79174
5156,79202,79210
75215,79232,79240
6370,79274,79282
351899,79313,79317
75243,79357,79365
351893,79390,79396
540095,79436,79442
326,79510,79516
1475,79602,79608
581583,79636,79642
605399,79672,79680
684450,79775,79781
461417,79809,79817
538849,79960,79968
5719,79998,80004
201084,80029,80035
349633,80059,80067
122295,80103,80107
15,80147,80153
110227,80193,80201
349645,80227,80235
20942,80256,80266
320182,80289,80293
810803,80322,80328
5704,80364,80370
123864,80398,80404
181375,80431,80439
321447,80467,80473
349654,80499,80505
586130,80536,80542
21107,80570,80576
586131,80602,80610
586130,80688,80698
277840,80719,80727
350394,80752,80756
436027,80782,80790
12921,80815,80821
460861,80845,80851
734,80875,80883
110220,80909,80917
348420,80971,80977
348724,81002,81010
55095,81064,81072
343971,81141,81147
343973,81235,81241
1504,81266,81276
343974,81297,81305
1504,81327,81335
343973,81415,81421
343971,81443,81453
343973,81480,81490
343977,81511,81519
151509,81541,81549
563657,81580,81588
349212,81615,81623
55274,81695,81701
277856,81729,81735
15861,81762,81768
128679,81791,81799
86448,81822,81828
201091,81850,81860
879524,81881,81889
1658,81912,81918
343722,81942,81950
343706,81982,81992
551501,82016,82022
273152,82086,82094
56867,82118,82122
352163,82147,82153
57788,82194,82202
57794,82235,82243
56496,82284,82290
20408,82324,82332
20414,82377,82383
20419,82442,82448
20441,82472,82480
200366,82504,82508
151830,82533,82541
84694,82573,82583
84595,82607,82613
535063,82642,82646
200,82674,82680
652057,82706,82714
203937,82737,82743
84186,82767,82775
3112,82801,82809
536847,82841,82845
338038,82870,82878
329827,83039,83047
542634,83076,83082
329825,83104,83114
56899,83255,83259
351769,83338,83348
537102,83438,83448
351766,83471,83475
351769,83561,83565
56899,83685,83691
351769,83773,83783
56899,83915,83923
338037,83947,83951
351311,83977,83985
403035,84007,84017
351708,84049,84059
537024,84081,84087
543566,84111,84117
537000,84139,84149
56882,84175,84179
277046,84203,84213
535396,84240,84244
57398,84270,84274
535425,84299,84307
326449,84334,84344
326466,84366,84372
404368,84399,84407
151837,84428,84438
84692,84464,84472
54742,84926,84936
345302,84971,84975
17499,85007,85011
20498,85036,85042
20497,85069,85075
2378,85134,85140
57737,85164,85170
54270,85195,85201
575930,85225,85231
854,85256,85260
651627,85289,85293
147633,85329,85337
147635,85362,85370
575618,85402,85412
348543,85439,85443
56735,85477,85483
56740,85508,85512
754,85600,85608
55090,85638,85642
152014,85667,85675
56634,85698,85704
54617,85756,85764
460861,85794,85800
21085,85826,85832
698535,85856,85864
462805,85889,85895
200822,85926,85930
200711,85956,85962
539515,85991,86001
147709,86023,86031
654016,86054,86060
354225,86161,86171
354233,86197,86201
654918,86227,86233
192934,86316,86326
201131,86347,86355
