345189,2,10
5606,31,41
13479,71,79
20739,103,111
345290,142,148
20242,178,188
345340,211,215
110072,240,246
345428,274,284
20387,311,317
119544,342,346
57788,375,383
57794,408,412
56496,445,451
20408,483,489
20414,521,525
57766,557,563
159287,587,595
20458,631,639
651838,667,675
270886,709,715
20309,744,752
84929,788,796
85004,824,828
20208,856,864
537431,889,895
4815,926,934
346926,959,963
346953,999,1003
20131,1031,1039
545884,1068,1074
57030,1098,1106
739865,1129,1137
443021,1160,1166
613479,1213,1221
443021,1302,1308
199998,1334,1338
739515,1363,1369
273528,1393,1399
150647,1435,1443
150589,1473,1481
353246,1503,1511
147233,1533,1541
75768,1597,1603
206305,1628,1638
438696,1664,1670
54529,1695,1705
286768,1732,1738
348123,1761,1769
142855,1797,1801
19730,1827,1833
345037,1859,1865
16019,1893,1897
345101,1920,1930
345121,1950,1960
56042,1990,1996
80597,2120,2126
351095,2157,2163
6011,2210,2216
284805,2240,2246
210747,2273,2277
584336,2302,2308
290528,2344,2352
145123,2494,2500
271335,2525,2529
547038,2553,2561
6071,2588,2596
56448,2623,2629
342808,2654,2658
115872,2690,2700
355703,2738,2744
355732,2767,2777
354854,2799,2809
569614,2830,2840
148096,2865,2873
252014,2897,2903
640678,2929,2935
462743,2960,2966
689677,2993,2999
683469,3023,3029
352151,3055,3063
86818,3087,3091
148923,3118,3126
20372,3155,3161
345421,3186,3190
54742,3220,3226
345302,3249,3257
347458,3288,3294
116029,3319,3327
5588,3349,3359
13486,3385,3389
20732,3419,3427
54827,3464,3468
54844,3520,3526
164230,3556,3564
116632,3592,3602
15163,3646,3650
53924,3675,3681
567702,3705,3711
57907,3735,3745
53976,3777,3783
53977,3897,3903
289337,3931,3939
574353,3965,3971
267403,3996,4004
444016,4032,4038
567702,4101,4109
200312,4155,4159
15232,4205,4211
116633,4242,4248
20771,4271,4281
20633,4329,4333
651861,4362,4368
20706,4401,4407
345201,4438,4444
13479,4474,4480
20739,4504,4512
345290,4548,4552
532121,4577,4583
14256,4607,4615
430084,4639,4643
198035,4668,4674
198032,4703,4709
533071,4739,4745
17108,4775,4783
148833,4809,4817
2323,4844,4852
533424,4876,4882
16699,4911,4917
346759,5931,5939
4316,5961,5969
306310,5991,5999
486807,6082,6088
486811,6172,6178
306289,6293,6297
290844,6532,6540
269024,6568,6574
306287,6811,6817
290848,6847,6855
537464,7254,7260
307557,7342,7350
54018,7377,7387
347908,7408,7418
347923,7460,7468
150721,7491,7497
255949,7521,7527
2330,7613,7617
402716,7642,7648
144742,29298,29306
144743,29353,29357
53941,29382,29388
149872,29429,29439
147140,29491,29497
178426,29536,29544
53993,29591,29595
799058,29623,29627
19628,29674,29682
148764,29738,29744
54709,29780,29788
15076,29839,29847
147537,29934,29942
336575,29966,29976
654084,30000,30008
464088,30032,30040
336596,30078,30084
68750,30149,30157
181497,30227,30233
1728,30257,30263
690318,30289,30295
124879,30318,30326
484487,30467,30473
124907,30521,30529
335370,30599,30605
15217,30630,30636
15138,30661,30669
164103,30699,30705
15123,30742,30752
690681,30775,30783
314554,30808,30814
336163,30838,30846
336187,30874,30878
313178,30951,30959
2881,31011,31019
402443,31083,31093
402433,31117,31127
147295,31160,31168
335941,31204,31210
149333,31260,31268
149338,31292,31302
126248,31361,31371
997585,31395,31399
439629,31427,31437
122099,31477,31487
684134,31508,31516
342625,31642,31652
541848,31673,31681
2863,31763,31769
534576,31800,31808
290680,31851,31859
4577,31883,31887
592,31912,31918
87604,31942,31948
633307,32238,32248
322939,32270,32280
532425,32307,32315
341108,32339,32347
431578,32371,32375
341298,32420,32426
341299,32449,32457
341316,32498,32508
148578,32544,32550
55256,32609,32615
537556,32643,32649
534263,32674,32678
340107,32708,32716
55263,32744,32750
339104,32773,32781
339111,32807,32813
12830,32835,32845
421471,32871,32877
23066,32966,32974
23045,33001,33007
344520,33031,33039
12952,33076,33084
54025,33115,33123
117578,33146,33154
17166,33177,33183
122360,33211,33219
355474,33243,33247
355478,33271,33281
355479,33307,33313
4548,33339,33343
21020,33369,33375
115972,33400,33404
21004,33434,33440
352320,33467,33473
122256,33506,33514
20942,33568,33572
1658,33612,33620
14043,33657,33663
416970,33686,33694
6382,33716,33724
351965,33806,33816
252052,33839,33845
109365,33927,33933
540279,33985,33995
698915,34080,34090
353870,34155,34165
330,34192,34202
353875,34264,34270
538950,34322,34328
538949,34351,34361
18573,34385,34393
378,34428,34438
20966,34463,34469
540916,34494,34500
394375,34525,34531
416608,34568,34578
354594,34603,34607
148256,34631,34641
704379,34662,34672
541111,35026,35034
54749,35066,35070
280062,35107,35111
147683,35144,35150
343769,35178,35184
346127,35209,35213
14255,35259,35267
345297,35312,35320
345322,35345,35353
17489,35380,35384
198038,35410,35414
346190,35451,35457
149261,35486,35492
83616,35517,35523
1294,35549,35555
346279,35578,35586
4301,35610,35616
348737,35646,35652
309989,35680,35684
309950,35729,35737
534561,35761,35767
149317,35797,35807
348673,35853,35857
348671,35886,35890
346620,35955,35961
56622,36009,36019
403266,36053,36059
534365,36124,36134
307558,36188,36192
534750,36255,36263
54016,36295,36305
403260,36344,36352
403248,36379,36389
306062,36410,36420
403243,36443,36449
372618,36518,36528
346311,36552,36560
348860,36605,36613
55035,36703,36711
348744,36735,36743
122778,36765,36775
150309,36802,36810
56875,36858,36864
122737,36889,36893
533485,36919,36925
54420,36952,36960
310355,37002,37008
2284,37031,37039
17113,37062,37070
17152,37152,37158
198033,37189,37195
355462,37218,37226
17464,37258,37266
17498,37297,37301
347458,37339,37343
116029,37384,37394
20745,37419,37427
543116,37449,37457
5598,37543,37547
148278,37592,37600
191071,37626,37636
54403,37662,37668
723265,37696,37700
588515,37726,37730
339656,37760,37768
1483,37808,37812
539420,37840,37848
694553,37905,37915
539370,37936,37944
57701,38084,38094
191066,38116,38122
54912,38151,38159
337021,38193,38203
337022,38232,38236
151876,38267,38273
538234,38297,38305
342388,38328,38338
255688,38360,38366
582362,38394,38400
611604,38432,38438
544654,38486,38494
325784,38526,38534
695770,38631,38639
607044,38692,38698
544910,39873,39877
341603,39902,39908
13112,39931,39941
341601,39990,40000
576050,40022,40028
178444,40052,40058
53972,40116,40124
53971,40158,40168
342675,40194,40200
146832,40237,40247
13457,40305,40311
489944,40388,40396
5594,40446,40452
5598,40474,40484
538373,40516,40524
149518,40547,40553
21251,40591,40599
17838,40639,40645
338728,40673,40679
338733,40704,40710
338735,40738,40742
424494,40766,40776
324005,40796,40806
338751,40827,40837
338749,40860,40864
755,40912,40920
54163,40957,40965
57730,40989,40995
532175,41029,41039
21444,41068,41076
277673,41136,41144
347651,41166,41174
456963,41213,41221
348329,41250,41256
71178,41281,41285
816583,41313,41323
754,41345,41351
348456,41375,41383
317401,41405,41413
556975,41437,41445
354730,41469,41473
57867,41499,41503
321626,41589,41599
541139,41622,41626
541030,41652,41662
12964,41691,41697
4530,41723,41729
350287,41784,41790
350292,41818,41822
122305,41848,41856
539214,41913,41923
146621,41951,41955
201095,42018,42024
201134,42069,42073
353392,42108,42114
146745,42162,42166
86808,42191,42197
122298,42222,42230
345624,42254,42258
536654,42286,42292
699825,42321,42325
54749,42366,42372
120829,42399,42403
814320,42429,42439
343768,42570,42578
343051,42606,42610
14246,42638,42642
345297,42682,42688
53962,42712,42720
53970,42754,42764
345416,42791,42799
345442,42822,42828
20387,42858,42866
119544,42897,42903
57788,42933,42941
57794,42966,42974
56496,43007,43015
20408,43042,43050
20414,43085,43095
57766,43127,43135
159287,43161,43171
56481,43192,43202
57359,43228,43232
472313,43259,43267
270886,43298,43306
20309,43335,43341
84929,43378,43386
346882,43408,43416
146804,43442,43448
3395,43516,43524
355838,43547,43555
586270,43607,43613
322254,43738,43742
407295,43797,43801
352884,43825,43835
352811,43908,43912
352801,44031,44039
352929,44068,44072
3395,44099,44105
325296,44134,44140
537757,44163,44171
56257,44238,44242
355414,44266,44274
571237,44300,44304
147424,44329,44335
84887,44363,44371
84919,44394,44404
20310,44434,44442
164091,44485,44489
346749,44513,44521
20453,44544,44550
84829,44573,44581
159283,44610,44618
57752,44687,44695
855618,44723,44729
684494,44753,44761
81627,44788,44798
113114,44822,44830
56517,44856,44864
4688,44888,44892
20376,44922,44930
147095,44961,44965
1279,44990,44996
345303,45018,45028
22776,45049,45057
347844,45081,45085
20735,45114,45118
5588,45142,45152
13482,45174,45180
341762,45218,45224
20710,45248,45258
341764,45280,45288
337010,45322,45328
71732,45351,45359
4337,45383,45391
339211,45415,45423
543411,45456,45462
4339,45484,45494
4345,45518,45524
56160,45744,45752
286680,45774,45782
182333,45830,45836
4370,45859,45869
694567,45892,45898
690601,45923,45927
331616,45954,45962
54880,45986,45990
54909,46067,46073
337024,46111,46117
337022,46145,46149
345185,46178,46182
345200,46212,46222
5609,46244,46250
5616,46311,46317
690772,46341,46351
344449,46397,46403
13457,46490,46496
13460,46527,46533
54407,46698,46706
685406,46758,46762
55202,46786,46794
684332,46817,46825
290535,46846,46856
2844,46977,46983
53914,47020,47026
342454,47054,47058
2847,47086,47096
407312,47119,47127
342476,47151,47161
355532,47190,47198
212218,47222,47230
768875,47258,47262
212198,47290,47300
768877,47331,47337
342481,47388,47396
355537,47423,47427
342457,47453,47461
341770,47488,47498
20718,47519,47527
54827,47581,47589
54844,47651,47655
164230,47690,47700
116632,47732,47738
273836,47762,47768
651840,47792,47800
22925,47832,47840
54718,47869,47875
654228,47909,47913
54244,47937,47945
7192,47969,47977
486233,48009,48015
148721,48045,48053
148740,48085,48093
334246,48135,48143
545231,48202,48208
334249,48237,48245
486291,48268,48274
167229,48300,48304
50510,48333,48339
15563,48362,48370
17451,48394,48402
545013,48426,48430
15028,48467,48475
1691,48500,48510
543159,48533,48541
147537,48564,48572
334352,48595,48605
203796,50370,50376
334299,50404,50410
289395,50435,50439
334271,50470,50476
372757,50509,50517
289289,50541,50547
53997,50572,50580
144742,50605,50615
144775,50645,50653
149872,50685,50691
147487,50715,50723
147131,50816,50826
147202,50850,50858
299840,50884,50890
540035,50929,50935
299939,50959,50965
147143,50997,51005
147149,51036,51046
144720,51069,51075
334803,51105,51113
147216,51145,51151
53880,51226,51232
334654,51260,51266
144722,51291,51301
334988,51334,51342
151060,51373,51381
147327,51411,51417
147310,51443,51451
651043,51474,51480
126416,51516,51522
126427,51547,51557
126313,51578,51586
335505,51616,51626
148295,51649,51659
815163,51682,51692
449133,51716,51720
335531,51752,51762
149365,51834,51842
335443,51869,51877
342447,51902,51910
407657,51933,51941
342486,51995,52003
495814,52033,52041
993461,52067,52073
336139,52099,52103
147293,52171,52177
402443,52204,52212
402433,52238,52242
149333,52270,52276
126248,52330,52334
542485,52361,52367
379921,52392,52398
122099,52460,52464
23018,52495,52501
342635,52538,52544
12014,52569,52579
290624,52629,52637
595,52662,52668
341107,52704,52708
357221,52758,52766
57720,52834,52844
23045,52878,52888
344519,52912,52918
12944,52945,52949
12943,52995,53001
117578,53031,53035
17166,53058,53068
122360,53096,53102
17469,53131,53135
148858,53162,53170
907297,53194,53202
164085,53228,53234
7217,53268,53274
397,53300,53306
148873,53502,53508
6889,53531,53539
1135,53562,53568
1032,53597,53605
342286,53648,53654
316873,53681,53685
316879,53713,53717
1058,53769,53773
812008,53894,53898
55156,53962,53970
5458,53992,54000
23156,54036,54044
1030,54131,54135
1133,54181,54189
57855,54212,54218
351568,54245,54251
148895,54274,54282
812281,54427,54433
20966,54468,54476
562048,54506,54510
7164,54542,54548
355487,54575,54585
281601,54609,54617
1293,54644,54648
346190,54680,54684
149261,54724,54728
391978,54757,54761
269242,54923,54931
391975,55032,55040
269242,55181,55189
391975,55242,55248
269242,55270,55280
391975,55301,55309
269220,55361,55371
149262,55455,55465
269220,55854,55862
83616,55889,55895
1295,55919,55927
346280,55952,55962
122737,55987,55995
533485,56022,56026
81438,56062,56072
77047,56096,56102
1294,56127,56131
77049,56156,56164
1361,56188,56194
1370,56227,56235
55610,56258,56268
55613,56327,56335
17104,56366,56374
254973,56399,56405
542049,56435,56445
534192,56497,56505
1947,56526,56536
16743,56557,56565
332601,56601,56607
150735,56632,56636
402716,56659,56669
655126,57846,57850
312992,57874,57882
360366,58281,58289
55488,58325,58329
150803,58356,58360
56813,58386,58392
54037,58426,58430
491529,58480,58484
148841,58528,58536
4051,58622,58626
541511,58653,58659
57899,58681,58691
90641,58726,58732
342342,58760,58764
266862,58839,58847
690328,58870,58876
535107,58903,58907
4078,58930,58940
346376,58963,58969
315960,59015,59019
315961,59058,59064
402111,59090,59098
385413,59124,59130
581633,59156,59166
353237,59192,59198
90640,59289,59299
353235,59339,59345
349837,59391,59397
742343,59430,59436
349847,59461,59467
551475,59521,59527
17398,59555,59563
70336,59584,59594
70347,59635,59641
70214,59670,59674
84442,59708,59716
75856,59739,59745
57081,59775,59783
202258,59812,59820
180,59875,59883
84364,59907,59915
85594,59954,59958
535926,59984,59994
351214,60016,60024
487447,60046,60054
84256,60083,60091
273769,60123,60129
84239,63991,63999
84244,64032,64036
84279,64073,64083
351223,64117,64125
84181,64152,64160
352274,64190,64194
652054,64219,64225
651676,64248,64256
302523,64320,64328
202247,64410,64420
4655,64467,64475
4664,64518,64522
297884,64549,64555
349003,64582,64590
653969,64614,64620
205265,64644,64650
3618,64721,64731
4027,64762,64766
17386,64856,64862
582378,64963,64969
308313,65004,65012
353372,65034,65044
353184,65078,65084
353044,65119,65123
353047,65152,65158
152668,65208,65216
530289,65241,65251
481510,65274,65284
343136,65308,65316
152649,65360,65370
344397,65393,65401
344406,65434,65442
316418,65470,65480
341882,65500,65510
90654,65553,65557
541530,65581,65591
348219,65618,65626
355267,65692,65702
55466,65746,65752
348190,65811,65819
407272,65847,65851
407278,65876,65886
524,65917,65925
152541,65953,65959
332585,65994,66000
16772,66034,66040
341442,66084,66092
254974,66116,66126
2750,66147,66155
341451,66179,66187
17109,66211,66217
355473,66244,66248
355478,66275,66281
355482,66311,66321
21019,66346,66356
4548,66386,66392
148264,66416,66422
351156,66454,66462
270679,66489,66493
270692,66521,66525
270679,66717,66725
419471,66795,66801
270686,66828,66834
56600,66862,66870
122301,66955,66963
693868,66987,66991
421549,67017,67021
694060,67045,67053
567849,67076,67084
349910,67111,67117
419487,67193,67201
54255,67224,67234
354591,67259,67265
4572,67290,67300
7210,67327,67337
6890,67609,67617
351560,67652,67660
1135,67690,67696
344122,67722,67726
344123,67774,67782
539919,67812,67816
351562,67842,67852
351567,67877,67883
309743,67906,67914
351527,67937,67945
158215,67983,67989
2043,68017,68021
343912,68064,68068
351620,68093,68099
57612,68126,68130
206468,68159,68167
5165,68193,68197
351653,68234,68242
861521,68263,68273
542082,68302,68306
351825,68331,68337
351832,68363,68369
351872,68402,68406
55751,68461,68469
5160,68497,68503
351888,68544,68552
75243,68602,68610
1476,68639,68645
421456,68670,68674
651143,68698,68706
146660,68736,68746
764504,68779,68787
539008,68814,68822
661762,68848,68854
343722,68913,68919
343706,68949,68957
119113,68984,68990
14061,69015,69023
119107,69107,69115
591777,69138,69144
351922,69167,69177
18550,69212,69220
684522,69246,69252
56514,69279,69289
326,69318,69328
353875,69387,69395
353877,69424,69428
338197,69455,69463
307073,69497,69505
80334,69531,69537
541918,69564,69572
158214,69605,69613
2049,69640,69648
17521,69672,69680
206386,69753,69761
268251,69784,69794
144665,69816,69824
57597,69887,69893
57184,69917,69923
19814,69949,69957
350820,69983,69991
350841,70042,70050
350847,70080,70086
56063,70110,70118
19659,70148,70156
80578,70180,70188
345149,70312,70316
19651,70341,70347
1192,70374,70378
346432,70403,70409
144658,70433,70439
410653,70501,70507
150585,70530,70540
482508,70606,70614
565174,70702,70710
655787,70754,70762
410658,70787,70793
70946,70821,70829
474050,70856,70862
56034,70924,70932
144590,70985,70993
535043,71019,71027
345119,71052,71062
80069,71089,71095
57440,71133,71141
57441,71173,71177
19797,71202,71208
345656,71235,71243
148012,71277,71283
345047,71307,71315
19752,71345,71353
5124,71377,71383
79753,71408,71416
79775,71448,71452
354248,71476,71484
20348,71538,71542
537300,71572,71580
20442,71601,71611
84827,71636,71640
84829,71670,71676
56502,71700,71706
159275,71735,71741
159283,71823,71829
73474,71943,71949
20437,71986,71992
344241,72014,72024
344242,72080,72090
200371,72116,72122
84683,72147,72153
536034,72183,72191
84591,72215,72221
536855,72250,72254
75853,72291,72301
202247,72336,72342
57084,72374,72378
349011,72404,72414
349878,72467,72475
57308,72562,72568
69985,72592,72598
352708,72623,72631
352722,72657,72665
352772,72765,72769
352775,72797,72805
564706,72861,72867
349360,72922,72932
691495,72957,72965
349970,72991,72997
349992,73021,73027
350020,73078,73086
152621,73129,73135
151653,73195,73203
350033,73240,73246
150349,73288,73294
3879,73350,73356
160998,73383,73391
404248,73423,73429
350117,73489,73499
489307,73531,73537
402125,73562,73568
530102,73609,73613
151674,73641,73645
655236,73671,73681
341998,73707,73711
341988,73747,73753
530315,73779,73785
308366,73838,73844
315925,73878,73882
316348,73912,73918
346390,73940,73950
448269,74017,74023
346411,74046,74056
342426,77248,77256
342442,77281,77285
342985,77319,77329
758444,77352,77360
481529,77404,77412
758466,77435,77443
152633,77491,77497
342332,77538,77546
341882,77575,77579
90644,77603,77613
341890,77643,77647
17290,77676,77686
74345,77728,77738
55663,77761,77765
92,77789,77797
152789,77820,77828
332585,77860,77866
16772,77895,77905
341442,77937,77943
254975,77967,77975
541486,78002,78006
17109,78033,78043
355475,78064,78072
115905,78098,78106
907297,78133,78139
531905,78173,78177
20967,78201,78211
9002,78232,78240
18226,78284,78292
540259,78315,78323
18220,78347,78355
751913,78378,78386
338210,78417,78423
367806,78456,78462
902,78485,78495
683446,78519,78525
1465,78583,78591
352,78638,78646
541918,78673,78681
351961,78715,78721
5785,78751,78761
256659,78784,78790
116829,78815,78819
861201,78954,78960
308065,78994,79002
256949,79025,79031
350704,79074,79084
308053,79121,79131
262296,79158,79164
567823,79189,79195
568022,79222,79226
350604,79260,79268
2101,79304,79308
146664,79342,79350
741290,79374,79378
338192,79421,79431
763925,79451,79461
1478,79494,79498
5713,79525,79533
94,79568,79578
20966,79603,79607
543290,79634,79644
562048,79674,79682
7159,79704,79714
122330,79737,79745
355487,79775,79781
281601,79811,79815
254276,79841,79849
533071,79877,79881
17108,79913,79919
16842,79946,79954
534192,79978,79984
289213,80010,80016
16797,80053,80059
16830,80107,80117
531,80140,80148
537,80180,80188
530977,80226,80230
829338,80254,80262
343480,80286,80296
206249,80324,80334
531417,80358,80362
158423,80480,80486
202131,80509,80517
342232,80540,80546
290830,80570,80580
206251,80608,80614
530971,80641,80647
342238,80687,80693
152789,80719,80727
341437,80752,80756
4631,80790,80798
348798,80828,80836
685262,80858,80866
312928,80889,80897
695723,82912,82920
348807,82944,82952
542556,82977,82985
348852,83016,83022
122434,83050,83058
16744,83102,83106
16788,83149,83155
341443,83183,83191
148859,83214,83222
341451,83247,83251
355457,83281,83289
355478,83312,83320
355482,83342,83350
164085,83381,83385
20967,83410,83418
696905,83440,83448
397,83484,83492
540259,83518,83524
18220,83571,83575
751913,83600,83610
462639,83731,83735
902,83774,83780
369685,83828,83836
369686,83901,83907
203389,83948,83954
690670,83981,83987
353903,84023,84029
15667,84059,84067
652300,84093,84099
338167,84147,84157
144596,84178,84186
147715,84213,84221
764,84242,84252
152792,84286,84294
116450,84345,84349
709779,84480,84490
116452,84529,84537
152792,84595,84603
348335,84628,84634
798,84661,84665
754,84746,84752
859,84776,84782
888232,84807,84813
54617,84866,84872
128680,84894,84904
349578,84926,84932
20943,84956,84964
349584,84986,84994
661766,85018,85022
343722,85049,85055
343706,85079,85087
56868,85117,85125
118499,85164,85172
1584,85196,85204
537296,85227,85233
353665,85263,85271
266863,85293,85301
55727,85330,85336
146820,85363,85367
352655,85400,85404
256665,85430,85434
5881,85461,85467
84836,85526,85532
543536,85565,85571
538410,85606,85610
357865,85872,85878
5934,85909,85913
56488,85951,85957
349912,85979,85989
352680,86013,86019
543333,86053,86063
536752,86086,86094
14690,86123,86127
1637,86157,86167
766285,86192,86200
766283,86225,86229
540615,86254,86260
462591,86300,86306
1668,86333,86339
1673,86362,86370
