290816,732,740
12745,764,770
291057,2401,2409
12746,2437,2445
55867,2479,2485
149991,29819,29823
149993,29847,29857
122022,29877,29887
339711,29911,29917
339706,29942,29948
339709,29973,29977
55542,30074,30080
655847,30127,30137
11851,30160,30170
340651,30192,30202
340658,30230,30236
150355,30262,30272
340665,30295,30301
340670,30327,30333
55906,30357,30363
537901,30460,30468
55546,30496,30504
13271,30528,30534
300221,30557,30565
246111,30607,30617
289181,30645,30653
16788,30758,30764
341442,30810,30816
341443,30842,30846
254974,30891,30897
148859,30939,30945
545309,30967,30977
341450,31001,31007
17103,31071,31079
122358,31108,31116
355457,31155,31165
355473,31189,31197
17469,31228,31238
115905,31272,31282
355480,31306,31312
907297,31338,31348
164085,31380,31386
7210,31410,31416
20975,31444,31450
20953,31477,31483
5704,31513,31517
542233,31545,31551
73966,31648,31652
86453,31676,31684
884119,31712,31716
73967,31742,31746
5702,31771,31781
462805,31805,31809
122299,31835,31843
20956,31866,31872
303763,31896,31902
270686,31929,31935
416608,31962,31972
203273,32010,32018
539214,32058,32064
146621,32093,32103
354235,32197,32205
654016,32231,32235
354221,32260,32266
146744,32292,32300
654016,32328,32334
201117,32369,32375
56627,32401,32411
200834,32444,32454
352195,32478,32486
352208,32535,32541
473530,32573,32579
351634,32607,32615
696528,32666,32672
122291,32699,32703
11,32748,32754
1477,32779,32783
56514,32809,32819
326,32853,32857
586127,33217,33225
1473,33251,33257
1469,33300,33308
1463,33331,33337
652161,33369,33375
421426,33401,33405
351961,33431,33441
328287,33461,33471
861528,33638,33644
350802,33677,33685
206298,33713,33721
351469,33746,33752
351482,33776,33782
348579,33805,33813
683577,33837,33845
1113,33871,33877
331686,33901,33911
23163,33934,33942
5533,33975,33979
23164,34011,34021
545960,34047,34053
342643,34105,34111
148884,34136,34142
650440,34165,34173
351045,34231,34239
62,34263,34271
149273,34317,34323
2040,34349,34355
351493,34395,34401
343912,34575,34579
351466,34609,34613
350880,34658,34666
350123,34693,34697
538256,34729,34733
147086,34788,34796
350172,34820,34824
141424,34876,34886
57854,34908,34914
144649,34952,34960
309316,34982,34992
637590,35014,35024
5478,35048,35054
637590,35080,35088
341830,35318,35326
77031,35366,35376
1121,35401,35411
141412,35438,35446
55718,35506,35512
142760,35539,35547
55716,35571,35581
696307,35605,35611
57694,35641,35649
76994,35677,35681
690798,35719,35725
19051,35762,35766
346486,35790,35798
301375,35860,35870
5421,35904,35910
812535,35934,35940
1384,35963,35971
158320,36060,36070
1030,36104,36108
57859,36136,36142
351573,36179,36187
351526,36209,36219
2043,36245,36251
289238,36278,36284
350880,36310,36316
350123,36340,36348
57597,36403,36409
7033,36432,36440
309681,36571,36577
22277,36599,36609
431018,36633,36637
612602,36680,36688
22269,36717,36721
431018,36896,36902
328015,36925,36935
753734,36989,36999
443073,37061,37067
443072,37109,37117
430350,37211,37215
15785,37245,37255
353316,37277,37283
544406,37308,37316
7008,37377,37381
6917,37416,37422
685224,37447,37457
47,37480,37488
57820,37541,37551
683817,37575,37583
532289,37613,37619
688895,37663,37671
147227,37698,37702
15667,37726,37734
538938,37757,37763
122234,37786,37796
461374,37821,37831
684552,37852,37860
94,37972,37978
21030,38002,38010
352231,38035,38041
349565,38066,38072
86453,38096,38104
73966,38221,38229
5704,38252,38260
73966,38347,38357
349564,38378,38386
73966,38476,38484
5704,38506,38516
542270,38537,38545
73966,38605,38611
5704,38634,38644
73966,38693,38699
352316,38722,38730
349564,38753,38759
462465,38831,38837
884119,38862,38870
352316,38896,38906
435673,38929,38937
1658,38975,38983
343702,39013,39019
119104,39044,39050
146819,39075,39083
289005,39107,39115
91852,39139,39145
266868,39170,39178
353654,39201,39211
353671,39239,39245
352254,39268,39276
110436,39302,39308
270726,39368,39374
146821,39400,39408
352634,39433,39441
352655,39470,39478
349915,39501,39507
937,39537,39547
85283,39573,39577
85050,39664,39672
346339,39695,39703
346037,39731,39739
229153,39763,39771
535471,39797,39801
464200,39837,39841
276951,39868,39876
337957,39907,39915
57329,39941,39951
350968,40000,40006
350970,40049,40055
276159,40133,40141
277050,40191,40199
535580,40258,40266
535579,40297,40305
350973,40387,40395
273435,40425,40431
267902,40482,40490
277052,40517,40525
273410,40552,40560
22368,40586,40590
159829,40623,40633
152236,40673,40677
510911,40714,40724
510906,40768,40776
371782,40804,40810
191991,40837,40845
4702,40869,40875
389200,40902,40908
351812,40937,40945
331952,40968,40976
351810,41000,41008
611026,41037,41043
543909,41085,41089
543405,41116,41122
351223,41167,41173
84191,41197,41207
85605,41236,41242
150,41266,41274
85606,41298,41304
75854,41365,41373
75845,41408,41414
535059,41448,41458
57102,41478,41488
976,41524,41534
949,41571,41579
350864,41607,41617
151845,41640,41646
536138,41673,41677
276935,41704,41708
110422,41745,41749
464206,41779,41787
531854,41811,41817
690270,41846,41854
56954,41889,41895
5912,41918,41926
20463,41958,41966
3210,41991,41999
766896,42023,42029
349409,42054,42058
349423,42095,42103
355598,42128,42134
355604,42173,42179
289220,42201,42211
696966,42233,42241
581616,42264,42272
565172,42295,42303
353745,42334,42342
735013,42396,42402
353768,42428,42432
290683,42472,42478
122136,42504,42514
353479,42537,42541
547038,42578,42586
144621,42626,42634
690300,42660,42668
98255,42696,42702
147581,42735,42745
55375,42771,42779
311780,42975,42983
543904,43007,43015
618790,43053,43059
427697,43142,43150
6061,43179,43185
115779,43208,43216
149430,43239,43245
544223,43271,43277
402598,43302,43308
115784,43360,43364
542803,43390,43398
755910,43421,43427
117393,43452,43458
117400,43482,43488
351360,43548,43552
206262,43607,43615
328043,43638,43646
57604,43670,43676
82791,43700,43708
206386,43736,43742
351478,43774,43780
20856,43823,43831
62,43870,43876
148872,43904,43908
351561,43933,43939
5549,43971,43981
6568,44248,44256
342272,44281,44289
762719,44318,44324
1384,44354,44360
5564,44393,44397
690792,44424,44430
1090,44462,44466
372622,44495,44501
342104,44526,44532
142747,44623,44629
110216,44659,44667
80725,44720,44724
19839,44760,44766
350821,44797,44807
350841,44851,44857
350857,44882,44892
19659,44918,44926
56035,44950,44956
144590,44980,44988
345123,45009,45019
346383,45041,45047
148024,45070,45080
19797,45104,45110
345047,45134,45142
344687,45182,45190
344714,45216,45226
771000,45247,45255
650385,45295,45301
56178,45360,45364
79310,45401,45409
688516,45436,45442
206327,45503,45509
273209,45544,45548
355228,45573,45581
55306,45614,45622
164277,45645,45653
147000,45734,45740
352929,45770,45774
628401,46032,46042
353359,46064,46070
146968,46141,46149
352800,46180,46186
538529,46214,46220
352789,48889,48895
352787,48930,48940
56257,48967,48971
571237,49003,49007
56269,49038,49048
57140,49074,49080
410238,51038,51048
85698,51069,51077
9820,51100,51108
57111,51140,51148
350062,51180,51184
56861,51221,51225
5132,51293,51301
353349,51331,51337
654112,51367,51373
538320,51403,51411
270716,51435,51441
349377,51465,51471
349400,51502,51510
352084,51535,51545
349619,51575,51581
349406,51610,51620
65525,51648,51652
5962,51688,51694
536719,51805,51813
305216,51836,51842
536719,51891,51895
56488,51923,51929
536225,51980,51984
536719,52056,52060
541101,52096,52102
84836,52160,52170
419661,52201,52207
346037,52235,52245
323916,52267,52275
535429,52304,52310
56948,52342,52348
194415,52695,52701
535469,52726,52734
464200,52766,52776
454115,52806,52810
276951,52846,52852
110424,52890,52896
326462,52920,52930
326466,52953,52957
404368,52986,52992
543128,53019,53025
84694,53061,53067
57798,53093,53099
84590,53121,53131
535063,53156,53164
57100,53198,53206
75853,53244,53250
202247,53329,53335
4652,53368,53372
4655,53398,53406
4678,53432,53438
117378,53465,53469
349001,53496,53500
349865,53525,53533
564080,53561,53567
564091,53605,53609
420907,54355,54365
297887,54526,54532
75863,54567,54575
202258,54607,54615
75846,54649,54657
75845,54689,54695
535059,54724,54730
84600,54762,54770
976,54793,54801
200826,55673,55677
7175,55701,55709
352231,55738,55748
55073,55771,55779
20991,55804,55812
575497,55836,55842
569193,56055,56061
21004,56097,56105
73974,56137,56145
352320,56179,56185
20949,56222,56226
20953,56312,56316
5704,56343,56349
581523,56377,56385
884119,56408,56414
576775,56437,56445
21004,56477,56481
573214,56506,56514
20954,57027,57035
73974,57069,57075
352320,57138,57146
542270,57217,57223
122256,57323,57329
1661,57356,57360
1658,57394,57398
661762,57423,57433
343700,57463,57471
343702,57502,57506
343710,57531,57537
146825,57566,57570
14061,57634,57642
119104,57670,57680
56868,57791,57801
56869,57864,57870
343721,57902,57910
118499,57939,57943
289005,57985,57989
354325,58019,58027
91850,58087,58093
91852,58117,58125
343558,58148,58156
266868,58180,58188
353652,58212,58216
353653,58261,58267
353665,58295,58299
543970,58330,58340
71589,58361,58369
751883,58394,58398
352634,58445,58453
349943,58476,58482
349920,58508,58518
5897,58540,58546
85266,58571,58575
766895,58598,58608
350742,58636,58644
543537,58668,58674
542837,58701,58709
323913,58745,58751
346049,58783,58791
118661,58816,58822
57403,58844,58854
56910,58876,58882
271012,58919,58927
151711,58964,58970
372143,59011,59017
372153,59049,59055
372167,59099,59107
151791,59145,59155
203381,59285,59291
481401,59315,59321
535515,59407,59415
6479,59437,59445
656008,59472,59482
57427,59504,59514
1018,59541,59549
329822,59577,59583
469276,59614,59624
429314,59651,59657
273406,59680,59688
159829,59731,59739
152236,59781,59791
756430,59813,59819
294259,59849,59855
152221,59877,59887
152229,59931,59935
419726,59962,59968
756429,60023,60027
3597,60055,60059
586382,60126,60132
855618,63057,63065
20418,63089,63095
20238,63122,63128
532125,63151,63161
113110,63185,63193
345504,63232,63242
203516,63264,63270
352158,63300,63308
119547,63332,63342
763622,63367,63373
351918,63402,63410
164105,63435,63443
18550,63493,63501
75243,63610,63616
351891,63644,63652
540096,63676,63682
34,63708,63714
542159,63737,63745
351839,63767,63775
351961,63810,63820
5783,63842,63850
404982,63873,63881
350493,63912,63920
404993,63947,63955
256948,64076,64082
430720,64139,64147
350467,64200,64208
206294,64240,64248
147053,64277,64285
350447,64311,64317
144639,64341,64347
15756,64453,64459
350416,64483,64491
3259,64519,64527
80666,64552,64558
106,64595,64601
54556,64647,64651
86633,64686,64690
22733,65080,65086
13294,65114,65122
20735,65151,65159
20741,65201,65205
20745,65232,65236
345252,65262,65266
13480,65310,65318
13482,65365,65371
13486,65404,65414
341762,65442,65452
20707,65486,65496
20725,65534,65542
54827,65600,65610
54640,65634,65644
54844,65698,65708
20782,65729,65737
164230,65763,65771
116632,65821,65829
15138,65887,65897
335373,65929,65933
15123,65958,65966
148211,65997,66003
690681,66077,66083
590894,66135,66143
590896,66168,66172
335374,66215,66225
314554,66272,66278
54585,66302,66310
402445,66333,66343
54050,66385,66391
54051,66420,66426
2897,66519,66527
72132,66555,66565
315258,66590,66598
72131,66819,66825
534777,66847,66857
150492,66901,66909
336057,66938,66948
336067,66968,66978
336072,67008,67016
336068,67071,67077
335426,67109,67115
335418,67139,67147
590893,67171,67181
123771,67203,67209
68749,67231,67241
148211,67284,67292
590893,67315,67321
15124,67411,67419
147269,67450,67460
148289,67482,67488
53924,67539,67547
147266,67586,67594
147261,67662,67672
690323,67696,67700
68760,67744,67748
196316,67773,67781
181273,67807,67815
419571,67838,67848
181297,67874,67878
276849,67907,67917
693726,67937,67947
337880,67984,67992
337884,68014,68022
337899,68052,68062
545013,68085,68093
15039,68122,68130
15059,68171,68177
12437,68200,68208
905669,68231,68237
144813,68259,68269
276909,69151,69157
13118,69189,69197
50509,69249,69257
11757,69288,69296
268211,69322,69328
267027,69354,69364
254981,69391,69399
343500,69424,69432
533972,69455,69461
276926,69485,69491
343500,69517,69523
532510,69548,69554
347172,69585,69591
347871,69619,69623
119448,69659,69665
70834,69710,69714
267230,69831,69839
202211,69899,69905
346431,69934,69944
482515,69985,69991
152676,70021,70027
375129,70051,70057
320205,70081,70087
638254,70113,70119
117712,70143,70153
448747,70177,70183
343208,70528,70538
117712,70593,70601
402136,70628,70636
343123,70848,70852
315925,70927,70935
448294,70959,70965
344063,70990,71000
320796,71055,71061
321230,71086,71092
262919,71139,71145
346426,71185,71189
419809,71266,71272
565538,71296,71302
347128,71331,71337
273273,71382,71388
273272,71436,71446
267174,71483,71493
267086,71522,71530
267118,71565,71575
590904,71599,71605
651834,71634,71642
13121,71665,71671
530702,71699,71703
11730,71767,71771
530667,71799,71807
54345,71856,71860
268605,71888,71896
289786,71953,71961
15309,71990,71996
335578,72027,72031
335585,72057,72063
19598,72097,72107
144825,72131,72135
12447,72179,72189
54709,72213,72223
336573,72249,72259
15088,72281,72287
147537,72332,72340
1690,72368,72374
54243,72444,72448
798521,72475,72483
798518,72509,72515
575548,72547,72551
53977,72577,72581
289337,72615,72623
57904,72650,72656
574353,72681,72689
200312,72716,72720
147266,72745,72753
690566,72789,72795
147261,72845,72853
304540,72875,72883
581281,72906,72914
571270,72936,72946
571327,72986,72994
337941,73993,74003
68754,74067,74073
690319,74097,74105
335368,74132,74140
147259,74207,74215
147258,74238,74246
15232,74290,74298
116633,74333,74341
20771,74372,74380
20633,74460,74466
54863,74490,74498
532132,74524,74530
20706,74552,74562
345200,74596,74602
13475,74627,74635
13479,74659,74663
20740,74689,74699
54635,74729,74737
345292,74772,74782
20242,74809,74817
17475,74841,74847
17489,74869,74879
198038,74922,74926
17112,74960,74970
533070,74992,75000
17108,75025,75033
148826,75061,75069
348834,75112,75116
2798,75141,75149
150725,75179,75187
479416,75212,75220
402692,75405,75409
402699,75433,75441
348856,75471,75477
2330,75525,75531
348852,75563,75567
542139,75593,75597
16750,75626,75630
16824,75657,75663
16830,75701,75707
267025,75736,75746
439177,75771,75781
267119,75805,75813
267114,75841,75849
590907,75871,75881
744311,75905,75909
13121,75944,75954
11680,75979,75987
11719,76011,76021
149908,76054,76058
15896,76095,76105
149529,76125,76135
340330,76163,76169
530528,76193,76199
56683,76221,76231
340401,76264,76272
56691,76332,76336
289313,76361,76369
547066,76432,76436
120859,76464,76472
755381,76495,76505
532926,76532,76536
149961,76575,76583
150376,76644,76654
55944,76712,76718
54333,76755,76765
11678,76840,76846
690661,76875,76879
530670,76917,76921
54345,76954,76962
268605,76989,76999
289786,77053,77057
15309,77081,77089
335585,77139,77143
19598,77173,77181
651822,77206,77210
12447,77242,77248
15072,77286,77290
15071,77317,77321
336576,77346,77356
413850,77381,77385
464084,77415,77419
181408,77519,77527
181234,77554,77560
762834,77596,77604
181260,77701,77705
413859,77733,77741
181384,77784,77792
374067,77814,77822
289331,77844,77854
148610,77882,77888
147272,77920,77926
575551,77986,77996
148618,78028,78036
53812,78068,78076
318873,78160,78166
642146,78191,78201
769534,78224,78230
648445,78254,78260
336067,78372,78376
336066,78405,78411
402444,78435,78441
120622,78479,78485
120632,78578,78584
586574,78716,78724
282864,78750,78758
2883,78782,78786
2896,78820,78826
335677,78860,78864
148213,78891,78899
148305,78927,78937
123784,78969,78979
152281,79002,79012
2943,79034,79044
152067,79078,79084
15302,79109,79113
54358,79141,79147
343525,79171,79179
12565,79232,79238
920932,79260,79270
11725,79310,79316
13117,79353,79357
50509,79397,79405
832910,79433,79437
267283,79471,79475
341418,79502,79512
17213,79545,79553
55664,79580,79588
55671,79616,79626
17260,79665,79673
348241,79704,79714
17307,79753,79761
151889,80495,80503
351211,80527,80535
84252,80566,80572
536048,80595,80605
536076,80635,80643
350365,80669,80673
350370,80829,80835
764775,80871,80879
534504,80903,80907
349465,80934,80938
3386,80964,80970
535439,80996,81000
535399,81027,81037
373084,81060,81064
741639,81096,81104
536239,81144,81152
535577,81176,81186
346902,81213,81221
84887,81293,81299
22958,81326,81334
57140,81358,81364
582103,82837,82843
57360,82876,82886
20359,82908,82914
147527,82940,82950
164091,83000,83008
537281,83033,83043
20453,83078,83084
84829,83111,83119
159278,83146,83156
20432,83189,83193
57752,83253,83259
20407,83285,83293
20418,83331,83337
1548,83377,83383
1576,83409,83417
354422,83448,83454
354437,83485,83495
1553,83518,83526
16907,83554,83560
17002,83590,83596
17009,83621,83631
17018,83685,83693
17098,83718,83722
341549,83748,83754
543192,83788,83794
150210,83832,83838
255251,83887,83893
332629,83917,83923
685179,83955,83961
16456,84052,84062
255467,84086,84096
54383,84125,84131
308082,84157,84161
343235,84185,84193
56550,84218,84222
341964,84250,84260
149930,84287,84291
13202,84351,84357
535746,84384,84392
56541,84439,84445
340028,84469,84475
535155,84505,84515
535132,84538,84544
307968,84570,84576
11851,84601,84609
307899,84634,84640
55913,84665,84669
460078,84694,84702
347517,84731,84735
56573,84759,84767
