6304,7762,7768
391598,33570,33574
337966,33623,33629
449623,39911,39919
631641,39972,39980
337966,40009,40017
298575,40041,40045
587831,40071,40077
413865,40103,40111
693968,41132,41140
379409,41162,41172
6305,41204,41214
303746,41260,41270
655538,41292,41300
303733,41322,41330
413865,41353,41361
413866,41395,41405
337944,41433,41441
181525,41466,41472
337870,41495,41503
335361,41540,41548
68754,41587,41593
547957,41658,41666
68785,41691,41695
305178,41721,41729
1682,41757,41763
393604,41788,41792
339513,41835,41843
150902,41867,41871
574004,41900,41910
339510,41938,41942
338501,41973,41981
488329,42013,42017
407664,42062,42068
574001,42137,42143
182409,42172,42178
2720,42208,42214
276809,42318,42326
690076,42354,42360
336974,42396,42406
690074,42436,42440
335405,42467,42473
690319,42501,42505
147259,42597,42601
53979,42631,42637
697235,42663,42671
164103,42695,42703
147328,42752,42756
647379,42781,42787
648098,42837,42845
151114,42876,42880
148289,42925,42933
53924,42984,42990
567704,43013,43023
337464,43053,43059
419581,43084,43092
57907,43142,43148
57909,43175,43183
57914,43218,43224
770534,43256,43260
683897,43292,43298
53815,43324,43334
534754,43355,43365
151123,43445,43451
484554,43487,43493
67639,45467,45473
126253,45496,45504
685717,45528,45532
20753,45556,45564
116633,45597,45607
20771,45643,45647
20633,45701,45711
54863,45736,45744
20705,45769,45777
20706,45806,45814
345200,45847,45851
13475,45890,45896
345213,45921,45927
20740,45950,45958
698477,45995,46001
347838,46028,46032
12955,46064,46074
54492,46097,46103
54510,46135,46145
150363,46165,46175
129504,46197,46205
410493,46240,46248
12966,46356,46364
695068,46391,46399
694915,46420,46430
352794,46461,46471
352796,46548,46558
269070,46590,46598
606340,46652,46658
153757,46680,46690
424602,46712,46718
353522,46744,46752
353525,46775,46781
319653,46817,46823
349212,46862,46866
611669,46892,46900
695500,46925,46933
695495,46955,46963
21942,46988,46992
22325,47047,47053
766937,47442,47452
54617,47514,47522
12921,47571,47577
684513,47626,47634
683890,47658,47662
277864,47687,47697
56607,47722,47728
542212,47787,47791
353923,47829,47837
542210,47875,47879
56680,47906,47912
147683,47950,47958
56783,47989,47995
86132,48052,48058
150211,48087,48095
339264,48118,48126
556,48151,48159
54024,48267,48277
402902,48307,48313
640003,48336,48344
535883,48390,48396
576532,48419,48427
542275,48449,48457
69656,48481,48485
1392,48509,48517
246114,48570,48578
1393,48631,48641
1401,48680,48688
344824,48884,48892
344637,48968,48974
344824,49127,49135
344637,49214,49218
538169,49243,49249
344825,49273,49281
347755,49303,49311
290477,49334,49342
4618,49372,49376
245997,49399,49409
536150,49433,49443
534444,49490,49496
534445,49551,49557
2786,49584,49592
534192,49635,49641
1955,49685,49693
150746,49725,49733
536306,49760,49770
332601,49792,49798
150735,49826,49830
655144,49858,49862
313922,61966,61976
541429,61997,62005
348848,62036,62042
348852,62065,62073
122434,62125,62135
54964,62189,62195
150756,62219,62225
535901,62250,62256
544718,62285,62295
290512,62366,62374
300232,71948,71952
246111,71996,72000
372415,72025,72035
690616,72062,72068
122435,72100,72108
536306,72132,72142
360362,72174,72182
348820,72206,72214
402688,72240,72246
479417,72277,72287
479414,72315,72325
151272,72366,72372
2787,72396,72406
542049,72432,72442
534192,72469,72479
289213,72504,72512
16797,72558,72568
16830,72622,72628
652156,72660,72666
126,72695,72705
191329,72734,72742
55671,72792,72796
55672,72826,72830
17250,72865,72871
655031,72920,72924
90647,72967,72975
530152,73007,73013
4104,73042,73046
344407,73073,73081
535107,73106,73112
535108,73142,73148
993866,73180,73184
4078,73232,73242
346376,73265,73275
690307,73296,73304
308346,73332,73336
343193,73440,73446
152658,73483,73491
4111,73513,73521
344336,73547,73555
568217,73585,73591
320206,73778,73786
320218,73833,73841
246054,73864,73874
345096,73898,73904
117691,73927,73937
343208,73969,73979
655277,74004,74010
343123,74069,74073
152711,74110,74120
152705,74145,74149
308342,74182,74188
110149,74210,74220
343193,74247,74251
343190,74280,74284
481500,74312,74320
530230,74354,74364
530228,74398,74406
481507,74437,74443
530245,74468,74474
316368,74534,74542
530175,74567,74575
345883,74601,74607
404995,74630,74638
308345,74667,74675
344383,74698,74704
150446,74746,74750
78098,74793,74801
882431,74829,74835
316436,74872,74878
315863,74937,74943
315861,74992,75002
342441,75030,75036
343394,75066,75074
343408,75099,75105
262919,75137,75147
346426,75175,75181
751886,75208,75212
419809,75257,75263
15892,76251,76257
178630,76296,76304
149530,76331,76339
53855,76361,76369
147532,76406,76412
530670,76441,76449
54345,76477,76483
343532,76508,76514
289786,76586,76594
53894,76670,76680
6437,76704,76710
149350,76744,76752
335544,76779,76787
335505,76824,76832
126364,76854,76862
126272,76884,76892
126212,76915,76921
335928,76946,76950
335933,76976,76982
126260,77010,77020
335939,77044,77052
335940,77089,77097
581779,77124,77130
697399,77174,77180
151171,77207,77213
335464,77247,77253
55461,77280,77286
151145,77346,77350
402401,77376,77384
55651,77421,77427
54045,77453,77461
54055,77487,77493
402445,77518,77524
402444,77565,77571
120632,77632,77640
571145,77665,77673
336120,77718,77722
336066,77749,77757
336068,77784,77790
335424,77813,77821
335427,77858,77866
590893,77891,77897
685717,77934,77942
20746,77965,77971
148283,77998,78004
116633,78043,78051
20771,78076,78082
20633,78172,78176
54863,78203,78213
532132,78240,78244
20704,78272,78278
337012,78309,78313
4337,78350,78358
54150,78381,78387
312572,78414,78424
7700,78447,78451
7549,78532,78540
539082,78597,78601
484333,78684,78688
694004,78711,78721
343038,78741,78751
693405,78818,78826
198640,78856,78864
317381,78900,78906
341255,78936,78940
4482,78966,78972
333054,79011,79021
19362,79044,79050
427734,79072,79082
20837,79110,79118
20801,79144,79152
402655,79178,79186
81118,79216,79222
53984,79249,79257
402623,79281,79285
141505,79318,79322
313953,79363,79369
141484,79415,79425
690778,79447,79455
690776,79481,79485
5617,79540,79548
13488,79615,79619
13486,79668,79676
20707,79711,79719
20731,79752,79758
54827,79795,79801
54844,79899,79907
20782,79935,79941
20781,79967,79973
116632,80009,80013
15138,80049,80053
335373,80078,80086
164103,80118,80124
147328,80147,80155
335995,80199,80205
336002,80240,80248
151111,80276,80286
649313,80337,80347
648445,80371,80379
54079,80403,80409
336067,80498,80502
336066,80529,80533
336077,80561,80565
314579,80596,80600
690671,80625,80633
147358,80664,80670
15124,80730,80734
15184,80773,80779
20753,80807,80813
116633,80844,80850
336995,80874,80882
20758,80910,80916
20633,80971,80979
651861,81005,81011
20706,81045,81053
345200,81083,81087
13475,81112,81118
13479,81143,81151
651847,81176,81180
54635,81209,81213
345292,81255,81263
20243,81290,81294
17488,81326,81336
17489,81369,81375
198038,81406,81412
17112,81438,81444
55613,81469,81473
254973,81507,81515
542049,81550,81558
541966,81581,81591
542139,81623,81627
995138,81663,81669
4631,81706,81714
348844,81756,81766
150836,81787,81795
339623,81816,81826
117715,81847,81857
357834,81885,81889
644460,81914,81920
645350,81943,81951
645386,81974,81980
407288,82003,82011
531032,82032,82042
16294,82067,82077
645386,82099,82107
645356,82131,82135
348769,82170,82176
348775,82209,82219
1889,82258,82264
54797,82305,82313
2335,82349,82353
619833,82385,82391
276265,82445,82449
55521,82510,82518
277391,82542,82552
55521,82663,82671
276265,82730,82736
263922,82762,82770
13266,82793,82799
410607,82844,82854
376323,82882,82892
