290698,2187,2191
55515,2235,2245
15828,2282,2290
491982,2325,2333
648164,2358,2364
306968,2386,2396
654925,2420,2428
340025,2454,2458
339723,2484,2488
431592,2517,2523
339745,2573,2583
339750,2627,2633
339760,2672,2680
340613,2705,2713
23090,2736,2742
341100,2796,2800
12033,2826,2832
340782,2861,2865
56151,2907,2915
149471,2952,2962
343159,2998,3004
12309,3471,3479
12310,3573,3581
22828,3670,3680
339620,3702,3712
339624,3737,3741
690241,7512,7518
690239,7541,7549
7415,7576,7580
148341,7607,7613
694169,7635,7645
410267,7672,7676
850,7700,7708
345649,7731,7737
995346,7766,7772
661,7815,7821
321613,7845,7851
819,7876,7880
698528,7964,7968
20519,7998,8002
148889,8028,8034
14263,8060,8064
17489,8088,8096
198038,8131,8139
17112,8166,8172
17104,8195,8205
16842,8226,8234
1947,8260,8266
16797,8301,8309
16830,8347,8355
135,8379,8383
131,8410,8420
55671,8464,8472
17260,8507,8511
348241,8536,8542
17307,8571,8579
17317,8605,8613
351028,8651,8659
351004,8683,8689
551475,8729,8735
191315,8762,8772
4008,8810,8814
654760,8840,8844
152109,8869,8877
400325,8901,8909
273748,8949,8955
352984,8986,8992
273751,9019,9025
152184,9047,9057
197913,9078,9088
152156,9110,9118
70506,9161,9171
352830,9202,9206
655560,9229,9239
152094,9278,9284
581304,9320,9330
352877,9353,9361
654771,9387,9393
148667,9418,9422
481493,9455,9463
690077,9492,9498
148683,9530,9536
581679,9565,9573
400337,9597,9603
815425,9632,9640
571158,9671,9675
70478,9704,9712
352533,9776,9782
352902,9805,9815
369592,9837,9843
571163,9868,9872
329776,9896,9904
152148,9928,9932
19419,9956,9966
84708,9988,9994
750267,10021,10025
332238,10051,10057
3725,10087,10091
349052,10132,10140
488393,10170,10178
69984,10202,10208
352707,10236,10242
690302,10265,10275
70478,10302,10308
547076,10333,10341
352327,10364,10372
3777,10402,10408
352322,10502,10510
352329,10535,10543
151586,10567,10575
151585,10603,10609
351663,10638,10642
70340,10670,10674
70347,10705,10711
351689,10735,10743
3272,10956,10962
352037,10997,11007
655902,11028,11038
542410,11168,11176
118566,11236,11242
375244,11273,11279
158593,11556,11562
375239,11589,11593
328756,11616,11626
84470,11689,11693
195018,11716,11726
750264,11751,11755
195008,11779,11787
3726,11810,11816
350011,11842,11846
564355,11872,11878
331155,11935,11941
568020,11968,11976
481492,12014,12022
349430,12082,12086
150432,12114,12124
684639,12145,12153
150463,12188,12194
222135,12274,12280
349999,12311,12319
152621,12373,12379
151618,12404,12412
350028,12439,12445
150415,12472,12476
684964,12504,12510
150423,12573,12579
350033,14015,14025
404216,14068,14074
150295,14110,14120
685622,14145,14153
400573,14179,14185
400574,14225,14233
152611,14283,14293
641471,14344,14352
152922,14403,14407
352050,14431,14439
330246,14461,14469
150412,14497,14503
150349,14542,14550
350694,14598,14604
534352,14631,14641
273728,14677,14683
273741,14733,14737
273262,14772,14778
191295,14805,14813
351001,14847,14855
351019,14885,14889
120846,14928,14936
17300,14964,14970
17223,14993,15001
55675,15026,15030
74345,15064,15070
55663,15098,15104
92,15128,15136
152789,15159,15167
332585,15198,15206
16772,15230,15238
341442,15278,15282
254975,15309,15315
541486,15339,15347
17109,15373,15381
17469,15409,15415
355480,15439,15445
21020,15473,15479
7210,15503,15511
265,15534,15540
271,15572,15576
741243,15605,15613
15658,15642,15650
683604,15677,15683
683811,15715,15721
648148,15743,15753
345596,15776,15780
542600,15810,15816
542602,15841,15849
346993,15871,15879
309207,15905,15911
351482,15933,15943
68,15966,15972
683577,16004,16010
210740,16048,16056
620856,16080,16084
141389,16114,16118
338944,16144,16148
82520,16189,16197
23163,16223,16229
5533,16260,16266
23164,16326,16330
148884,16393,16403
650440,16425,16433
807949,16454,16464
532289,16497,16505
15667,16540,16548
122234,16574,16582
461374,16604,16612
1661,16634,16642
661766,16668,16674
343702,16705,16713
146817,16739,16743
352161,16769,16775
57794,16816,16822
56496,16848,16852
20408,16882,16886
20414,16913,16923
20419,16969,16977
344242,17000,17006
84683,17041,17047
84623,17071,17079
534514,17100,17110
543751,17133,17139
277232,17164,17172
277545,17198,17202
350877,17227,17237
338013,17263,17267
544660,17374,17380
350875,17455,17461
277535,17484,17494
327203,17514,17524
614076,17545,17553
2977,17594,17598
286628,17624,17630
308269,25364,25372
308285,25397,25405
308250,25433,25437
308307,25545,25551
374217,25577,25581
543630,25629,25635
308296,25658,25666
629185,25821,25829
308307,25875,25881
308249,25904,25912
159818,25935,25943
629017,25998,26002
424568,26035,26045
424567,26068,26074
22388,26102,26110
273413,26132,26140
56882,26164,26170
267900,26195,26199
472914,26227,26231
535491,26256,26264
535435,26289,26295
276940,26319,26327
276979,26431,26437
110422,26470,26476
535581,26501,26505
690270,26531,26539
56954,26578,26586
536057,26610,26614
84818,26640,26646
700386,26671,26675
766896,26713,26719
349454,26749,26757
401130,26800,26804
349423,26952,26960
355593,26988,26992
349401,27034,27040
355598,27066,27072
355604,27116,27120
355605,27163,27167
257125,27219,27227
289220,27302,27308
56860,27444,27452
270824,27524,27530
204641,27555,27565
142872,27586,27594
809566,27618,27622
5840,27657,27665
345101,27694,27700
345116,27726,27732
345130,27768,27774
345143,27818,27824
56069,27863,27871
56076,27925,27929
350848,27985,27989
350842,28019,28027
350828,28051,28059
3265,28085,28093
3255,28123,28129
350272,28155,28159
290950,28204,28210
350266,28239,28245
21865,28274,28278
119335,28317,28321
342609,28346,28356
76625,28378,28386
21776,28409,28415
343762,28746,28754
655298,28781,28787
286654,28865,28875
290751,28990,28996
151033,29021,29025
290762,29085,29093
57172,29118,29126
3230,29159,29165
341795,29407,29415
290950,29475,29483
341797,29506,29512
21865,29540,29546
119326,29573,29577
80704,29608,29614
80712,29650,29654
106,29693,29703
181596,29726,29732
54556,29768,29776
86633,29801,29807
396392,29834,29842
86661,30025,30029
83586,30076,30084
195352,30109,30115
17711,30140,30146
17726,30170,30178
810807,30202,30206
160094,30232,30240
333293,30311,30319
21950,30345,30355
4482,30384,30388
333267,30455,30463
333150,30746,30756
333054,30799,30803
333058,30838,30846
338423,30867,30877
333271,30913,30921
693411,30947,30953
7677,30978,30984
20826,31060,31066
545631,31091,31099
7652,31126,31130
693415,31160,31166
317380,31287,31293
683968,31321,31327
2392,31350,31358
4511,31379,31389
2398,31457,31463
4454,31512,31518
83684,31542,31550
83680,31583,31587
121030,31613,31623
336955,31648,31658
75999,31683,31691
68771,31738,31744
68779,31790,31796
120914,31838,31842
486157,31867,31875
17451,31902,31910
181305,31939,31945
181308,32013,32019
392081,32044,32050
181408,32074,32084
181230,32108,32112
144538,32197,32201
762834,32239,32243
181264,32285,32289
254923,32377,32383
68750,32424,32430
181497,32466,32472
55185,32498,32504
547957,32538,32548
68789,32574,32580
336968,32648,32656
690219,32678,32688
336923,32713,32719
339511,32745,32753
150902,32800,32806
339514,32831,32839
74990,32863,32871
420171,32930,32940
759385,32984,32990
420213,33198,33208
8066,33289,33293
337991,33318,33324
421466,33380,33384
338916,33409,33419
542635,33442,33450
308109,33474,33482
308127,33533,33539
157918,33565,33573
338147,33598,33606
308103,33632,33638
408933,33664,33670
276905,33717,33723
7688,33767,33775
54107,33797,33805
191066,33835,33845
606,33901,33909
54912,33933,33939
345151,33963,33969
345187,33993,34001
345201,34027,34033
683574,34065,34075
484298,34117,34127
323525,34153,34159
148278,34209,34219
191286,34267,34273
536392,34479,34487
340039,34701,34711
323541,34739,34749
57708,34773,34783
5623,34817,34821
13479,34866,34872
345219,34900,34910
20737,34939,34943
54635,34994,35002
345290,35034,35044
20242,35089,35095
14267,35117,35127
17488,35149,35157
17474,35178,35188
254278,35212,35220
55613,35242,35252
254973,35289,35295
534192,35319,35327
16812,35350,35358
16747,35380,35388
16830,35455,35461
531,35488,35492
16176,35520,35526
509,35568,35576
330061,35600,35608
150857,35632,35642
150861,35706,35714
55467,35761,35767
489518,35792,35800
344278,35857,35861
348019,35912,35920
348029,35943,35953
55495,36003,36013
55570,36037,36043
386764,36074,36082
348619,36108,36116
55471,36138,36146
305875,36633,36637
533993,36662,36668
431495,36692,36700
150809,36726,36732
55498,36790,36798
55494,36824,36834
402718,36859,36863
534986,36894,36904
16758,36943,36953
16748,37007,37015
16776,37042,37046
16777,37074,37082
16788,37109,37115
341442,37140,37144
254974,37183,37191
148859,37220,37226
541486,37260,37266
17103,37294,37304
355457,37337,37343
355473,37374,37382
17469,37407,37411
148858,37443,37449
355488,37471,37481
21020,37513,37517
651857,37541,37549
20967,37575,37581
265,37612,37622
397,37650,37654
122246,37742,37746
353679,37771,37777
350772,37801,37807
350777,37833,37839
6981,37864,37874
263877,37897,37905
22277,37971,37981
431018,38019,38027
443072,38201,38207
15792,38293,38301
413753,38391,38401
6431,38424,38428
536119,38473,38483
144698,38527,38533
351628,38569,38577
17517,38603,38609
351653,38659,38667
350707,38705,38711
5785,38741,38747
256659,38770,38778
256948,38836,38840
350467,38868,38874
256948,38905,38913
350654,39418,39428
350704,39448,39458
351822,39480,39488
110593,39516,39522
56599,39547,39551
351888,39584,39588
351907,39634,39638
654568,39663,39673
591714,39695,39701
119111,39761,39767
352152,39792,39800
198018,39824,39828
57794,39892,39900
56496,39937,39945
20408,39975,39979
20414,40024,40030
20419,40070,40078
344242,40116,40120
200371,40154,40162
84684,40184,40192
536034,40217,40221
535060,40246,40252
590621,40275,40283
75853,40317,40327
202247,40365,40371
4652,40398,40404
4678,40428,40436
349001,40458,40466
348997,40489,40495
703447,40519,40527
564091,40580,40588
56714,40799,40809
297887,40830,40838
75859,40888,40896
349022,40919,40927
349878,40966,40974
541784,41003,41011
57308,41039,41047
57313,41073,41081
586225,41111,41117
3633,41141,41151
3700,41171,41181
586224,41203,41211
581423,41241,41245
568020,41269,41277
331155,41300,41308
3634,41434,41440
349360,41466,41472
152149,41498,41504
70601,41554,41562
150405,41598,41604
3934,41637,41641
197979,41669,41679
70506,41703,41709
152106,41747,41751
151585,41784,41792
3944,41819,41827
17395,41860,41864
350993,41894,41904
351003,41929,41937
120848,41967,41971
120846,41996,42002
17300,42033,42037
17223,42061,42069
55675,42093,42099
74345,42134,42140
107,42165,42175
93,42201,42211
152541,42237,42247
341437,42273,42279
16768,42303,42311
16780,42338,42342
341442,42381,42389
254974,42417,42423
148859,42448,42458
17124,42491,42497
17134,42538,42546
269217,42570,42576
1294,42601,42607
1312,42641,42649
346222,42671,42679
479432,42703,42709
638472,42739,42745
150913,42937,42941
479431,42970,42976
578920,43015,43021
479441,43044,43052
578918,43084,43090
151297,45284,45292
55017,45314,45322
689575,45362,45368
115372,45400,45404
689042,45433,45439
201499,45474,45480
353645,45506,45514
402954,45556,45560
463570,45584,45592
115322,45622,45628
115323,45924,45932
1299,45954,45962
2283,46000,46006
17069,46030,46036
54420,46061,46067
354457,46098,46108
17148,46151,46161
355454,46184,46190
122358,46215,46221
355475,46245,46255
355478,46277,46287
355479,46308,46318
21019,46344,46350
7210,46376,46384
265,46429,46433
397,46464,46470
741244,46494,46500
122246,46590,46598
860742,46620,46628
152550,46651,46657
6981,46683,46687
407564,46710,46720
328039,46749,46757
144698,46791,46795
538409,46823,46829
143020,46859,46869
143019,46937,46943
82796,47018,47026
87162,47056,47062
6987,47113,47119
350888,47144,47150
122122,47203,47209
80496,47235,47245
385,47274,47284
355505,47316,47320
94,47349,47359
543290,47383,47391
7159,47424,47428
122330,47453,47459
14268,47485,47493
305497,47522,47528
533071,47554,47562
17108,47585,47595
16842,47620,47626
534194,47654,47660
16797,47710,47716
16830,47763,47769
267025,47792,47800
126,47826,47832
55664,47861,47867
55671,47911,47917
17250,47966,47972
341894,47999,48005
90642,48033,48037
90647,48062,48070
4069,48118,48124
308324,48150,48156
57067,48182,48186
353184,48233,48239
353052,48263,48269
346367,48296,48300
317561,48332,48338
57064,48375,48381
654844,48406,48414
353083,48435,48445
654468,48469,48475
147614,48506,48510
22417,48540,48548
152538,48593,48603
151436,48946,48952
346229,49258,49266
685563,49288,49296
150349,49356,49362
3903,49402,49406
351437,49442,49450
351454,49489,49497
351456,49524,49528
330692,49559,49567
351530,49589,49597
351540,49620,49626
351551,49676,49680
352024,49710,49714
150427,49740,49746
197979,49779,49783
151583,49821,49831
152106,49852,49860
351660,49886,49894
351679,49946,49954
70347,50022,50030
351686,50062,50066
84444,50095,50099
75855,50125,50131
57078,50156,50162
150,50192,50198
75847,50223,50229
535056,50264,50268
84594,50294,50300
976,50328,50334
84692,50365,50375
200364,50402,50406
20423,50431,50439
57752,50516,50522
4214,50553,50557
546068,50581,50591
546075,50624,50630
344289,50656,50664
313434,50688,50696
344279,50733,50739
110434,50812,50816
110436,50841,50849
737576,50872,50878
161691,50905,50911
352624,50933,50943
352609,50973,50979
352606,51016,51020
4251,51048,51052
352112,51080,51086
302502,51108,51118
355694,51166,51176
353450,51197,51205
402619,51229,51235
353476,51267,51271
812302,51298,51304
547038,51378,51388
433374,51408,51418
545921,51892,51900
342817,51923,51929
98234,51953,51959
144671,51988,51998
144674,52023,52027
2168,52052,52058
342784,52091,52099
342731,52145,52153
120521,52179,52185
354335,52210,52214
354358,52238,52246
113105,52291,52299
113109,52325,52333
113114,52364,52368
56517,52432,52442
345459,52465,52469
86427,52495,52505
546611,52535,52543
147420,52567,52571
6751,52603,52609
146744,52651,52659
354221,52907,52911
354225,53286,53294
146744,53324,53328
56741,53359,53365
354234,53392,53396
354233,53423,53431
7149,53505,53511
200719,53575,53583
352177,53607,53613
54987,53641,53645
147420,54062,54070
539225,54092,54100
20400,54133,54137
20399,54173,54179
345420,54201,54211
54740,54236,54246
345324,54269,54275
345302,54301,54307
17499,54333,54337
347844,54363,54369
116029,54396,54404
5588,54425,54435
13486,54464,54474
20707,54497,54501
20731,54548,54552
652069,54585,54593
54844,54647,54657
164230,54687,54697
116632,54723,54729
273836,54755,54761
148286,54795,54801
22925,54848,54856
54718,54895,54905
274,54928,54934
167473,54963,54971
167258,54995,54999
148714,55026,55032
886877,55058,55064
2662,55088,55098
545203,55125,55131
334246,55255,55265
334249,55291,55299
181618,55322,55328
167229,55352,55358
50510,55383,55387
15563,55411,55421
309,55450,55458
6297,55486,55492
449623,55516,55524
337944,55548,55554
413866,55578,55586
298676,55687,55691
612578,56563,56573
631641,56593,56603
612578,56718,56722
693967,56752,56756
612578,56872,56880
449623,56904,56908
612578,56963,56971
303746,57018,57026
181306,57053,57061
337944,57122,57132
274440,57154,57160
181269,57185,57189
449013,57216,57224
337941,57305,57311
68754,57343,57349
547957,57383,57387
336604,57414,57420
74665,57450,57460
542723,57482,57490
7314,57513,57521
698510,57553,57563
484356,57585,57591
151243,57616,57624
151241,57656,57664
556926,57853,57859
337994,58063,58069
8066,58100,58104
548112,58133,58139
343251,58165,58175
2656,58202,58210
121058,58246,58252
83681,58276,58282
685404,58321,58327
181609,58353,58361
181613,58383,58391
55139,58419,58423
17728,58448,58458
86598,58497,58505
198847,58551,58559
76594,58584,58592
198847,58672,58682
698528,58759,58769
345292,58797,58803
345314,58828,58834
164093,58861,58865
345402,58892,58898
55004,58925,58931
55007,58957,58963
56521,58993,58997
6100,59021,59029
57794,59107,59115
1573,59141,59151
1602,59173,59181
1623,59216,59226
342745,59267,59273
2128,59297,59305
343291,59465,59473
343292,59510,59514
880652,59547,59555
121216,59578,59584
121258,59611,59617
355703,59645,59651
355736,59674,59684
355744,59747,59751
934,59783,59793
119957,59814,59822
353831,59845,59853
539932,59904,59912
609703,59936,59944
350383,59988,59996
55748,60044,60050
654669,60077,60083
563687,61308,61316
56592,61347,61355
431252,61411,61419
654055,61448,61454
546339,61509,61517
34,61541,61549
109337,61607,61615
351907,61649,61657
351917,61680,61686
655760,61711,61717
351949,61751,61759
352151,61793,61801
198018,61823,61833
57794,61893,61901
56496,61925,61935
346706,61962,61968
20410,61996,62002
20414,62033,62043
57766,62089,62097
159287,62127,62135
346730,62157,62167
84835,62192,62198
84849,62270,62280
20467,62301,62309
346037,62331,62341
323872,62365,62375
85295,62401,62407
323913,62433,62439
407532,62464,62472
346046,62507,62517
57401,62553,62563
57403,62606,62614
323867,62638,62644
56907,63047,63051
344155,63075,63083
345727,63110,63114
3418,63163,63169
322855,63192,63200
339814,63221,63231
323021,63252,63260
326454,63283,63291
337959,63320,63326
404368,63350,63356
404376,63381,63389
334833,63416,63420
150566,63445,63453
277242,63474,63484
544452,63505,63515
308259,63560,63566
543808,63595,63603
339960,63630,63636
277552,63667,63673
308269,65237,65247
308285,65300,65306
402834,65340,65344
308296,65370,65376
308307,65411,65417
308295,65442,65450
308258,65480,65486
352350,65512,65518
56885,65544,65552
399362,65576,65586
538676,65609,65613
167502,65639,65649
57394,65690,65694
326564,65723,65727
276979,65913,65921
690268,65947,65953
755763,65979,65987
397187,66017,66025
419654,66053,66057
20434,66082,66092
3210,66115,66119
349449,66145,66149
349408,66206,66214
349423,66241,66249
355598,66301,66311
1679,66341,66345
568208,66369,66377
1679,66421,66427
56860,66464,66470
56239,66519,66525
543308,66555,66561
809566,66583,66593
345101,66634,66640
345116,66684,66688
15676,66714,66718
123061,66743,66751
1187,66818,66824
79476,66879,66889
410646,66915,66925
79485,66959,66967
70942,66990,66998
347335,67035,67045
654966,67067,67075
347335,67109,67117
410645,67150,67160
147770,67197,67205
410613,67246,67252
474037,67285,67293
147761,67328,67336
147764,67427,67435
432824,67461,67471
564742,67492,67500
685171,67527,67531
85684,67582,67588
87192,67625,67631
538401,67657,67665
56845,67690,67700
56849,67731,67741
568208,67782,67788
696931,67815,67825
349619,67877,67883
349624,67907,67913
713776,67948,67954
65525,68044,68050
5955,68168,68174
5962,68297,68307
5896,68345,68355
350603,68377,68383
85052,68416,68424
357864,68465,68473
350747,68536,68542
372254,68569,68577
419684,68602,68608
82736,68632,68638
372249,68672,68680
146789,68898,68906
56920,68966,68972
262871,69199,69205
349288,69260,69266
419664,69600,69608
372230,69630,69640
146782,69684,69690
354261,69735,69739
354267,69765,69775
56555,69809,69815
1169,69843,69849
386906,69871,69881
354980,69902,69910
149817,69933,69939
110780,69979,69987
355378,70011,70019
355363,70048,70058
576918,70115,70123
355139,70151,70155
771173,70182,70190
355404,70229,70237
153398,70298,70302
798602,70326,70336
402348,70757,70767
355233,70790,70796
355236,70825,70833
149820,70858,70864
688529,70891,70895
73099,70926,70934
5273,70958,70964
392625,70990,70996
575812,71025,71033
320031,71117,71123
320004,71145,71155
204677,71178,71186
632962,71213,71221
575812,71249,71257
655125,71280,71288
545758,71311,71319
355058,71342,71350
146972,71428,71436
161060,71461,71471
355139,71494,71504
771173,71528,71534
355176,71562,71572
56270,71604,71612
146764,71665,71669
535050,71695,71703
56249,71729,71739
546044,71770,71776
181228,71801,71807
147795,71832,71842
546045,71868,71874
147828,71898,71904
407306,71957,71965
110070,72059,72067
197631,72090,72098
89955,72122,72130
73817,72159,72163
57010,72222,72230
197591,72256,72264
4795,72292,72302
421361,72335,72343
57663,72366,72372
197494,72396,72402
71836,72425,72435
323109,72466,72474
147021,72501,72507
548412,72539,72549
353400,72583,72589
147022,72615,72621
397887,72651,72657
73433,72710,72718
419745,72743,72749
545831,72775,72781
352803,73026,73032
586380,73059,73067
275996,73093,73101
652185,73124,73132
346902,73156,73164
503073,73188,73196
84919,73232,73238
537745,73262,73268
20321,73301,73309
20317,73343,73351
344818,73375,73383
344638,73405,73413
144614,73437,73441
19745,73466,73472
19802,73498,73506
19811,73529,73535
345101,73572,73578
345116,73601,73609
345690,73634,73638
345143,73674,73678
56076,73713,73721
350848,73747,73755
350842,73781,73787
3260,73818,73822
3240,73848,73856
15750,73882,73890
2063,73990,73996
353339,74022,74026
57195,74058,74066
402522,74088,74096
350217,74119,74125
141430,74152,74158
402528,83505,83513
57208,83534,83544
353027,83574,83582
110217,83718,83724
57203,83756,83762
1138,83810,83818
295393,83849,83859
7008,83904,83908
6993,83934,83938
350759,83978,83986
385,84040,84046
94,84079,84087
888327,84112,84116
7164,84141,84149
652065,84174,84180
17463,84207,84215
17464,84238,84246
347458,84281,84285
116029,84312,84320
345251,84346,84354
116514,84376,84384
340225,84410,84418
290538,84451,84459
539538,84486,84492
322989,84536,84544
1946,84602,84608
575670,84631,84641
380313,84664,84668
55190,84702,84712
116515,84757,84761
695770,84853,84861
341601,84919,84927
55206,84964,84970
150174,84996,85006
690774,85069,85079
484298,85101,85107
323549,85134,85144
564134,85171,85181
255749,85203,85211
255742,85244,85254
255746,85305,85313
75440,85336,85342
766773,85366,85372
380246,85396,85404
57707,85430,85436
431448,85461,85465
146832,85530,85536
539163,85562,85570
13460,85596,85602
684405,85634,85644
381271,85670,85676
13466,85866,85874
178504,85899,85905
178534,85932,85942
55193,85964,85972
345213,85998,86002
54635,86040,86046
345292,86082,86088
14245,86116,86126
148855,86149,86155
907297,86183,86191
531905,86215,86223
265,86255,86259
397,86291,86299
