343702,11,17
146817,40,48
56868,74,80
118499,103,111
1584,134,140
1588,166,172
536181,270,280
331768,312,322
586647,344,350
395364,372,382
343549,403,411
342731,437,445
120521,481,491
684575,521,527
22583,685,691
342745,725,733
880652,759,763
2128,791,797
535377,821,827
355700,853,857
355715,899,903
310486,1595,1599
260565,1626,1634
1618,1682,1690
1621,1712,1720
289006,1743,1751
146873,1785,1791
119103,1825,1829
539474,1856,1864
683476,1891,1895
1672,1931,1939
20953,1965,1971
738,1995,2001
147719,2023,2033
738,2058,2064
348423,2091,2095
348724,2119,2129
55095,2164,2170
569870,2218,2224
343971,2250,2260
148193,2283,2289
344033,2319,2323
147715,2372,2380
109753,2423,2431
143186,2493,2501
344097,2525,2529
546923,2566,2572
147687,2595,2605
326679,2625,2635
344110,2655,2665
338660,2687,2693
1097,2756,2766
271496,2789,2797
350942,2822,2830
653686,2854,2858
347257,2882,2890
289323,2912,2920
693879,2968,2976
50,2998,3006
655414,3028,3036
648148,3089,3095
693879,3147,3157
47,3211,3217
57820,3244,3254
80350,3279,3285
147226,3312,3316
15667,3350,3354
696905,3394,3400
576829,3434,3440
684552,3464,3472
349582,3494,3504
1658,3560,3570
343722,3596,3600
343702,3802,3810
343706,3911,3919
146825,4122,4132
551522,4155,4161
591777,4187,4193
690997,4216,4226
18550,4250,4256
684522,4281,4285
153883,4312,4318
870159,4343,4349
887850,4404,4410
109226,4435,4441
622132,4537,4545
622130,4570,4574
587768,4608,4614
167955,4652,4662
548388,4697,4705
884054,4756,4764
887851,4787,4793
887852,4848,4852
887850,4905,4915
109226,5057,5063
887850,5208,5214
109226,5261,5269
153902,5357,5365
587768,5389,5397
307429,5633,5641
109222,5892,5902
661424,5933,5939
5156,6003,6013
21361,6034,6042
1473,6092,6096
684450,6121,6127
538849,6152,6158
80395,6201,6209
289209,6234,6242
540916,6269,6275
7159,6301,6307
355483,6332,6342
7193,6367,6373
1283,6399,6405
17110,6431,6435
55613,6460,6468
17104,6500,6506
2731,6539,6547
534588,6574,6584
534447,6607,6613
148838,6637,6645
347944,6669,6675
14924,6703,6713
149314,6734,6742
543380,6775,6781
4606,6810,6820
535881,6842,6848
535889,6872,6878
536084,6902,6910
55070,6946,6950
1393,7003,7013
344790,7033,7043
344784,7883,7889
1392,7920,7928
535226,7953,7961
536112,7987,7993
55064,8028,8034
407512,8063,8067
17134,8110,8120
149261,8142,8150
1295,8173,8181
540137,8206,8210
17023,8243,8249
16933,8275,8281
355019,8304,8312
540236,8345,8351
354438,8375,8383
227208,8407,8411
354425,8439,8443
540512,8466,8476
1607,8514,8520
1623,8547,8555
342745,8584,8592
880654,8615,8623
2138,8703,8707
147576,8737,8747
2156,8775,8783
110444,8812,8822
355684,8847,8853
15521,8914,8918
1558,9092,9098
355646,9123,9129
930,9155,9159
355662,9185,9195
355660,9224,9230
352112,12754,12762
352118,12785,12791
101040,12817,12823
146931,12879,12885
585168,12910,12914
353495,12974,12980
146931,13113,13119
270710,13142,13150
146931,13177,13187
355696,13209,13215
535377,13270,13280
355703,13328,13332
355736,13358,13368
934,13389,13397
119964,13439,13447
252014,13476,13480
540279,13507,13513
887850,13536,13544
870160,13572,13578
870159,13684,13690
622095,13748,13754
870159,13784,13790
887851,13838,13844
153891,13878,13888
887850,13922,13930
884054,13953,13959
661424,13987,13993
143916,14016,14024
354816,14049,14055
55114,14080,14088
307079,14122,14128
95383,14159,14169
252012,14193,14203
575394,14348,14354
55123,14382,14390
540221,14413,14419
661421,14561,14565
661424,14590,14596
887867,14619,14627
5156,14711,14717
353875,14743,14751
581583,14773,14783
1478,14807,14813
378,14840,14844
97,14879,14887
888327,14909,14919
122323,14939,14949
416608,14994,15000
203273,15027,15033
86807,15058,15064
146623,15088,15096
146621,15127,15135
146740,15158,15166
353395,15193,15201
80021,15223,15233
201114,15256,15264
147746,15288,15296
540532,15319,15327
611889,15350,15360
297409,15396,15404
6100,15428,15432
551522,15459,15465
655754,15490,15498
164106,15520,15528
18549,15552,15558
109205,15583,15587
607238,15612,15620
887850,15657,15663
622132,15687,15693
887850,15743,15751
153902,15794,15798
167955,15977,15987
689591,16190,16194
655249,16219,16227
548388,16515,16521
661424,16550,16556
5156,16611,16615
147076,16752,16760
338246,16789,16793
338167,16818,16824
9814,16857,16865
885194,16888,16896
21421,16922,16930
267445,16963,16969
267448,16995,17003
277853,17044,17052
21425,17078,17086
354756,17108,17116
710842,17144,17150
151508,17177,17183
55275,17207,17213
277856,17246,17252
684513,17278,17282
690740,17309,17315
277868,17340,17346
353923,17370,17378
352760,17401,17407
147675,17431,17437
56780,17461,17469
86132,17505,17511
150211,17538,17548
339267,17578,17586
56289,17619,17627
57103,17659,17665
402902,17695,17703
640003,17727,17735
535885,17761,17767
149328,17792,17802
481114,17978,17982
644,18014,18020
424,18044,18052
344789,18110,18116
536154,18152,18160
534444,18190,18198
479412,18221,18229
305111,18257,18265
402689,18290,18296
403226,18327,18335
538877,18363,18369
313914,18394,18398
2966,18425,18431
535019,18457,18461
348632,18487,18491
348637,18519,18525
16699,18556,18566
346759,18616,18626
348663,18666,18670
348689,18694,18704
152404,18733,18739
2273,18782,18792
347003,18816,18822
2231,18855,18861
144684,18885,18891
354438,18915,18921
540236,18948,18954
354445,18986,18992
682669,19014,19024
404,19045,19053
81601,19078,19088
56496,19114,19120
346706,19146,19150
4225,19177,19181
20414,19216,19222
57766,19278,19284
159276,19310,19318
56481,19376,19380
57359,19406,19414
651838,19446,19456
270873,19481,19489
20305,19517,19525
267858,19549,19557
164070,19605,19613
146775,19635,19645
205233,19668,19676
539886,19703,19713
396981,19738,19746
396979,19801,19807
396981,19831,19837
396982,19913,19917
396981,19943,19947
396982,20059,20069
322688,20092,20098
269178,20122,20130
325078,20160,20164
57345,20223,20229
57347,20259,20263
119281,20301,20307
346076,20337,20347
3392,20391,20395
355414,20420,20426
353358,21662,21668
537887,21694,21698
20206,21742,21750
4753,21790,21800
4774,21855,21863
181322,21925,21931
355506,21979,21985
421349,22010,22016
197644,22947,22953
197584,22975,22985
57050,23054,23060
57011,23085,23093
548068,23121,23129
197906,23162,23170
421361,23197,23201
147026,23230,23238
57663,23262,23270
197452,23293,23301
371743,23332,23336
548141,23545,23551
355878,23593,23601
548177,23636,23644
73433,23692,23698
537766,23721,23729
322276,23753,23761
620536,23794,23802
587898,23826,23832
398377,23858,23864
90040,23890,23896
5241,23952,23960
355197,23983,23991
355203,24018,24024
355221,24051,24057
355236,24087,24095
149820,24133,24141
688524,24173,24179
147001,24240,24244
56189,24268,24278
195107,24309,24317
346494,24373,24379
346495,24402,24410
333623,24431,24441
353968,24482,24488
79829,24551,24561
544704,24587,24593
353727,24618,24624
319422,24704,24708
353725,24736,24742
5188,24838,24846
290719,24975,24981
17530,25057,25067
54517,25088,25096
147850,25126,25130
55787,25168,25174
354996,25198,25204
146857,25236,25242
90045,25287,25293
90042,25317,25325
147807,25348,25354
355098,25381,25385
534559,25413,25417
431172,25445,25451
323105,25521,25531
181333,25561,25569
71834,25593,25601
181333,25632,25636
197494,25662,25668
57009,25727,25735
894879,25761,25767
150525,25806,25814
449989,25861,25869
198088,25916,25924
197645,26493,26499
403098,26572,26580
198094,26635,26641
71473,26792,26798
198094,26877,26885
758370,26934,26938
198094,26997,27007
758370,27053,27059
198094,27176,27182
71473,27364,27368
198094,27426,27432
385786,27456,27462
632280,27487,27491
758370,27515,27523
71473,27548,27552
548070,27603,27609
57663,27656,27662
540454,27707,27711
4804,27743,27749
4781,27774,27782
198071,27869,27873
73449,27898,27904
22951,27927,27937
84970,27959,27967
770150,27992,28002
20310,28028,28038
349287,28059,28067
20317,28098,28106
84881,28128,28136
20321,28158,28166
344822,28194,28198
344640,28226,28232
344665,28260,28266
57428,28294,28304
345037,28329,28337
148008,28370,28374
148854,28402,28406
345110,28433,28439
345122,28463,28471
345130,28505,28511
56043,28543,28553
345143,28578,28584
56064,28616,28622
56069,28651,28657
56076,28703,28711
350848,28751,28761
350842,28792,28802
3260,28827,28837
3259,28859,28865
105,28909,28915
181596,28953,28957
54556,28994,29000
86627,29025,29029
396396,29056,29062
86661,29108,29112
531936,29139,29145
86661,29193,29199
86649,29221,29231
396388,29252,29260
86666,29308,29316
83593,29346,29350
195370,29378,29382
17726,29433,29437
810807,29464,29468
181608,29495,29499
652063,29524,29532
83680,29561,29565
151403,29591,29599
336955,29635,29645
75995,29670,29678
68771,29738,29746
68779,29788,29794
120914,29832,29842
486157,29867,29873
285,29896,29904
167258,29928,29934
87675,29966,29972
334147,30011,30017
486236,30041,30049
886945,30077,30083
886946,30118,30126
144438,30175,30183
486158,30205,30215
810551,30238,30242
116808,30267,30275
50510,30300,30308
15563,30338,30344
17451,30369,30377
545013,30402,30410
15002,30449,30455
54243,30481,30489
798521,30526,30530
289335,30555,30561
148611,30600,30606
146666,30645,30651
336596,30759,30767
124978,30790,30798
68750,30840,30844
547957,30888,30896
68789,30918,30926
571414,30949,30955
568017,30982,30990
7314,31024,31030
698510,31060,31066
337990,31097,31107
151243,31128,31136
148619,31164,31168
564368,31195,31199
484373,31223,31231
2422,31256,31262
8066,31295,31303
300309,31331,31337
421466,31382,31388
484579,31412,31420
312408,31444,31452
434381,31475,31485
312435,31508,31512
150230,31540,31548
308127,31571,31579
308128,31600,31610
157918,31638,31644
308103,31668,31674
338149,31706,31714
276905,31746,31752
408932,31777,31783
7652,31824,31832
545631,31856,31864
21950,31885,31895
317380,31922,31930
333150,31960,31964
333058,31991,31995
341261,32022,32030
54574,32055,32061
4499,32086,32092
55128,32121,32131
55139,32204,32212
17727,32247,32253
17729,32311,32317
86598,32366,32376
86607,32398,32404
86560,32455,32465
76594,32712,32720
76607,32744,32752
86643,32781,32785
86660,32810,32816
80737,32841,32851
346703,32872,32882
19839,32937,32945
350787,32988,32992
350801,33028,33038
181588,33060,33066
350820,33110,33116
350821,33174,33178
350825,33301,33305
350841,33497,33505
350847,33619,33625
19659,33657,33663
345162,33691,33699
56041,33724,33732
184010,33758,33764
5812,33804,33812
19797,33838,33846
19746,33874,33878
19760,33904,33908
79753,33936,33942
79775,33966,33976
20477,33999,34009
270905,34040,34048
270886,34131,34137
20309,34195,34203
84929,34234,34242
85004,34265,34271
20208,34301,34307
537431,34336,34344
4774,34374,34380
181322,34409,34413
57009,34446,34456
197556,34478,34486
4910,34527,34535
197589,34559,34567
197644,34606,34614
197726,34686,34694
548091,34730,34734
197726,34822,34828
353556,34851,34861
576108,34883,34889
73857,34917,34921
576112,34957,34961
197725,34991,34995
197730,35020,35026
369696,35052,35060
197591,35083,35091
3433,35118,35122
685955,35149,35155
750805,35183,35189
147786,35218,35226
4884,35257,35261
439396,35303,35311
181319,35333,35341
727508,35397,35407
424464,35430,35438
545918,35470,35474
696560,35506,35514
355037,35549,35557
150224,35579,35587
683714,35611,35619
56989,35658,35662
79737,35692,35700
54530,35735,35741
356209,35763,35773
348123,35798,35808
142851,35832,35838
344688,35870,35880
56844,35930,35938
345032,35963,35967
148020,36002,36008
19811,36035,36045
5840,36068,36078
184011,36107,36115
535042,36141,36149
184082,36175,36181
15743,36209,36215
56042,36250,36256
345143,36283,36287
56069,36312,36322
56076,36348,36356
350848,36391,36399
350842,36433,36439
3260,36465,36475
19833,36497,36505
20931,36532,36538
7006,36572,36582
6436,36606,36612
57597,36667,36675
637702,36699,36703
413753,36875,36881
57184,36912,36916
19817,36946,36952
350820,36976,36982
350825,37012,37016
19659,37040,37048
19667,37072,37078
350857,37101,37111
19659,37154,37162
56051,37194,37200
56041,37226,37234
184010,37262,37266
148024,37293,37301
19797,37334,37340
56197,37366,37374
538210,37398,37404
771000,37428,37438
19729,37462,37466
146941,37490,37498
348065,37543,37553
79301,37581,37589
438693,37619,37625
347543,37692,37696
75813,37744,37748
147850,37774,37782
354999,37839,37843
424470,37871,37875
424472,37905,37909
424473,37934,37944
540595,37993,37997
419443,38022,38030
581002,38051,38061
56989,38081,38091
54529,38120,38130
286768,38176,38182
348120,38206,38212
19724,38252,38258
142851,38297,38303
142855,38327,38335
344719,38369,38379
344688,38422,38430
345015,38455,38463
148020,38490,38496
345059,38523,38529
184011,38558,38568
345122,38590,38596
56042,38642,38646
56069,38678,38684
350848,38731,38739
350842,38768,38778
3260,38803,38809
19825,38836,38844
350786,38872,38876
6903,38903,38907
350760,38933,38937
807949,38963,38969
17512,38998,39004
807951,39029,39035
350737,39059,39065
166809,39102,39108
671,39194,39202
669,39227,39237
540572,39258,39266
704,39290,39296
648747,39325,39333
715,39364,39374
540482,39398,39404
54428,39495,39505
344103,39547,39557
109762,39586,39592
351266,39617,39623
669,39649,39655
15875,39680,39684
1099,39796,39802
124319,39824,39834
1113,39877,39883
148868,39988,39992
351045,40016,40026
342652,40105,40111
1134,40176,40184
351493,40207,40217
206468,40248,40258
17517,40281,40291
351653,40311,40321
309794,40364,40372
542082,40395,40403
80365,40432,40442
543409,40465,40469
256906,40494,40500
421438,40525,40531
350919,40561,40567
147400,40660,40668
148096,40693,40699
252014,40875,40881
661424,40919,40927
34,40957,40965
5156,41011,41017
330,41041,41049
1473,41076,41086
353903,41109,41113
690668,41139,41143
15667,41222,41228
15658,41253,41257
56590,41283,41287
652301,41315,41323
824313,41346,41354
109481,41382,41386
824312,41411,41419
995017,41444,41448
109476,41476,41484
338167,41555,41561
655871,41585,41595
353909,41623,41633
55274,41697,41707
277856,41734,41744
82543,41768,41774
562085,41806,41810
5707,41909,41919
21085,41969,41977
884119,42000,42006
352233,42030,42036
5698,42060,42066
419471,42090,42098
270692,42122,42128
56600,42155,42159
203268,42186,42192
146740,42227,42231
201098,42262,42266
80021,42289,42299
201131,42335,42341
354233,42365,42375
146741,42637,42645
354233,42670,42678
201123,42705,42713
354241,42736,42742
353386,42765,42773
146745,42797,42807
351154,42838,42848
54260,42887,42893
122302,42949,42953
531905,42981,42987
20967,43014,43024
271,43075,43081
741243,43111,43117
9002,43159,43167
21364,43193,43197
56590,43252,43258
338167,43283,43293
353909,43366,43372
338647,43427,43431
349248,43465,43471
277860,43548,43554
10355,43594,43602
353912,43630,43636
353913,43672,43678
21102,43703,43713
353918,43807,43817
583201,43847,43855
353918,43984,43990
583201,44154,44162
353919,44185,44195
350392,44302,44306
350394,44783,44789
350395,44821,44825
321452,44852,44858
21060,44881,44889
436023,44995,45001
164399,45054,45060
536463,45083,45091
5707,45113,45123
349578,45152,45158
349583,45185,45189
1658,45223,45231
661762,45273,45281
343701,45304,45312
343706,45337,45341
56868,45382,45386
118499,45411,45419
289005,45450,45458
266868,45487,45491
353662,45516,45522
116144,45545,45555
71589,45579,45585
350055,45613,45617
352634,45646,45652
349943,45679,45683
349916,45710,45714
5897,45747,45755
937,45779,45785
350729,45810,45816
85244,45903,45911
546426,45933,45943
346339,45999,46005
440832,46029,46039
323872,46065,46071
346042,46095,46105
323913,46130,46138
346046,46161,46167
321379,46195,46203
56907,46231,46239
785531,46276,46286
324093,46311,46315
324073,46392,46398
57416,46430,46440
55313,46499,46507
5870,46549,46557
146783,46585,46589
55755,46618,46624
20321,46664,46674
20317,46704,46712
424557,46734,46742
57645,46765,46773
79738,46795,46805
344665,46829,46837
19745,46862,46866
345035,46889,46899
148008,46925,46931
5840,46958,46962
345111,46989,46993
56201,47020,47026
56043,47058,47066
56069,47097,47103
350848,47151,47161
350842,47194,47200
350832,47226,47234
19832,47266,47272
652049,47296,47302
6917,47332,47338
685224,47364,47370
148880,47394,47402
1116,47425,47431
345576,47460,47470
351560,47493,47503
1135,47539,47547
694965,47631,47639
57862,47721,47729
22245,47751,47759
1120,47818,47822
57844,47860,47868
147090,47889,47899
7009,47919,47929
7033,47986,47996
263877,48148,48154
7013,48177,48185
7092,48215,48219
19814,48244,48250
350801,48275,48281
350825,48315,48323
350841,48354,48364
350848,48387,48393
56044,48421,48429
345144,48451,48459
56041,48488,48494
56195,48523,48529
184006,48573,48579
345117,48619,48629
345119,48654,48662
5812,48717,48725
80069,48753,48761
148024,48790,48800
345065,48834,48840
57441,48863,48871
148017,48901,48911
345047,48934,48942
345019,48966,48972
344714,49001,49007
19705,49034,49042
19924,49068,49074
79307,49102,49108
348065,49133,49137
79301,49161,49171
438693,49196,49202
75822,49226,49232
347543,49271,49279
75813,49317,49325
54526,49348,49354
55787,49403,49409
354999,49436,49446
322089,49470,49474
540593,49498,49506
372339,49530,49536
696560,49608,49612
424457,49638,49642
424458,49713,49719
424457,49744,49748
419437,49834,49840
424457,49903,49909
419435,49933,49939
372393,49965,49973
581254,49999,50007
181320,50078,50084
727508,50110,50114
439390,50141,50145
55768,50191,50195
372336,50251,50257
197530,50280,50288
355083,50321,50329
768526,50375,50383
355747,50408,50412
4942,50446,50452
277142,50476,50484
613262,50512,50520
613487,50542,50550
199947,50572,50580
71202,50805,50811
197554,50861,50869
57034,50894,50902
686232,50928,50932
57031,50957,50967
197563,50995,51005
698143,51026,51034
576109,51059,51069
398459,51092,51102
548088,51128,51134
353440,53089,53095
369696,53144,53152
197644,53228,53238
197726,53296,53300
540988,53326,53334
57027,53392,53400
197761,53424,53430
57039,53494,53498
20180,53533,53541
346974,53588,53594
20065,53625,53631
57530,53670,53676
19951,53714,53722
326891,53752,53756
685106,53792,53800
568669,53827,53833
9529,53866,53870
9530,53902,53910
586689,53934,53940
9511,53964,53970
57668,53992,54002
419891,54035,54045
57479,54070,54076
5402,54105,54113
57479,54137,54141
18862,54173,54183
19851,54213,54221
347813,54247,54253
79192,54277,54285
19865,54333,54339
347783,54374,54382
75688,54424,54434
150591,54455,54463
147235,54507,54513
57670,54542,54548
147237,54576,54580
541463,54619,54625
206277,54665,54671
197470,54695,54705
355077,54735,54739
4906,54813,54821
197474,54842,54852
545893,54877,54885
197467,54935,54941
355087,54967,54975
206752,55004,55010
891858,55039,55049
355021,55092,55100
640629,55141,55151
355021,55183,55189
57015,55297,55305
355465,55327,55335
57015,55361,55365
54513,55416,55422
181319,55465,55473
90041,55508,55516
683947,55539,55547
147807,55719,55725
355098,55761,55765
57022,55800,55808
355134,55830,55838
181333,55888,55894
288675,55922,55928
897404,55959,55963
355043,55989,55999
147772,56031,56037
206695,56060,56070
68797,56107,56115
197746,56226,56236
885998,56267,56273
197458,56298,56308
197616,56340,56344
54515,56426,56430
355085,56462,56468
197691,56492,56502
197705,56527,56531
355190,56682,56688
147786,56753,56761
89982,56845,56853
353994,56882,56890
750811,56918,56924
147822,56952,56960
206302,56987,56993
19910,57029,57037
438696,57059,57067
348052,57091,57101
286768,57146,57150
348123,57184,57190
56192,57214,57220
344720,57250,57256
344688,57310,57314
56844,57360,57368
57428,57393,57401
345037,57431,57437
148008,57468,57472
345074,57499,57503
184006,57526,57536
345116,57573,57581
345130,57613,57623
56043,57663,57669
56069,57695,57701
350848,57754,57762
350842,57787,57795
350832,57820,57830
3259,57863,57869
105,57906,57916
181596,57946,57954
54556,57997,58007
86633,58033,58039
396392,58063,58069
86661,58107,58113
86649,58163,58169
86661,58222,58232
86649,58284,58290
396396,58314,58322
86666,58369,58377
83593,58405,58415
195370,58442,58446
17726,58496,58506
810807,58530,58536
181608,58558,58568
83680,58595,58601
75966,58624,58634
75999,58662,58666
68771,58710,58720
68779,58757,58765
120914,58795,58801
120920,58828,58838
167425,58864,58872
167251,58897,58901
144439,58926,58932
686144,58967,58973
145445,59018,59028
145446,59055,59061
145460,59084,59092
144508,59117,59123
334253,59152,59160
116808,59184,59192
15562,59223,59229
120912,59265,59271
120917,59306,59316
68765,59357,59365
68770,59413,59419
4410,59485,59495
286485,59725,59735
121083,59783,59789
149189,59840,59846
19491,59874,59880
19509,59910,59916
55135,59941,59949
17727,59986,59990
86598,60024,60030
86560,60059,60067
76594,60287,60297
76607,60321,60329
86643,60357,60365
86660,60388,60396
540639,60418,60428
410432,60449,60459
5145,60485,60493
401798,60518,60522
10224,60602,60610
354969,60665,60671
142903,60704,60708
342115,60816,60824
57433,60854,60862
56763,60893,60899
343896,60925,60929
345182,60964,60970
353975,60994,61000
353977,61024,61032
345212,61061,61067
56300,61096,61104
56063,61127,61135
56051,61168,61174
56036,61198,61206
144592,61232,61240
345123,61264,61268
345119,61294,61302
148851,61326,61334
345060,61358,61362
19801,61390,61396
686134,61427,61431
534889,61458,61464
403165,61490,61498
585543,62475,62481
50576,62508,62512
573141,62541,62547
537136,62572,62578
537275,62606,62612
5322,62664,62672
5207,62746,62750
206496,62866,62874
55410,62910,62916
5213,62981,62989
149522,63013,63023
147232,63466,63474
146941,63567,63571
79307,63599,63605
537608,63636,63642
79303,63669,63675
75822,63732,63740
75813,63826,63834
146940,63860,63866
348047,63896,63904
355300,63933,63941
581004,63964,63972
79297,64004,64012
372342,64040,64048
170213,64086,64094
355033,64166,64170
355009,64197,64205
372355,64237,64245
56249,64287,64295
546044,64317,64325
181319,64369,64377
489468,64411,64417
90041,64453,64461
683947,64510,64516
147807,64548,64554
181329,64593,64601
355101,64673,64679
57022,64710,64718
355136,64777,64785
323105,64807,64817
323109,64841,64849
56278,66383,66389
354974,66415,66419
71832,66449,66455
181333,66501,66505
197499,66539,66545
57009,66576,66582
355506,66605,66613
353702,66648,66656
197589,66732,66736
197644,66852,66862
197726,66922,66930
197597,66951,66961
385796,67007,67013
57048,67045,67049
197590,67074,67080
421354,67107,67113
685938,67139,67147
421361,67183,67193
548070,67230,67236
197491,67266,67272
71836,67296,67302
159522,67330,67340
323109,67360,67370
147019,67400,67404
147021,67484,67492
354972,67515,67525
353412,67592,67598
56278,76757,76767
548412,76792,76798
147022,76825,76831
449748,76856,76860
397887,76893,76901
73434,76927,76933
73438,76964,76972
352935,76996,77002
352811,77027,77037
586380,77061,77069
537890,77107,77115
56277,77163,77173
355673,77195,77203
741644,77241,77247
346013,77272,77280
535055,77305,77315
345910,77365,77371
535437,77396,77406
3385,77429,77437
535476,77460,77466
656008,77492,77498
57427,77527,77533
236038,77556,77564
1018,77654,77660
3070,77717,77721
536022,77746,77754
536733,77777,77783
159962,77808,77814
536713,77872,77880
351316,77903,77911
684992,77933,77943
537245,77965,77971
329857,77993,78003
537102,78024,78032
655731,78072,78080
55291,78101,78111
329171,78132,78140
151308,78165,78173
150999,78202,78208
350360,78259,78265
266968,78289,78295
549347,78351,78355
350318,78381,78385
289216,78409,78417
685001,78440,78446
153570,78500,78508
535479,78532,78540
55307,78563,78569
328834,78596,78600
369705,78623,78633
151758,78658,78664
741639,78697,78703
536239,78744,78748
348261,78773,78779
535577,78805,78813
20281,78838,78846
20206,78875,78885
4710,78912,78916
255549,78948,78954
323110,79010,79016
355844,79070,79078
586328,81526,81534
353414,81559,81563
147013,81589,81599
197454,81623,81629
181319,81668,81674
545940,81707,81717
424473,81745,81753
181354,81796,81802
75814,81826,81834
536524,81869,81879
290717,81944,81954
147888,82309,82315
17530,82403,82407
146859,82433,82439
54526,82481,82485
109360,82511,82515
372377,82542,82546
355297,82612,82620
56989,82647,82655
54529,82689,82693
286768,82747,82755
19719,82781,82785
19724,82819,82825
142855,82853,82861
344688,82883,82891
56844,82930,82934
19802,82961,82967
19805,82990,82998
5840,83030,83038
184011,83067,83071
535042,83097,83103
345130,83128,83134
56042,83162,83172
56064,83195,83203
56076,83231,83237
350848,83268,83276
350842,83306,83316
3260,83344,83350
19833,83381,83387
20927,83412,83416
7006,83444,83452
350888,83473,83483
350763,83513,83519
683577,83543,83551
148869,83572,83582
351645,83606,83612
15872,83638,83646
666,83689,83693
347449,83744,83752
695,83778,83782
709,83808,83814
57740,83847,83855
571466,83879,83885
342150,83923,83929
540063,83954,83958
819,83996,84004
342231,84039,84045
121266,84093,84099
7371,84122,84132
338779,84157,84165
7343,84215,84221
338526,84244,84254
338772,84275,84283
340216,84309,84317
21297,84345,84355
344,84401,84405
144666,84432,84436
323545,84517,84525
57708,84547,84555
13479,84581,84587
651847,84611,84619
54635,84649,84657
345292,84689,84697
20242,84721,84725
17475,84751,84759
17489,84785,84793
198038,84827,84833
17112,84860,84868
17104,84895,84903
254973,84953,84963
16842,85005,85011
541966,85034,85042
248428,85067,85071
16830,85113,85119
386787,85144,85150
330137,85173,85183
55671,85214,85220
17260,85255,85261
348241,85290,85296
17307,85330,85336
17317,85376,85384
351024,85411,85415
351007,85457,85461
351006,85494,85504
542734,85526,85532
753820,85558,85562
567962,85594,85598
4027,85638,85644
17386,85711,85721
582378,85757,85765
353184,85802,85810
353044,85836,85842
684519,85868,85878
317561,85918,85926
57064,85953,85959
353058,85983,85989
353089,86028,86036
316603,86064,86074
147614,86097,86103
152530,86132,86140
22420,86171,86181
349353,86207,86213
882826,86290,86298
