689055,9008,9012
689566,9036,9046
685206,9068,9074
55005,9158,9164
575491,9189,9195
201204,9218,9228
402939,9254,9258
115296,9309,9315
308422,9345,9351
1450,9377,9385
1530,9420,9428
2271,9492,9498
152397,9523,9529
348664,9565,9571
16586,9597,9605
1441,9629,9637
55566,9663,9667
386764,9692,9698
348618,9725,9731
150826,9756,9762
150825,9788,9792
348020,9827,9835
4051,9931,9941
731781,9962,9970
341894,10000,10010
90641,10032,10040
342342,10066,10070
4076,10121,10131
57065,10154,10162
353182,10193,10201
353184,10225,10233
353052,10256,10262
317561,10288,10296
57064,10326,10334
570718,10356,10364
353089,10387,10395
151523,10433,10443
151546,10477,10485
536655,10510,10514
586101,10543,10551
584096,13869,13875
586035,14130,14138
349190,14162,14168
586035,17702,17708
349189,17762,17772
404238,17864,17870
404240,17913,17919
400698,18941,18949
349169,25453,25457
349177,25541,25547
537601,25571,25577
350531,25602,25610
912187,25684,25690
912186,25737,25741
151523,25796,25804
152027,27830,27836
353099,27867,27871
147614,27985,27991
152604,28025,28031
536534,28055,28063
695670,28088,28092
346113,28164,28172
404234,28194,28202
3730,28262,28270
536364,28294,28304
400573,28324,28334
345414,28470,28478
344844,28539,28545
65614,28593,28599
400701,28629,28633
349189,28671,28677
349190,28707,28717
349169,28745,28749
349356,28807,28811
151543,28838,28842
350407,28871,28879
152027,28917,28927
121982,28990,28996
147650,29020,29026
572645,29053,29057
402124,29095,29099
350695,29141,29147
317547,29179,29189
121510,29244,29250
308332,29276,29280
57058,29322,29328
57057,29356,29360
346361,29415,29423
315963,29445,29453
385413,29482,29490
581633,29532,29540
402110,29562,29572
353237,29597,29607
57092,29630,29636
74436,29658,29668
655591,29691,29695
118583,29721,29729
531091,29812,29820
753749,29861,29867
535099,29892,29900
402730,29969,29979
533292,30003,30009
441,30086,30096
354915,30126,30136
307750,30158,30168
534375,30252,30260
414,30287,30293
16726,30339,30347
16729,30372,30378
347722,30402,30412
354960,30455,30459
310429,30486,30490
407156,30516,30522
407153,30727,30731
534177,30760,30764
395072,30790,30796
403273,30820,30828
535626,30854,30862
307558,30901,30907
54016,30930,30938
348663,30976,30982
348664,31009,31015
348688,31100,31104
438747,31249,31253
534564,31282,31288
55036,31369,31375
72806,31406,31412
369664,31441,31445
385037,31486,31494
337100,31625,31629
255635,31655,31661
2284,31691,31699
77049,31726,31734
17117,31757,31763
17152,31823,31831
17018,31854,31860
17099,31964,31970
75918,31996,32004
341551,32039,32045
54007,32071,32077
12932,32109,32117
344508,32143,32151
344514,32190,32200
23043,32222,32230
87581,32270,32276
23015,32336,32342
341586,32372,32376
122074,32408,32416
148800,32465,32469
335488,32541,32549
335486,32579,32587
335501,32639,32649
335510,32671,32679
149352,32763,32773
149343,32794,32802
147322,32828,32834
335514,32859,32869
150383,32890,32898
335514,32920,32928
147320,32973,32983
147298,33015,33025
334472,33089,33099
685625,33141,33145
74333,33173,33177
334776,33210,33216
334729,33254,33260
147165,33284,33292
750966,33414,33418
750964,33443,33451
147181,37233,37237
412533,37262,37268
299963,37296,37302
147115,37632,37638
299859,37713,37723
147154,37835,37845
147123,37948,37954
334751,37988,37992
147149,38032,38040
144720,38067,38075
151054,38113,38121
147153,38146,38152
335591,38183,38189
144822,38219,38227
152067,38267,38271
15302,38296,38302
343524,38328,38336
343526,38361,38367
12565,38405,38409
54349,38441,38451
11725,38486,38492
276909,38520,38530
13118,38552,38558
50509,38588,38598
55658,38621,38631
254150,38660,38670
267104,38769,38773
267020,38815,38825
152544,38853,38863
332585,38896,38904
4631,38970,38974
348798,39005,39009
312991,39039,39049
150726,39073,39081
342012,39104,39110
402716,39361,39367
150728,39396,39402
402716,39602,39610
695733,39632,39640
312937,39664,39668
690927,41132,41138
289179,41196,41206
542415,41233,41241
305112,41650,41654
151272,41689,41695
54965,41737,41747
533247,41768,41776
54968,41818,41824
355318,41857,41865
339798,41894,41904
346315,41946,41954
346311,41986,41994
54925,42017,42023
534827,42054,42058
353801,42086,42090
348404,42115,42123
152406,42201,42209
542774,42231,42241
453339,42261,42271
354893,42296,42302
310430,42342,42348
148757,42377,42385
407156,42409,42415
310923,42636,42642
533248,42681,42689
347665,42713,42717
354901,42746,42752
542900,42777,42781
2214,42841,42845
354877,42869,42879
122697,42909,42919
766502,42941,42947
766611,42971,42977
200273,43004,43010
354428,43035,43041
690370,43065,43071
81601,43096,43106
56501,43144,43150
4225,43175,43181
20414,43219,43227
57766,43276,43282
20458,43367,43373
346741,43396,43404
270885,43443,43447
20309,43495,43503
84899,43539,43545
561335,43577,43585
149831,43643,43647
13321,43874,43882
85697,43909,43913
204658,43953,43957
403204,43985,43993
582103,44020,44026
541875,44053,44059
73450,44090,44098
164070,44123,44127
270875,44154,44162
164091,44206,44212
537281,44241,44247
20453,44277,44287
84829,44313,44323
159283,44347,44357
57752,44422,44430
855618,44455,44459
20234,44485,44489
81627,44518,44526
113110,44550,44558
57770,44583,44587
345504,44614,44620
203516,44646,44652
352144,44727,44735
119107,44758,44766
351936,44793,44797
351918,44827,44833
164061,44865,44869
168177,44895,44899
109247,44926,44930
56513,44959,44969
1476,45004,45012
810291,45037,45043
570924,45096,45102
80415,45250,45256
706338,45290,45300
707351,45358,45368
707345,45432,45440
861897,45530,45534
18202,45954,45960
649460,45983,45993
461408,46038,46046
338207,46070,46076
338225,46167,46175
56590,46208,46212
353866,46261,46267
727,46292,46298
55146,46334,46340
147715,46384,46390
147604,46419,46425
764,46450,46454
347651,46482,46486
152792,46534,46540
154693,46570,46578
154694,46771,46779
812471,46805,46813
143206,46839,46845
778,46871,46879
763,46905,46913
116101,46939,46947
383053,46971,46977
116450,47056,47066
546078,47091,47101
435311,47172,47182
695909,47204,47212
345603,47295,47299
80748,47442,47452
532310,47627,47633
695909,47656,47664
709836,47688,47696
116456,47750,47754
116453,47779,47785
143302,47812,47818
540626,47842,47848
23445,47871,47879
147687,47936,47944
540478,47968,47976
17661,48016,48022
54438,48090,48096
683432,48121,48125
902,48151,48159
885008,48370,48376
338246,48484,48488
339195,48515,48519
55146,48544,48552
683412,48578,48584
55147,48608,48614
147604,48641,48645
56444,48672,48676
116450,48778,48784
142814,48833,48841
345603,48901,48911
698835,48934,48940
317267,48966,48972
431238,49059,49065
142782,49101,49107
431238,49132,49136
80750,49526,49534
81034,49560,49568
55109,49592,49600
54555,49626,49632
17711,49655,49663
17726,49721,49725
341916,49759,49767
4454,49793,49799
19517,49824,49834
83680,49866,49872
121030,49905,49909
336955,49936,49944
75999,49973,49981
68771,50026,50032
68779,50071,50079
120914,50116,50122
120920,50151,50161
760534,50182,50190
148713,50215,50223
120667,50261,50269
543861,50302,50308
886943,50336,50340
886946,50507,50515
765273,50540,50548
144462,50572,50580
145416,50604,50608
144453,50635,50641
145420,50668,50676
386170,50733,50743
427729,50820,50826
386160,50851,50859
427729,51114,51124
386174,51289,51297
427724,51667,51675
386176,51699,51707
386163,51730,51740
386159,51767,51773
144530,51816,51822
144529,51867,51877
686150,51985,51989
686151,52019,52025
144509,52071,52075
144522,52170,52180
386159,52201,52209
428220,52263,52273
144533,52398,52406
386242,52432,52440
386020,52463,52469
145437,52493,52503
386159,52523,52533
145437,52556,52564
486230,52586,52594
334142,52628,52636
886946,52694,52702
144423,52724,52732
144504,52787,52797
486291,52819,52825
167229,52850,52856
15563,52902,52912
17451,52942,52948
862585,52974,52982
15002,53017,53021
22910,53048,53056
22916,53086,53094
148283,53119,53129
116641,53153,53161
734761,53186,53192
20633,53254,53262
54863,53289,53295
532132,53319,53325
20705,53361,53367
345200,53391,53397
13475,53431,53437
13476,53474,53478
345213,53503,53513
345223,53537,53543
20737,53579,53583
54635,53665,53673
17498,53696,53704
345288,53727,53733
14226,53756,53764
14245,53800,53808
115905,53844,53852
355482,53883,53889
21019,53923,53931
4549,53953,53961
305498,53998,54004
351273,54028,54038
7171,54063,54067
540911,54277,54281
352441,54309,54315
569193,54340,54346
541390,54371,54375
20982,55715,55721
540266,55769,55779
56644,55801,55809
436018,55830,55840
424613,55873,55881
567849,55904,55914
350296,55938,55942
54255,55973,55977
122305,56016,56020
148264,56052,56056
351156,56083,56091
351049,56116,56120
146650,56146,56154
473530,56181,56189
351634,56211,56219
762207,56258,56264
148593,56289,56293
351722,56320,56328
351726,56349,56359
540004,56381,56389
540095,56417,56423
21361,56449,56455
353875,56545,56553
353877,56579,56583
1473,56634,56642
539001,56693,56699
18571,56722,56730
18569,56751,56761
378,56786,56794
20966,56833,56837
21018,56871,56881
7159,56905,56909
355485,56934,56940
148898,56972,56976
305489,57003,57007
17112,57035,57043
17104,57070,57078
16842,57106,57114
534194,57145,57155
16789,57176,57186
16823,57209,57217
16830,57250,57254
135,57281,57285
126,57313,57317
330139,57343,57351
55671,57389,57395
17260,57434,57442
348241,57475,57481
17307,57510,57516
17317,57565,57571
351024,57607,57615
351004,57660,57666
551472,57689,57697
551475,57739,57745
4638,57819,57829
191315,57889,57895
4008,57936,57944
273735,57992,57998
152199,58024,58030
655786,58097,58101
635685,58127,58135
3921,58353,58361
151605,58430,58440
330685,58467,58475
654536,58499,58503
152084,58530,58538
351442,58562,58566
352978,58609,58615
330795,58640,58648
404247,58674,58680
581501,58704,58712
349191,58737,58743
151544,58803,58807
151542,58831,58839
349386,58861,58871
147668,58904,58910
147674,58937,58943
316559,58966,58976
345562,58997,59005
4103,59053,59061
151674,59099,59109
341998,59155,59159
308352,59187,59193
887300,59225,59231
266995,59325,59331
294688,59373,59381
448269,59432,59440
448291,59463,59469
346412,59502,59508
315947,61063,61069
315948,61100,61106
315921,61140,61148
150441,61174,61182
147463,61210,61214
710934,61240,61248
344386,61276,61284
119875,61308,61314
308356,61338,61344
308357,61371,61377
308366,61450,61458
315925,61500,61506
12535,61535,61539
580963,61574,61584
583197,61610,61616
586016,61648,61652
321232,61695,61703
343956,61726,61732
685711,61757,61763
267927,61787,61793
346946,61817,61825
419809,61854,61860
54800,62280,62284
15917,62430,62436
159835,62472,62480
310187,63751,63759
744308,63795,63801
310218,63824,63834
530533,63858,63866
53850,63894,63902
53857,63943,63947
147532,63972,63978
54339,64003,64007
54345,64032,64038
268605,64066,64074
289786,64129,64137
15309,64163,64171
335585,64214,64220
19598,64250,64254
651822,64284,64290
12447,64318,64324
22929,64350,64356
536067,64381,64389
54718,64437,64447
654228,64491,64499
285,64531,64537
7192,64563,64569
144446,64596,64602
386170,64704,64708
427729,64743,64749
386174,64841,64845
386160,64876,64884
144530,64938,64942
144529,65174,65180
144533,65370,65378
144504,65407,65413
486233,65441,65445
486230,65508,65514
145428,65627,65635
386243,65748,65758
144508,65811,65819
886876,65993,65999
144508,66024,66030
686144,66064,66074
144504,66108,66116
181618,66148,66156
181617,66181,66187
7186,66212,66220
15563,66252,66260
17452,66283,66291
6286,66313,66323
15039,66349,66357
15059,66397,66407
12437,66436,66440
905669,66474,66484
144826,66522,66530
144822,66745,66753
2943,66782,66790
152067,66897,66901
15307,66959,66967
15304,67006,67012
54358,67084,67092
55644,67160,67168
343530,67209,67215
12565,67315,67325
347624,67346,67354
11725,67404,67410
55939,67436,67440
50509,67514,67524
11757,67545,67553
268210,67609,67619
267027,67645,67651
254981,67685,67689
254993,67714,67724
343500,67744,67754
532738,67821,67829
532801,67883,67891
532738,68005,68013
532709,68037,68043
11746,68069,68073
744311,68099,68109
534046,68133,68137
13120,68166,68172
11730,68235,68245
530667,68266,68276
54345,68308,68314
268605,68349,68359
256641,68384,68392
289786,68453,68459
15309,68490,68500
335585,68546,68554
19598,68589,68593
19604,68622,68632
12441,68656,68660
22934,68702,68712
54718,68751,68757
654228,68794,68802
285,68827,68833
354039,68857,68865
167252,68887,68897
145417,68936,68944
144496,69316,69322
386170,69599,69605
386163,69727,69735
386170,69825,69829
386174,69869,69873
427729,70037,70041
386174,70187,70193
427724,70217,70223
386176,70416,70422
144528,70447,70451
144533,70725,70729
145445,70801,70807
145437,70831,70841
144504,70867,70871
181618,70906,70912
167228,70936,70944
7186,70973,70979
15563,71021,71029
17453,71053,71061
862584,71087,71093
15002,71124,71130
22916,71201,71209
148283,71235,71239
116633,71269,71279
20771,71302,71310
20758,71335,71345
20633,71390,71398
651861,71425,71431
20705,71457,71463
345187,71486,71496
5606,71521,71529
13476,71569,71577
345223,71601,71607
54635,71640,71648
345290,71671,71681
20242,71728,71734
345321,71757,71765
164099,71791,71801
54540,71826,71830
20388,71854,71862
20387,71889,71895
148917,71920,71930
57794,72005,72009
56478,72037,72045
56496,72183,72187
56501,72219,72223
81609,72247,72255
346706,72277,72285
20410,72319,72325
20414,72382,72388
57766,72433,72443
159287,72466,72474
57359,72497,72503
20437,72527,72533
159278,72555,72565
85244,72645,72653
357864,72708,72716
350742,72762,72768
419664,73139,73143
262871,73309,73319
110034,73342,73352
322498,73427,73435
5914,73465,73471
419662,73552,73556
84845,73596,73600
56502,73629,73639
159283,73665,73673
20432,73696,73702
57752,73767,73775
116446,73802,73808
20418,73837,73841
20238,73869,73877
113109,73903,73909
113114,73933,73943
56517,73982,73988
345459,74012,74018
56750,74048,74054
20399,74081,74085
201217,74114,74124
115364,74149,74157
305656,74182,74190
625752,74230,74234
1317,74273,74281
580283,74307,74313
689575,74340,74344
689035,74374,74378
689578,76915,76925
689637,76948,76956
290466,77009,77015
1299,77040,77048
2283,77078,77088
81438,77112,77120
2292,77142,77150
384084,77176,77180
55613,77211,77219
2731,77244,77248
148826,77273,77281
348834,77306,77314
542273,77338,77346
255949,77371,77381
348818,77411,77419
402699,77642,77646
403226,77675,77685
2330,77713,77719
542556,77743,77749
150728,77774,77782
536380,77810,77816
16688,77860,77866
537886,77892,77896
150800,77921,77929
535071,77968,77978
55496,78014,78024
348030,78050,78058
2963,78082,78088
4051,78195,78203
541511,78230,78240
57899,78263,78271
655031,78298,78304
90647,78345,78353
697122,78377,78385
535107,78420,78426
737848,78453,78463
344400,78520,78526
344401,78570,78576
993866,78611,78619
343219,78653,78663
4078,78700,78704
530295,78749,78755
342995,78782,78788
315961,78822,78826
83380,79087,79091
274329,79117,79123
684519,79515,79523
344294,79570,79578
57064,79605,79615
654844,79639,79647
353063,79700,79704
316603,79731,79735
147614,79763,79771
22420,79815,79823
349178,79849,79853
586098,79881,79889
