2738,4,10
2795,35,45
14952,65,75
1394,160,164
1392,191,201
69656,223,229
4617,276,280
543381,341,347
849402,370,378
685248,496,504
814333,558,566
685248,589,595
419,619,625
536150,648,656
148861,682,688
17103,722,728
355473,753,757
115905,783,787
907297,814,818
651857,844,850
20975,873,881
18574,905,915
738569,938,944
201084,968,974
421447,1003,1011
56514,1039,1049
762205,1070,1078
586127,1099,1109
1469,1131,1137
338225,1161,1169
338258,1195,1201
727,1226,1236
9814,1261,1267
147715,1336,1340
683424,1528,1536
143196,1565,1571
109757,1616,1624
54427,1658,1664
677,1689,1697
348512,1720,1728
716,1749,1759
57740,1786,1792
542572,1818,1828
342150,1851,1859
887048,1890,1896
342217,1919,1927
254492,1950,1956
254501,1982,1986
22786,2109,2113
335071,2576,2586
126440,2782,2786
151058,2813,2821
147327,2842,2852
15304,2879,2885
54358,2910,2916
12241,2941,2947
12280,2972,2978
206373,3006,3010
12281,3041,3045
539958,3078,3086
11113,3119,3127
685642,3157,3165
539894,3188,3196
12005,3220,3224
539894,3248,3256
685642,3281,3285
18226,3577,3585
374,3665,3671
6981,3696,3700
7033,3727,3733
15807,3818,3826
430348,3880,3888
146633,3915,3923
141430,3953,3959
57845,3983,3991
388119,4015,4021
277641,4048,4052
693216,4077,4083
290517,4107,4115
353029,4144,4150
692907,4184,4188
353111,4213,4221
6867,4252,4258
371051,4341,4349
146737,4520,4528
346484,4558,4564
346489,4595,4601
1381,4625,4631
346489,4673,4681
345859,4708,4716
345865,4737,4747
15881,4778,4786
343,4809,4817
571466,4844,4850
82539,4885,4891
540062,4913,4923
819,4948,4954
342216,4981,4989
53983,5015,5021
338756,5046,5052
694543,5074,5084
7500,5109,5119
147061,23408,23416
237722,23444,23448
341331,23479,23487
756,23528,23534
278269,23562,23566
7390,23602,23608
690241,23631,23641
7397,23663,23673
7415,23701,23705
254492,23730,23736
698528,23781,23787
22733,23816,23824
13294,23929,23937
683617,23961,23965
147748,23989,23997
122844,24025,24029
410310,24055,24063
6072,24090,24094
340561,24130,24134
537498,24163,24171
339766,24196,24200
339770,24269,24275
122852,24393,24399
537879,24473,24479
56588,24507,24513
6510,24536,24544
255392,24577,24583
56541,24606,24616
545599,24640,24648
652206,24675,24679
149306,24718,24722
255538,24781,24787
55237,24813,24823
54916,24879,24887
588,24911,24919
278129,24950,24956
55622,24989,24997
339745,25038,25048
339760,25083,25091
340613,25127,25133
340622,25157,25163
341098,25201,25207
23118,25232,25240
369524,25271,25281
22997,25323,25327
23015,25382,25386
341587,25414,25422
12586,25450,25458
336333,25497,25501
2841,25529,25539
338719,25565,25575
54656,25598,25604
54855,25743,25749
308538,25794,25800
562140,25838,25842
534480,25904,25912
308191,25939,25945
76552,25974,25982
685047,26018,26026
339052,26186,26192
54219,26218,26222
54222,26253,26261
338553,26287,26291
581455,26402,26410
655385,26438,26448
652247,26470,26480
545457,26515,26521
534485,26547,26551
685573,26612,26616
534480,26649,26655
685037,26685,26691
308192,26730,26740
76545,26762,26768
337057,26793,26799
685046,26822,26830
338544,26853,26859
690653,26888,26896
410353,26929,26933
994392,26966,26974
2684,26996,27006
484485,27046,27052
54134,27079,27089
562878,27227,27237
562880,27302,27306
2682,27332,27342
338654,27365,27375
336400,27398,27404
304573,27427,27437
336398,27458,27468
336212,27490,27498
336092,27525,27533
146751,27555,27563
336206,27589,27597
336203,27630,27634
908892,27667,27673
914684,27703,27709
151126,27769,27773
151124,27808,27816
407657,27837,27847
151131,27870,27876
335448,27900,27906
151161,27994,28004
336138,28079,28087
149338,28111,28119
542487,28143,28153
12576,28178,28186
336337,28213,28221
2841,28258,28266
338719,28294,28302
20633,28347,28357
20674,28426,28432
54863,28489,28495
651861,28528,28536
532131,28565,28569
892955,28594,28604
20705,28632,28638
20706,28672,28682
345189,28704,28710
345200,28759,28765
5606,28793,28799
13476,28852,28860
345214,28882,28892
345223,28935,28941
20739,28966,28976
116004,28999,29007
531882,29035,29039
150363,29074,29080
354568,29116,29120
129511,29151,29155
410493,29192,29200
345617,29269,29273
345644,29311,29319
289263,29352,29356
1490,29381,29389
54609,29420,29424
410273,29448,29458
661,29498,29504
56738,29533,29541
744341,29609,29615
276639,29646,29654
437945,29682,29692
348962,29723,29729
654096,29751,29761
348427,29786,29796
144057,29840,29846
745,29872,29880
344032,29904,29910
147715,29965,29971
344103,29994,30002
347449,30056,30062
338662,30087,30093
1097,30151,30155
674,30185,30193
402542,30264,30270
147253,30328,30334
57818,30359,30367
50,30450,30460
17512,30496,30506
57820,30575,30581
402541,30612,30620
671,30661,30669
704,30818,30826
648748,30851,30855
651,30879,30889
542490,30924,30932
532199,30972,30978
144057,31003,31007
476108,31035,31045
342152,31073,31081
819,31116,31124
342231,31173,31181
2382,31243,31249
57735,31273,31281
338756,31310,31316
338765,31366,31372
859680,31402,31406
644003,31456,31464
341331,32907,32911
7371,32943,32949
694115,32972,32980
694185,33004,33010
323094,33037,33045
338750,33067,33075
338782,33098,33106
538331,33134,33144
12985,33202,33208
690241,33234,33238
690235,33262,33270
339305,33293,33299
537390,33324,33328
57735,33450,33458
75162,33501,33507
693886,33533,33543
75160,33565,33571
53983,33597,33605
338756,33628,33636
237721,33662,33668
338757,33693,33697
237721,33723,33729
141518,33757,33765
5640,33792,33798
191837,33829,33833
56793,33863,33869
17726,33917,33923
341916,33956,33966
4454,33989,33997
83684,34018,34028
19450,34048,34058
76001,34081,34087
76111,34109,34119
75995,34155,34163
68771,34217,34223
68779,34263,34271
120914,34318,34324
120920,34347,34355
7191,34378,34384
148713,34412,34418
334249,34441,34449
167251,34471,34479
543861,34502,34508
886945,34530,34540
886946,34574,34582
765273,34608,34612
120667,34644,34654
543861,34675,34683
144508,36583,36593
886876,36614,36622
334147,36649,36655
375445,36677,36687
167229,36713,36719
7186,36749,36757
15563,36784,36792
17452,36817,36823
862585,36849,36853
15059,36912,36916
12454,36949,36959
144822,37022,37028
152067,37067,37071
54358,37120,37128
343526,37151,37159
12565,37195,37199
54349,37239,37243
11720,37271,37275
267019,37307,37313
341080,37343,37347
289751,37373,37383
149560,37413,37419
12537,37469,37477
149559,37528,37534
149564,37596,37604
149552,37656,37664
56827,37690,37700
341085,37735,37741
11663,37780,37786
11719,37811,37817
149892,37851,37857
54345,37900,37908
343532,37932,37940
289786,37975,37985
50503,38009,38019
335585,38052,38060
144823,38102,38108
12447,38154,38164
22929,38188,38192
22935,38215,38225
54718,38260,38264
654228,38294,38302
167426,38326,38330
167251,38355,38365
120667,38401,38407
486236,38434,38438
886946,38514,38520
765273,38545,38551
167255,38579,38583
7186,38608,38614
15563,38639,38647
17453,38672,38682
413866,38705,38709
413865,38765,38773
298676,38843,38849
587193,39485,39489
449623,39513,39521
298676,39543,39553
587193,39603,39609
449623,39633,39641
298676,39668,39672
693191,39700,39708
303746,39736,39746
181306,39769,39779
78929,39814,39820
78934,39846,39854
298579,39879,39885
304382,39912,39920
6303,39972,39980
194205,40041,40045
1756,40101,40105
68765,40159,40165
68770,40203,40211
4410,40272,40278
55168,40322,40330
121058,40359,40363
593800,40391,40397
181609,40439,40445
181613,40473,40481
55139,40519,40527
17728,40556,40560
86598,40589,40599
86560,40632,40642
76594,40804,40812
76607,40839,40845
86643,40878,40884
86698,40908,40918
1091,40952,40962
413762,40983,40991
6869,41015,41021
316872,41069,41079
413771,41104,41114
539975,41142,41148
564210,41173,41177
353027,41260,41266
540526,41709,41719
353027,41833,41839
1127,42135,42145
353022,42173,42181
141431,45399,45405
57204,45430,45434
564210,45460,45466
353027,45498,45502
144638,45528,45536
144589,45561,45565
198865,45593,45597
86627,45621,45629
396396,45654,45662
86672,45733,45741
161484,45893,45899
83586,45940,45950
195352,45972,45980
81069,46002,46010
22837,46035,46041
433841,46064,46072
141515,46264,46268
433841,46293,46301
141515,46489,46497
289278,46528,46532
53980,46564,46568
289286,46597,46605
338696,46632,46638
313889,46665,46669
7491,68895,68901
341331,69014,69020
756,69074,69084
278269,69110,69118
324004,69143,69153
694181,69193,69203
55077,69223,69233
690234,69257,69261
694183,69285,69293
7450,69315,69323
537390,69349,69355
323102,69380,69384
436,69410,69416
388358,69441,69445
410264,69468,69478
354576,69504,69508
345641,69566,69572
12964,69626,69632
350286,69658,69664
4536,69688,69698
54253,69728,69734
122305,69777,69787
4572,69816,69824
7210,69857,69863
265,69899,69905
397,69942,69948
355,69980,69984
374,70052,70058
350780,70083,70087
350759,70115,70121
47,70149,70157
693879,70185,70193
402559,70215,70223
623855,70245,70253
309824,70276,70282
345596,70308,70314
543580,70350,70358
50,70379,70389
543579,70447,70455
693879,70477,70485
543544,70507,70515
289238,70541,70545
350880,70574,70582
144663,70608,70614
57597,70663,70671
20916,70700,70708
350787,70732,70738
350821,70763,70767
350841,70826,70832
56063,70866,70874
56051,70897,70903
19651,70928,70936
56195,70957,70967
184010,70991,70995
5812,71031,71041
148024,71078,71082
345064,71115,71123
345047,71149,71155
345019,71185,71189
538210,71214,71222
142853,71247,71253
344724,71293,71299
56181,71333,71337
419120,71364,71368
147010,71425,71433
206327,71463,71469
355225,71500,71510
55298,71535,71545
55306,71575,71583
355195,71606,71614
146764,71667,71677
535050,71703,71711
322206,71752,71758
147030,71781,71789
354551,71821,71827
4759,71914,71922
354920,71977,71983
4759,72042,72050
73158,72083,72087
353403,72112,72122
355883,72185,72191
354974,72217,72225
181360,72252,72258
4827,72282,72292
147795,72341,72349
56249,72399,72407
431127,72440,72450
181228,72496,72500
546045,72533,72541
147783,72572,72582
146768,72674,72682
3432,72708,72716
68790,72741,72749
197607,73108,73114
197611,73163,73171
147786,73195,73205
197614,73251,73259
197478,73309,73317
355077,73345,73349
750807,73392,73402
4906,73468,73476
197474,73501,73509
147785,73592,73600
89982,73621,73631
372336,73654,73658
353994,73685,73695
147822,73738,73748
206305,73771,73779
19910,73805,73809
19911,73834,73842
54530,73879,73887
545969,73908,73918
348123,73940,73950
142855,73975,73981
19730,74005,74013
57429,74041,74047
148008,74072,74080
5840,74105,74111
345116,74144,74154
345130,74182,74190
345143,74220,74228
531888,74250,74260
350848,74302,74306
350842,74333,74343
350832,74367,74375
3259,74404,74414
105,74446,74456
181596,74479,74489
54556,74524,74530
198820,74657,74665
286857,74787,74793
142782,74818,74824
142785,74851,74857
709779,74935,74943
709836,75116,75124
317267,75273,75279
546082,75330,75338
198832,75362,75366
540414,75394,75404
195295,75449,75457
86666,75484,75490
83593,75642,75650
195370,75674,75680
17726,75727,75735
810807,75759,75767
181608,75803,75809
546498,75835,75841
83680,75874,75882
121030,75912,75920
916481,75942,75952
75999,75980,75988
68771,76033,76039
68779,76081,76091
120914,76125,76131
309,76175,76181
6286,76215,76219
15039,76252,76258
15059,76305,76311
890166,76336,76344
19603,76402,76410
54575,76437,76441
334254,76475,76485
178433,76515,76525
148078,76565,76573
564544,76594,76604
335134,76625,76633
753782,76661,76671
335164,76726,76734
413819,76756,76766
633259,76950,76960
543428,77057,77067
544848,77090,77096
462443,77161,77165
246361,77193,77197
332434,77224,77228
623586,77298,77306
68458,77333,77337
693340,77364,77372
335194,77400,77410
488450,77461,77467
756078,77528,77532
623586,77556,77566
246334,77590,77594
633262,77620,77624
335168,77648,77656
570873,77711,77715
54477,77775,77779
15068,77805,77813
407200,77844,77850
751464,77896,77902
53993,77940,77950
799058,77974,77982
12454,78026,78030
144813,78056,78064
144822,78095,78103
152067,78153,78159
15304,78184,78190
55644,78228,78238
12565,78284,78292
54346,78316,78322
11725,78361,78369
276909,78394,78400
50509,78445,78455
11757,78481,78489
533971,78523,78533
254993,78560,78568
12107,78591,78597
119463,78623,78629
347195,78950,78960
119465,79015,79019
532708,79047,79053
11743,79089,79097
11734,79122,79126
462005,79158,79164
462006,79202,79208
15820,79263,79271
447951,79316,79326
309178,79349,79359
685281,79385,79395
149487,79477,79485
345798,79591,79599
55829,79669,79673
341085,79705,79715
11663,79755,79759
149908,79787,79795
11730,79818,79828
530670,79849,79857
256601,79880,79888
343531,79912,79918
289786,79971,79981
335586,80017,80023
335585,80046,80056
19598,80079,80087
651819,80110,80116
12447,80140,80146
54709,80172,80178
336572,80201,80209
147537,80240,80246
1691,80275,80279
413851,80305,80311
464084,80335,80343
53879,80366,80372
357884,80398,80402
303916,80482,80488
900965,80513,80521
181260,80573,80581
337899,80614,80622
862585,80645,80651
15024,80682,80688
15040,80713,80721
15023,80765,80769
54718,80805,80813
654228,80846,80854
54244,80878,80882
167258,80908,80914
87668,80936,80946
120666,81063,81069
120667,81147,81155
334147,81355,81363
543860,81390,81396
543861,81493,81499
145477,83563,83571
144423,83592,83602
145477,83993,83997
486236,84022,84028
145477,84115,84121
145461,84144,84152
145477,84205,84213
144438,84320,84326
486159,84355,84361
167288,84385,84393
7186,84415,84423
15029,84445,84453
17451,84477,84483
545013,84507,84513
22941,84536,84544
15059,84569,84575
12440,84603,84609
905669,84634,84638
144822,84689,84699
152067,84734,84742
15304,84764,84772
55644,84810,84816
12565,84853,84863
54349,84891,84901
11725,84929,84933
13117,84968,84976
50509,85008,85018
832910,85041,85049
267311,85089,85097
17204,85123,85129
55671,85177,85183
17260,85227,85235
17318,85268,85272
17308,85296,85304
120852,85329,85339
351028,85360,85370
351006,85396,85402
551475,85428,85434
17399,85461,85469
556678,85495,85503
3778,85536,85544
654170,85571,85577
585326,85600,85608
581023,85631,85639
654728,85669,85675
152094,85761,85769
152101,85837,85843
684952,85886,85892
352877,85923,85931
148667,85955,85959
3628,85993,85997
19411,86026,86032
602796,86059,86067
332234,86118,86124
3673,86153,86159
332234,86192,86196
