56866,5,9
147583,36,40
57788,72,76
57794,114,122
56496,164,168
20409,193,199
20414,252,260
20419,304,310
20437,336,344
344246,367,375
84683,416,422
84694,447,451
1012,478,484
690246,509,513
534516,560,564
2973,616,624
534512,648,656
339960,680,690
544155,723,733
3030,756,760
402823,825,835
339959,882,886
277229,911,921
56937,950,956
151821,986,996
57815,1020,1028
976,1050,1058
84692,1094,1100
200358,1124,1130
344252,1155,1163
20432,1187,1195
57752,1253,1261
855618,1287,1295
20234,1317,1327
113107,1349,1355
57770,1387,1395
452413,1417,1427
352144,1453,1459
548355,1486,1490
539472,1514,1524
1668,1546,1554
349596,1576,1584
20953,1608,1616
123864,1639,1645
277832,1669,1677
353912,1703,1709
583201,1743,1749
277864,1774,1780
245863,1809,1815
56680,1840,1850
280062,1871,1879
410358,1902,1910
545694,1931,1941
464242,3516,3520
245844,3546,3554
321640,3595,3603
338971,3642,3648
55189,3671,3679
56666,3701,3709
324615,3733,3737
690298,3762,3768
54760,3804,3812
690242,3836,3842
690239,3869,3873
537328,3897,3905
694170,3930,3936
57709,3960,3966
539145,3995,4001
324383,4029,4033
54764,4060,4068
339633,4091,4097
539205,4120,4130
537350,4157,4161
694272,4198,4204
21234,4228,4234
690236,4261,4267
339302,4295,4303
694174,4328,4332
539383,4361,4367
7419,4393,4399
340199,4426,4432
537355,4456,4462
683554,4493,4499
278269,4531,4539
324004,4568,4578
340207,4600,4608
338530,4636,4640
340216,4664,4672
340220,4705,4713
54403,4739,4743
339653,4768,4774
1483,4865,4871
693846,4895,4901
655172,4928,4934
693954,4957,4965
612796,4989,4995
693933,5020,5030
539530,5052,5060
539529,5087,5097
54886,5120,5128
344,5155,5161
144670,5195,5199
340222,5225,5229
690772,5256,5262
340225,5290,5298
55709,5323,5327
12340,5352,5360
122844,5402,5406
3619,5432,5436
255471,5465,5469
572,5498,5504
385289,5537,5545
1435,5587,5593
1430,5620,5626
344573,5652,5658
342819,5680,5690
339362,5718,5724
15684,5752,5756
55505,5781,5787
533365,5819,5823
357832,5864,5872
531035,5896,5904
342233,5927,5933
342239,5957,5963
538968,5988,5994
407267,6022,6026
348183,6052,6058
489518,6083,6089
152630,6120,6130
306868,6151,6161
151269,6200,6208
289398,6263,6271
355267,6294,6300
473476,6322,6332
421510,6355,6361
530977,6395,6403
530964,6426,6434
55930,6471,6479
533426,6509,6513
1895,6559,6567
372697,6589,6597
615554,6621,6629
372697,6678,6688
888203,6712,6716
149802,6744,6752
15418,6775,6781
150914,6805,6811
1933,6846,6856
273600,6878,6884
273651,6935,6945
290816,6989,6997
531288,7021,7029
529947,7050,7060
149993,7081,7089
12268,7126,7136
122070,7160,7168
12285,7197,7205
539958,7293,7303
348472,7326,7330
685642,7374,7384
87667,7406,7412
149471,7435,7443
343168,7478,7486
289138,7529,7537
289303,7576,7584
538389,7608,7616
13497,7639,7647
191071,7672,7682
17838,7740,7746
694469,7771,7775
694516,7800,7806
548016,7832,7836
339297,7863,7867
21234,7914,7920
690241,7946,7950
537327,7974,7982
57736,8004,8012
654251,8060,8070
53951,8091,8099
53952,8151,8159
148342,8259,8269
339306,8303,8313
698528,8396,8406
341392,8426,8436
324055,8473,8483
148342,8523,8531
2378,8555,8559
148342,8657,8665
2378,8689,8693
539382,8717,8727
339620,8759,8769
539145,8792,8802
21234,8856,8864
338996,8923,8929
324005,8956,8960
338748,9048,9056
338751,9083,9089
7371,9112,9120
324004,9155,9165
7343,9216,9224
7529,9246,9254
340216,9279,9289
340220,9313,9321
144670,9372,9382
13488,9419,9425
13486,9448,9456
20707,9493,9501
54827,9542,9548
54844,9596,9604
164230,9639,9647
116632,9670,9676
15175,9701,9707
22875,9734,9738
14982,9763,9769
15061,9795,9803
19603,9830,9836
799060,9863,9871
53997,9911,9917
144775,9943,9949
147223,9977,9983
178426,10009,10013
316104,10037,10045
54709,10067,10075
797582,10098,10104
15002,10141,10149
22910,10174,10178
22916,10215,10219
148283,10245,10255
116633,10279,10287
20771,10309,10319
20633,10383,10393
532129,10419,10425
20706,10455,10461
345200,10484,10492
683572,10516,10524
13497,10547,10553
148278,10595,10601
684310,10629,10633
54404,10664,10670
17838,10722,10728
21293,10753,10761
537350,10785,10789
694272,10818,10826
21234,10898,10902
55076,10929,10933
694174,10961,10969
694170,10993,10999
695049,11031,11039
7397,11062,11068
7415,11091,11101
324060,11122,11130
57735,11158,11164
278269,11195,11201
338520,11226,11232
340209,11255,11263
649000,11300,11308
537353,11331,11339
548016,11375,11379
540651,11610,11618
339295,11644,11652
21236,11683,11687
338996,11715,11719
278264,11744,11750
755,11775,11783
350937,11806,11812
532172,11839,11845
254073,11869,11877
277673,11903,11909
347651,11934,11940
152792,11966,11976
21430,11996,12006
143293,12029,12039
812467,12063,12069
540626,12133,12141
346982,12163,12173
343,12223,12227
147075,12258,12264
82542,12291,12299
348517,12323,12329
55110,12361,12369
542490,12424,12428
534477,12453,12461
348957,12486,12490
575593,12519,12525
348830,12549,12557
410274,12582,12590
690260,12616,12620
348934,12653,12659
539901,12684,12694
54084,12718,12728
539900,12786,12794
683911,12816,12824
7468,12846,12854
539383,12877,12885
539145,12947,12953
54760,12980,12990
338994,13054,13060
338996,13096,13104
338522,13128,13134
338776,13160,13164
340210,13193,13197
649000,13223,13233
537350,13255,13265
694272,13292,13300
683570,13328,13336
339302,13359,13367
7457,13390,13396
324312,13420,13426
652204,13457,13465
340074,13518,13526
345753,13549,13555
5680,13581,13589
55188,13610,13620
55189,13643,13647
290737,13707,13715
338982,13766,13776
338991,13798,13806
683570,13829,13835
537326,13859,13865
694175,13893,13899
339620,13923,13931
340199,13969,13977
339303,14004,14014
694175,14036,14042
339620,14074,14082
7420,14107,14113
690234,14142,14148
7415,14174,14180
148342,14213,14221
53950,14244,14250
166827,14274,14280
650640,14304,14312
534635,14334,14342
541030,14366,14376
695069,14398,14406
695068,14462,14472
571066,14498,14502
245848,14529,14535
542210,14560,14564
54749,14599,14605
147683,14630,14640
343769,14662,14668
56673,15840,15850
403066,15897,15905
2832,15934,15940
338971,15971,15977
290737,16001,16009
324615,16030,16040
324377,16076,16082
54760,16116,16122
55077,16145,16155
339305,16178,16186
537390,16209,16217
683554,16270,16276
7371,16301,16307
324004,16331,16337
537378,16362,16368
537326,16393,16401
694173,16429,16433
539383,16460,16468
339620,16514,16524
340198,16545,16553
537327,16576,16584
324055,16607,16613
75165,16638,16646
278269,16669,16677
324004,16699,16707
338526,16734,16740
7529,16764,16772
340216,16800,16808
344,16872,16882
144670,16905,16909
149521,16935,16943
323545,17001,17009
5605,17031,17039
13486,17062,17070
20707,17093,17099
20731,17126,17132
652069,17162,17168
54844,17223,17233
164230,17260,17266
116632,17295,17299
273835,17328,17334
148286,17367,17375
273798,17398,17404
22925,17427,17435
54718,17465,17471
654228,17498,17506
285,17537,17547
167258,17570,17574
486233,17609,17615
148721,17640,17644
545203,17687,17697
707681,17719,17725
886899,17769,17777
334249,17806,17812
486290,17837,17841
167250,17867,17871
15563,17915,17923
17451,17945,17953
181305,18036,18044
6275,18097,18105
15033,18131,18135
54243,18187,18195
22916,18236,18246
273837,18269,18273
22838,18299,18309
20758,18334,18338
20633,18377,18385
651861,18413,18419
20706,18449,18459
345201,18488,18494
5616,18519,18525
149521,18550,18554
54406,18583,18587
17838,18621,18629
21293,18657,18663
537345,18685,18695
540651,18717,18723
21236,18747,18753
278268,18782,18786
55713,18812,18822
593826,18855,18863
54164,18887,18893
277673,18920,18928
764,18953,18957
763,18980,18990
346007,19023,19031
23141,19106,19110
23144,19137,19141
345865,19258,19264
343,19291,19299
542572,19323,19327
540062,19355,19361
819,19396,19400
342231,19427,19437
683554,19462,19468
338782,19492,19500
694181,19524,19530
694184,19555,19559
652204,19583,19591
339624,19621,19631
694089,19652,19660
7397,19682,19690
537389,19712,19720
75160,19743,19749
338782,19778,19788
694180,19809,19817
690239,19842,19846
694174,19872,19876
339620,19904,19910
339626,19933,19943
690239,19964,19974
148341,19997,20003
543993,20026,20036
278270,20063,20067
694117,20092,20098
694179,20123,20127
55077,20151,20159
537389,20183,20187
150203,20234,20240
20510,20268,20272
345292,20304,20310
20242,20335,20341
345322,20367,20373
17489,20399,20405
198038,20442,20452
533071,20474,20480
254973,20511,20519
534192,20546,20552
16743,20583,20591
2331,20613,20621
289179,20752,20760
54962,20785,20795
355568,20821,20829
2966,20854,20862
54812,20884,20894
16537,20925,20929
386764,20958,20964
538577,21040,21046
534466,21086,21090
55498,21115,21123
150792,21164,21168
16689,21196,21200
16758,21226,21234
16776,21261,21271
16780,21299,21305
341442,21334,21340
254974,21370,21374
545309,21399,21405
198042,21442,21450
355462,21479,21487
17464,21522,21528
644758,21553,21559
13124,21584,21594
684162,21619,21623
324417,21646,21656
53945,21683,21689
7450,21795,21805
383261,21970,21978
7419,22003,22009
537326,22033,22041
537355,22064,22072
694901,22096,22102
339624,22127,22133
339632,22157,22167
287530,22188,22196
21250,22275,22281
308226,22305,22311
339653,22338,22342
339660,22366,22374
323939,22400,22410
339671,22459,22463
54881,22518,22524
4339,22553,22561
520000,22584,22592
338900,22618,22626
587985,22649,22655
575072,22681,22687
339082,22792,22798
521157,22841,22847
308162,22879,22887
690608,22908,22918
645853,22952,22958
54883,22987,22991
694857,23016,23022
313098,23068,23074
7552,23105,23113
54110,23147,23155
150162,23192,23196
771420,23374,23378
313107,23404,23412
484314,23448,23452
542519,23476,23486
271403,23507,23517
543918,23541,23551
161357,23573,23583
543918,51487,51493
161357,51518,51524
543918,51584,51588
312570,51621,51627
690574,51691,51697
695095,51720,51728
419602,51755,51765
539491,51791,51799
212177,51830,51834
539420,51863,51869
54571,51894,51900
694010,51925,51931
341196,51956,51964
313908,51988,51996
539284,52018,52026
343437,52051,52059
53986,52085,52091
257129,52115,52121
338699,52150,52156
539172,52180,52190
147061,52211,52219
237724,52246,52250
54163,52282,52288
57730,52318,52324
532175,52356,52360
431436,52450,52458
23454,52482,52486
15883,52512,52520
10234,52573,52581
339467,52603,52611
648748,52640,52650
23445,52690,52696
745,52722,52730
348518,52751,52761
751,52792,52798
348393,52832,52842
569870,52863,52871
746,52904,52912
343973,52934,52942
349195,52985,52991
724,53015,53023
267450,53049,53053
152014,53078,53084
152070,53115,53119
56638,53150,53156
348456,53182,53188
815,53211,53219
55108,53245,53255
55109,53282,53286
54555,53324,53332
17711,53355,53363
17726,53418,53428
341916,53461,53467
4454,53503,53511
652064,53532,53542
83680,53575,53581
151403,53608,53616
336955,53645,53651
75999,53680,53688
68771,53727,53735
68779,53774,53780
120914,53820,53826
486157,53851,53857
167473,53883,53887
7192,53916,53920
7189,53946,53952
386020,53978,53984
686150,54011,54017
144508,54094,54100
886876,54127,54133
145460,54158,54166
144508,54196,54202
334252,54226,54234
536784,54260,54264
15563,54313,54319
17451,54345,54353
6286,54375,54383
15039,54416,54422
15059,54465,54473
19468,54504,54512
147366,54541,54549
639749,54572,54578
695666,54602,54608
697085,54640,54646
695666,54670,54678
641950,54701,54707
336104,54733,54737
67638,54769,54775
147339,54798,54806
647206,54831,54839
647194,54863,54869
57817,54894,54900
684001,54978,54988
57985,55021,55025
648320,55056,55060
72226,55097,55101
67639,55162,55172
335995,55222,55228
151111,55252,55262
649313,55290,55296
54079,55325,55331
147350,55505,55515
67638,55537,55545
147339,55568,55576
684001,55600,55606
151123,55639,55649
484554,55692,55698
147267,55723,55729
148289,55760,55764
53924,55792,55802
690566,55859,55865
147261,55905,55913
304540,55954,55964
124908,55987,55991
545440,56021,56025
899883,56050,56058
564579,56116,56122
336961,56153,56159
305185,56200,56206
1689,56238,56246
690220,56275,56281
336923,56310,56318
336925,56390,56394
336926,56418,56426
548417,56449,56459
336939,56489,56495
289187,56529,56535
55178,56566,56570
336940,56602,56608
338549,56634,56640
338550,56692,56700
54223,56728,56734
338554,56759,56765
338555,56789,56795
289186,56909,56915
338652,56941,56949
20758,56982,56988
20633,57045,57049
54863,57075,57081
532129,57105,57113
892954,57134,57144
20684,57168,57174
20692,57274,57282
54409,57304,57312
341766,57342,57350
342388,57378,57382
255684,57422,57430
53905,57454,57462
325844,57484,57492
431652,57517,57523
534576,57549,57557
149471,57581,57587
343168,57614,57620
341619,57666,57670
539581,57694,57702
546251,57851,57861
589164,57911,57921
692998,57941,57951
13103,57971,57981
341619,58006,58012
539519,58035,58043
322930,58065,58073
539557,58095,58103
539538,58126,58132
401103,58215,58223
685402,58259,58267
685400,58300,58304
332736,58331,58337
289138,58364,58372
400707,58396,58406
690774,58433,58439
340222,58552,58558
13496,58582,58588
13497,58673,58681
149518,58714,58720
191071,58758,58766
54404,58796,58804
17838,58830,58836
21293,58865,58873
21244,58903,58911
21245,58935,58941
694518,60713,60719
548016,60754,60758
694272,60817,60825
339298,60853,60861
683570,60883,60891
55077,60912,60922
537326,60947,60957
694184,60991,60995
537392,61022,61030
148342,61052,61062
341392,61085,61089
341394,61117,61127
20510,61149,61159
345292,61211,61221
20242,61250,61254
14267,61280,61286
17488,61358,61362
17489,61423,61431
198035,61455,61461
346190,61501,61507
269217,61532,61540
1295,61565,61573
542768,61596,61604
17023,61635,61641
122778,61980,61988
537524,62025,62031
144686,62054,62062
16929,62094,62100
402965,62126,62134
17898,62211,62217
690576,62248,62252
548337,62282,62286
203473,62337,62343
56629,62373,62381
352190,62407,62411
1002442,62434,62444
7175,62608,62614
20956,62648,62656
55073,62681,62687
57830,62717,62721
21086,62789,62797
123864,62824,62830
277832,62914,62922
10355,62971,62979
353912,63013,63019
690740,63048,63056
683890,63086,63090
683891,63128,63134
56604,63216,63222
245863,63258,63262
353923,63293,63299
4534,63326,63336
4531,63371,63375
534627,63399,63407
345644,63452,63458
289260,63490,63496
275822,63520,63528
2834,63564,63572
289265,63595,63603
339600,63629,63637
2380,63677,63683
683554,63721,63731
57731,63800,63806
338754,63837,63847
268117,63874,63882
53980,63907,63915
237722,63952,63958
147061,63982,63990
141514,64023,64033
338427,64053,64063
5641,64113,64121
338440,64148,64156
570972,64178,64186
20809,64482,64488
54091,64535,64543
655991,64590,64598
144704,64620,64630
144706,64680,64684
333146,64708,64718
333271,64740,64746
317381,64784,64790
693412,64813,64821
7677,64855,64863
2410,64928,64938
2394,64962,64968
205306,64991,64999
4386,65037,65045
578111,65071,65075
149189,65099,65107
121083,65325,65331
914715,65355,65361
4377,65443,65449
341902,65473,65479
696972,65570,65574
580837,65729,65737
333293,65765,65773
317380,65812,65818
317378,65846,65852
542380,65882,65886
7688,65910,65920
54107,65949,65955
539116,66031,66039
606,66061,66069
323938,66090,66100
54912,66152,66158
345072,66181,66191
20731,66231,66235
54827,66278,66284
54828,66308,66314
54844,66378,66384
20783,66407,66415
20781,66451,66459
15126,66484,66488
335372,66538,66542
335373,66629,66637
15122,66697,66703
148211,66795,66803
335374,66833,66841
54583,66871,66877
335382,66910,66916
335390,66952,66960
55653,66986,66992
335396,67016,67026
151148,67061,67065
628408,67091,67095
622294,67119,67127
342445,67185,67193
342091,67246,67252
407655,67276,67282
315385,67312,67322
315342,67356,67362
315385,67457,67461
908892,67487,67491
342486,67557,67565
151142,67618,67622
407520,67647,67655
335429,67681,67689
54584,67760,67768
54054,67793,67801
402445,67836,67842
402444,67890,67896
54050,67922,67930
336120,67956,67964
54063,67993,68003
611041,68031,68037
2919,68061,68067
147347,68167,68173
151117,68200,68206
636009,68267,68271
636002,68298,68302
625703,68326,68336
336002,68357,68365
2917,68395,68403
654804,68428,68436
336010,68466,68474
147340,68585,68589
289372,68613,68621
147331,68648,68656
147379,68686,68692
336557,68724,68732
655707,68755,68765
144826,68803,68811
144822,68886,68892
152067,69041,69047
15305,69074,69082
15307,69127,69133
15304,69179,69183
54358,69269,69273
55644,69360,69368
343530,69392,69400
12565,69489,69499
347624,69532,69538
11711,69569,69579
55943,69647,69653
755764,69684,69694
652153,69718,69724
11666,69751,69757
11572,69784,69788
11662,69829,69839
341092,69885,69891
159832,69919,69925
159835,70018,70028
15917,70205,70213
530699,70238,70244
11726,70268,70274
149892,70310,70316
54339,70345,70349
256601,70375,70385
268605,70407,70415
256641,70444,70450
289786,70479,70485
15309,70516,70522
335578,70549,70553
335585,70584,70590
19598,70630,70636
651819,70661,70667
905675,70692,70702
19621,70725,70731
117587,70764,70768
147366,70836,70842
147368,70897,70905
318861,70929,70937
147351,70961,70969
336104,70999,71003
22859,71033,71039
53973,71069,71073
484531,71104,71114
318889,71138,71142
634883,71334,71342
289334,71394,71400
148618,71430,71434
683897,71461,71469
336100,71492,71500
147339,71523,71531
684001,71571,71577
151123,71634,71644
15125,71792,71798
148211,71827,71833
314566,71861,71867
336167,71891,71899
336171,71946,71954
336187,72014,72022
335983,72154,72160
534756,72204,72210
342093,72251,72257
342092,72308,72316
335983,72372,72378
342093,72405,72411
335981,72492,72500
336188,72541,72549
586602,72616,72620
336147,72674,72682
336220,72772,72778
336229,72806,72814
255704,72843,72853
336277,72879,72887
308642,72912,72916
148068,72946,72952
414174,72988,72992
20633,73025,73033
54863,73054,73064
532132,73087,73091
20734,73127,73131
345201,73163,73169
484298,73202,73210
54403,73292,73296
161312,73323,73331
57701,73355,73359
56156,73394,73402
544493,73440,73448
323931,73531,73537
538213,73562,73568
7538,73592,73600
313104,73640,73648
2392,73684,73688
2415,73751,73755
698384,73782,73790
338345,73878,73884
576148,73911,73919
546884,73994,74000
54194,74079,74085
83686,74114,74118
54100,74147,74155
2421,74263,74271
2397,74295,74303
313897,74327,74337
4512,74364,74372
54108,74400,74408
341465,74435,74439
191066,74475,74485
337024,74513,74519
337023,74543,74551
20722,74605,74615
337003,74636,74644
54827,74699,74707
54640,74735,74745
54844,74794,74798
20783,74824,74830
20781,74860,74868
116632,74902,74908
335373,74935,74939
15122,75025,75033
690681,75067,75073
335376,75148,75158
54055,75181,75185
766417,75231,75237
444963,75261,75271
13336,75311,75321
13343,75345,75353
225274,75391,75397
335418,75423,75431
534291,75465,75469
534759,75499,75507
147269,75533,75537
15184,75572,75578
15232,75606,75612
116633,75644,75652
336995,75674,75682
20758,75712,75720
20633,75765,75773
651861,75807,75813
54864,75837,75843
20734,75875,75879
345201,75915,75919
13476,75955,75963
345223,75991,75997
14225,76022,76032
13137,76074,76078
22750,76158,76166
21232,76201,76209
146874,76235,76241
71701,76270,76276
55150,76299,76307
55095,76329,76339
859,76365,76375
347501,76397,76403
21415,76427,76433
347504,76546,76556
152075,76578,76586
548065,76609,76617
319659,76659,76667
569870,76691,76697
683470,76723,76729
476108,76768,76776
342150,76806,76812
593827,76843,76849
819,76887,76891
254492,76927,76933
22786,77008,77016
22766,77202,77208
11082,77254,77264
12868,77287,77295
253902,77318,77328
341282,77357,77365
23066,77554,77560
23070,77650,77656
690768,77684,77694
290539,77718,77724
685400,77749,77755
150176,77779,77787
5623,77811,77815
345219,77841,77849
14216,77873,77879
347841,77903,77909
345292,77949,77957
14245,77986,77990
115905,78021,78029
355482,78056,78064
21020,78088,78092
7210,78122,78128
20967,78150,78160
265,78191,78197
397,78225,78229
355,78258,78266
374,78414,78420
55080,78445,78449
148868,78474,78480
351646,78505,78509
674,78573,78583
402543,78605,78611
75288,78648,78656
342653,78679,78687
328019,78722,78728
2043,78757,78763
343912,78809,78815
351620,78846,78854
351621,78899,78907
57612,78938,78944
351430,78975,78981
206298,79017,79023
17515,79051,79057
20856,79087,79095
62,79144,79152
342654,79182,79192
342663,79217,79221
148868,79249,79253
351645,79280,79284
674,79313,79319
350988,79343,79349
146838,79378,79386
688894,79411,79419
688895,79447,79453
15667,79512,79518
181472,79573,79581
355505,79629,79637
97,79659,79669
540916,79693,79699
562048,79730,79738
7164,79798,79802
355483,79828,79838
652065,79862,79868
281601,79893,79897
305497,79925,79931
533071,79963,79967
17104,80000,80008
2738,80033,80041
148831,80071,80077
347938,80099,80109
348834,80147,80153
347926,80180,80184
255949,80211,80217
402692,80244,80248
479417,80457,80465
479414,80492,80500
151272,80524,80530
2786,80560,80564
542937,80590,80596
534194,80620,80630
122435,80706,80710
16819,80737,80743
150756,80793,80797
535903,80826,80834
564055,80859,80865
56801,80903,80909
392289,80932,80940
55525,81005,81011
535163,81046,81052
290716,81093,81099
535271,81125,81131
542431,81225,81233
4591,81372,81376
290700,81407,81417
535160,81439,81449
55515,81476,81480
451,81507,81515
498,81551,81555
339365,81582,81586
1426,81613,81619
493108,81778,81784
308087,81812,81822
304291,81857,81863
255455,81891,81895
1434,81920,81928
4619,81952,81956
544925,81981,81989
344789,82011,82021
2750,82046,82050
541486,82080,82090
17109,82116,82122
355475,82147,82153
148855,82180,82184
907297,82214,82218
531905,82252,82256
20975,82281,82289
271,82325,82329
397,82356,82366
355,82406,82412
374,82501,82509
651642,82535,82541
345572,82568,82576
148868,82601,82607
148871,82634,82638
15871,82663,82669
57826,82697,82707
724,82733,82741
147754,82776,82782
54439,82807,82811
151509,82866,82874
267445,82899,82905
152072,82929,82937
152588,82962,82970
21966,82996,83002
55108,83054,83062
23323,83088,83098
54555,83127,83135
17711,83160,83168
17726,83232,83242
338162,83265,83269
341916,83296,83304
4377,83339,83345
338338,83368,83376
83686,83405,83413
338119,83480,83486
19215,83508,83518
308128,83551,83561
157918,83585,83595
545618,83620,83624
484303,83667,83671
857233,83697,83703
4444,83731,83735
181609,83772,83780
181613,83807,83815
55139,83849,83855
17729,83889,83897
23318,83934,83944
756277,83972,83980
80738,84005,84011
55150,84039,84045
55090,84075,84081
56620,84118,84128
334409,84240,84248
349195,84272,84276
563657,84312,84316
349212,84346,84354
319653,84388,84392
349202,84416,84426
55274,84468,84474
349251,84498,84506
562085,84573,84581
349563,84609,84613
20943,84666,84670
20966,84696,84702
562048,84728,84736
7164,84765,84775
655803,84799,84803
14268,84831,84837
14278,84863,84869
115972,84896,84904
739204,84928,84934
148874,85093,85097
287686,85125,85131
151709,85156,85162
461733,85186,85192
54746,85216,85222
542266,85249,85255
872,85281,85289
352794,85315,85319
353522,85411,85417
846,85450,85458
56618,85483,85487
267454,85518,85524
351261,85564,85574
147756,85598,85606
665,85632,85638
351266,85662,85668
1097,85691,85699
695017,85721,85729
351645,85753,85761
674,85806,85814
271496,85916,85920
402542,86132,86140
586070,86184,86188
5441,86224,86232
