655871,2,12
353909,92,102
21375,137,145
55275,215,223
349234,608,616
484627,650,654
319661,688,694
611687,721,731
9814,765,773
147715,806,814
109757,845,851
344103,879,885
22353,1029,1035
15876,1061,1069
148871,1091,1099
672,1121,1129
683786,1158,1162
5445,1324,1334
263771,1573,1581
316458,1636,1644
402542,1672,1676
57818,1701,1711
80350,1734,1742
147227,1766,1772
15667,1807,1813
18212,1835,1845
80395,1896,1904
20966,1933,1937
7159,1969,1977
355483,2001,2011
14268,2031,2041
122351,2072,2078
267375,2104,2112
17501,2134,2142
347865,2165,2171
20735,2200,2206
5588,2229,2237
13486,2265,2275
54414,2299,2303
54827,2351,2359
54844,2411,2417
164160,2444,2454
336229,2474,2484
336251,2545,2553
336246,2574,2584
337456,2604,2614
164227,2640,2646
338659,2679,2685
164164,2708,2718
337452,2752,2758
410356,2787,2793
581808,2823,2827
485882,3054,3060
151376,3092,3098
54222,3122,3132
338555,3153,3161
581455,3185,3191
2683,3224,3228
164228,3270,3278
116630,3301,3309
652050,3335,3339
148286,3374,3382
22925,3421,3427
54718,3459,3465
285,3508,3514
7191,3543,3549
148713,3574,3582
120667,3606,3616
543861,3643,3653
142836,3675,3681
886946,3706,3712
145477,3791,3795
144438,3918,3922
486159,4610,4620
543694,4641,4649
7184,4671,4679
15563,4745,4749
17451,4777,4785
6286,4808,4814
15002,4856,4862
54243,4887,4891
22916,4937,4945
148283,4973,4979
116634,5006,5012
22843,5042,5048
337452,5076,5084
54133,5119,5123
289191,5147,5157
534482,5182,5188
340515,5217,5223
739444,5252,5256
503704,5280,5288
546514,5311,5319
546513,5681,5691
654304,5721,5727
485800,5754,5762
739416,5784,5792
338823,5815,5821
485825,5846,5852
274518,5890,5900
739444,5958,5966
274518,6012,6020
739444,6048,6056
274518,6100,6110
410346,6147,6153
289182,6183,6189
289195,6212,6220
338478,6247,6253
338480,6279,6285
54138,6313,6317
338486,6341,6349
55174,6376,6386
484441,6407,6415
690076,6437,6445
305195,6470,6478
690074,6503,6511
68783,6550,6558
1728,6582,6588
68760,6617,6623
335401,6647,6653
194205,6679,6685
1806,6735,6741
486157,6770,6780
167473,6806,6812
167252,6837,6841
486230,6870,6878
536209,6901,6907
416164,6937,6943
416177,7103,7109
416164,7134,7142
416177,7245,7255
148740,7364,7372
545199,7394,7402
655742,7480,7490
545203,7692,7698
334246,7787,7793
545231,7878,7884
334245,7909,7915
545231,7938,7946
886899,8042,8050
142836,8076,8080
334250,8105,8113
334253,8136,8142
116808,8166,8172
15563,8215,8223
17451,8244,8254
862585,8279,8283
15059,8341,8347
12440,8373,8379
144826,8406,8412
144822,8458,8462
152067,8501,8509
15304,8534,8540
55644,8575,8583
12565,8623,8629
54349,8658,8664
55936,8693,8703
13118,8731,8737
50509,8762,8768
832910,8790,8800
254150,8832,8842
267104,8891,8899
267020,8929,8939
341437,8967,8975
542185,8997,9005
4631,9047,9051
16776,9079,9085
16819,9112,9122
339593,9146,9154
150751,9177,9185
339576,9211,9221
544870,9245,9253
538111,9274,9284
342904,9307,9315
540543,9346,9352
342908,9375,9383
540541,9405,9413
540543,9472,9480
4599,9512,9516
342825,9561,9567
1426,9595,9603
308087,9627,9633
343230,9670,9678
308082,9706,9710
343235,9747,9755
540135,10006,10012
341219,10039,10043
12874,10069,10075
339238,10108,10112
150202,10155,10163
344541,10185,10193
344549,10307,10311
537174,10400,10404
344549,10456,10462
540563,10778,10786
649476,10813,10821
495483,10843,10851
495306,10872,10882
684030,10904,10910
4606,10934,10940
1392,10964,10970
1389,10993,11001
535226,11061,11069
55054,11092,11102
535827,11124,11132
17134,11207,11215
54415,11239,11243
1312,11282,11288
115388,11312,11320
689039,11344,11348
625796,11428,11434
689566,11466,11476
353210,11500,11504
73558,11531,11537
73593,11564,11570
115712,11594,11600
146741,11626,11630
354235,11659,11665
201133,11694,11698
203271,11722,11730
351154,11760,11764
122302,11790,11798
4572,11819,11829
561028,11850,11858
694046,11882,11892
56607,11916,11924
542212,11952,11958
353923,11991,11995
345638,12021,12027
539661,12056,12060
352794,12086,12096
277642,12140,12144
683829,12171,12177
353522,12210,12216
56634,12245,12249
531213,12275,12285
349202,12353,12359
349248,12403,12409
277856,12508,12516
56634,12539,12545
388299,12569,12577
349234,12606,12614
55275,12665,12671
484627,12704,12714
683885,12737,12745
151509,12768,12774
80238,12801,12811
267445,12859,12865
267448,12894,12904
277848,12941,12947
888232,12971,12981
460861,13006,13012
349578,13035,13043
540918,13070,13078
543290,13107,13113
394375,13160,13164
56600,13220,13226
354620,13269,13275
146740,13305,13313
201122,13347,13355
539479,13382,13388
354232,13416,13424
354233,13446,13456
403044,13657,13665
201127,13690,13698
353392,13724,13730
146745,13761,13765
351154,13792,13800
122302,13825,13829
580979,13853,13861
693895,13884,13890
419478,13914,13920
215271,13946,13950
352796,13978,13986
9784,14015,14021
436087,14088,14098
319653,14122,14132
151505,14154,14160
353909,14183,14191
339195,14213,14221
9819,14247,14255
15822,14278,14284
349197,14338,14342
347504,14383,14391
683454,14419,14425
542490,14452,14456
55096,14482,14486
348966,14513,14517
317401,14571,14579
556973,14639,14645
661756,14670,14676
652,14811,14817
661,14971,14979
321610,15112,15118
819,15156,15166
342231,15196,15202
683554,15226,15234
756,15257,15263
694543,15288,15294
338705,15319,15325
338709,15354,15360
343437,15386,15390
343428,15415,15421
4479,15445,15451
538419,15562,15570
313948,15593,15601
54757,15652,15658
339653,15684,15694
538368,15716,15722
339673,15749,15755
337022,15784,15794
345151,15816,15822
337003,15845,15855
54827,15893,15899
54844,15954,15960
164230,15994,16002
116632,16027,16033
832756,16059,16065
22875,16090,16096
14990,16128,16132
15061,16163,16171
19603,16196,16204
54575,16229,16233
53997,16270,16280
148078,16308,16316
335112,16341,16349
753792,16374,16382
335164,16443,16447
413838,16475,16481
476128,16592,16598
55975,16626,16632
623508,16696,16700
539820,16737,16743
623504,16826,16834
540788,16862,16868
422308,16910,16914
146725,16947,16953
200329,16989,16997
543654,17024,17032
473495,17055,17061
536061,17085,17091
6326,17116,17122
53846,17148,17158
623586,17214,17220
68458,17252,17260
693340,17287,17291
335195,17335,17341
1698,17374,17378
54477,17454,17460
1718,17488,17496
407200,17523,17531
751464,17567,17575
144742,17903,17909
534652,17955,17963
53993,18005,18009
117587,18041,18045
318861,18070,18080
147351,18104,18110
147349,18137,18145
151117,18173,18183
151123,18226,18232
148211,18259,18267
314554,18288,18298
336167,18326,18330
336184,18357,18363
336189,18387,18393
2881,18444,18452
313176,18475,18483
336211,18508,18516
336398,18539,18547
738676,18571,18581
336271,18604,18610
336266,20103,20109
336240,20135,20141
337456,20169,20173
337452,20206,20212
581453,20239,20247
636712,20274,20282
8137,20320,20330
338489,20373,20381
870244,20411,20417
484440,20488,20496
541910,20522,20528
379903,20560,20568
335405,20596,20606
124964,20647,20653
336662,20684,20692
384498,20767,20777
581459,20797,20807
336583,20828,20836
336577,20860,20866
15023,20902,20908
54718,20949,20959
285,21012,21022
7191,21047,21055
144446,21084,21088
145420,21119,21127
144496,21213,21219
386170,21336,21344
386163,22712,22720
686055,22743,22749
686150,22955,22959
144509,23017,23025
686144,23051,23055
543758,23083,23087
386243,23175,23183
386242,23210,23216
686055,23239,23247
144504,23296,23302
181618,23327,23331
486162,23356,23362
7186,23385,23393
181614,23416,23424
1807,23455,23463
68765,23528,23534
68770,23570,23580
4410,23624,23632
55168,23666,23674
121058,23698,23706
593800,23732,23736
181609,23779,23783
181613,23811,23817
55139,23847,23855
17729,23881,23889
23318,23923,23931
756277,23956,23966
71701,23995,23999
55150,24025,24033
55095,24063,24071
334409,24098,24106
80238,24132,24140
534864,24166,24170
80238,24194,24204
55146,24280,24288
147715,24394,24400
147604,24761,24765
55110,24815,24825
348537,24848,24856
534477,24879,24885
21966,24909,24915
55108,24957,24961
146876,24993,24997
81077,25026,25032
17726,25083,25089
341916,25120,25128
4454,25155,25165
19517,25186,25196
83680,25222,25228
121030,25256,25264
75995,25309,25317
68771,25367,25371
68779,25408,25418
120914,25452,25458
120920,25485,25493
167425,25516,25524
7189,25548,25556
120667,25592,25598
144423,25624,25628
888074,25654,25664
144438,25861,25869
120665,25895,25903
537021,25928,25936
15563,25972,25980
17451,26004,26010
6286,26034,26042
15039,26066,26072
15059,26104,26114
12454,26148,26154
144822,26216,26222
152067,26260,26266
15304,26292,26298
54358,26321,26329
540126,26355,26363
12241,26385,26393
531420,26421,26429
122070,26463,26467
206373,26502,26506
11809,26547,26555
55633,26615,26625
13429,26647,26657
13428,26692,26698
290920,26722,26730
340019,26752,26760
534774,26801,26811
304646,26845,26849
535597,26874,26882
343243,26911,26921
343244,26978,26984
341218,27023,27031
12874,27068,27074
149478,27098,27106
1435,27130,27138
684089,27162,27170
4619,27196,27200
410403,28869,28875
410406,28931,28935
16352,28962,28970
10890,28993,29001
151252,29026,29030
342931,29137,29143
544693,29169,29173
407504,29200,29206
300228,29292,29298
290512,29323,29327
4592,29352,29360
55574,31158,31166
339580,31195,31201
246111,31233,31239
534460,31271,31277
289180,31306,31312
122435,31339,31347
150746,31376,31384
349129,31423,31429
538882,31454,31464
313914,31517,31521
402704,31558,31564
2966,31637,31641
535019,31667,31671
535017,31697,31705
619995,31827,31837
2321,31909,31913
312737,31941,31945
347923,31970,31978
620538,32000,32010
313120,32039,32043
2319,32071,32081
2321,32103,32109
619978,32143,32153
2301,32180,32184
355588,32210,32216
355308,32244,32254
54373,32277,32285
54967,32308,32314
2750,32349,32359
348837,32411,32415
148859,32467,32473
148861,32514,32520
341450,32550,32556
198042,32582,32588
355462,32643,32651
17464,32708,32714
17495,32738,32748
17499,32780,32788
13124,32813,32821
20509,32852,32860
13137,32922,32930
22750,32971,32975
120564,33007,33015
21232,33077,33085
86586,33114,33120
23320,33144,33152
55107,33186,33196
81068,33231,33239
17831,33276,33280
652186,33309,33315
709835,33347,33351
116452,33494,33500
143271,33525,33529
435552,33556,33564
773,33590,33598
346984,33638,33644
23449,33669,33677
23445,33722,33732
147687,33775,33779
54428,33803,33813
109762,33844,33852
262891,33879,33887
344103,33911,33915
344110,33939,33947
54602,33969,33979
695018,34006,34012
1109,34057,34063
5568,34147,34155
201294,34239,34249
23149,34275,34281
317255,34306,34312
22250,34372,34378
6579,34415,34421
23144,34571,34577
6579,34605,34613
22250,34646,34652
23149,34681,34691
346090,34715,34719
342272,34899,34905
888239,34936,34940
762716,34965,34971
86701,34996,35004
55156,35029,35033
316914,35060,35068
254099,35095,35105
158322,35128,35134
575307,35160,35164
812220,35190,35194
199465,35233,35239
431012,35269,35279
402529,35313,35319
402528,35351,35359
57848,35386,35392
692693,35597,35601
2816,35634,35640
57851,35705,35709
692693,35755,35761
57851,35787,35793
57208,35818,35824
353027,35855,35861
338556,35887,35893
142746,35927,35933
5505,35959,35965
86627,36003,36007
396396,36047,36057
17726,36465,36469
341916,36519,36525
4454,36564,36572
341906,36594,36602
593797,36631,36635
121052,36658,36668
76029,36689,36697
336955,36737,36745
75995,36774,36780
68771,36851,36859
68779,36909,36917
120914,36966,36972
486157,36999,37005
54244,37030,37036
7191,37065,37075
148713,37103,37107
486230,37142,37148
886877,37171,37179
2657,37204,37210
545203,37239,37245
334246,37311,37317
545167,37345,37353
334249,37399,37403
334250,37433,37439
812225,37462,37470
181617,37494,37498
116808,37522,37530
15563,37582,37588
17451,37619,37627
6286,37658,37664
15039,37699,37705
15045,37747,37757
54230,37779,37785
336589,37811,37817
413857,37846,37850
148605,37941,37951
53817,37972,37982
289337,38005,38011
57904,38034,38044
574353,38066,38074
567703,38138,38148
68739,38176,38180
267412,38216,38222
444021,38278,38284
419583,38318,38328
337464,38405,38409
567703,38445,38451
200312,38476,38480
273839,38504,38512
15138,38540,38550
147292,38585,38591
407523,38627,38635
146751,38680,38686
402443,38734,38740
123817,38950,38956
402433,38994,39000
402424,39025,39035
335944,39062,39066
402428,39120,39128
685370,39156,39162
2881,39200,39208
335989,39237,39243
335416,39291,39295
147294,39372,39378
15123,39401,39411
685717,39443,39451
20753,39485,39491
116633,39525,39533
20771,39564,39572
20633,39638,39646
651861,39681,39685
20705,39712,39722
345187,39744,39750
345201,39781,39785
13476,39821,39829
345223,39855,39859
54635,39904,39910
345292,39950,39960
14245,40021,40027
14260,40052,40058
115905,40136,40146
355479,40180,40186
907297,40214,40220
164085,40250,40256
7217,40287,40293
271,40331,40339
397,40372,40376
374,40449,40459
9035,40481,40491
20888,40525,40531
7092,40556,40564
7107,40612,40618
419884,40648,40652
353337,40676,40684
536228,40710,40716
401496,40741,40747
19697,40774,40780
428840,40811,40817
537231,40849,40855
690619,40878,40886
352952,41204,41212
538328,41256,41266
402597,41295,41301
342871,41334,41338
402995,41365,41373
57234,41395,41403
762789,41446,41450
690621,41476,41484
343676,41509,41515
5794,41542,41550
5804,41600,41606
5790,41653,41659
54589,41684,41690
87170,41744,41748
206438,41791,41795
402579,41825,41833
684459,41868,41876
542917,41905,41913
2062,42012,42022
350082,42051,42057
87163,42132,42142
2057,42169,42177
87144,42205,42209
350123,42237,42245
6986,42271,42275
147086,42311,42317
350168,42344,42354
141424,42390,42398
1111,42425,42435
57208,42459,42467
353027,42495,42503
410433,42526,42532
1094,42558,42562
5505,42586,42596
86627,42633,42641
396396,42682,42688
86666,42779,42789
83586,42849,42855
86608,42893,42901
195352,42931,42941
86555,42964,42972
81077,43001,43009
17712,43035,43041
17726,43107,43113
338162,43140,43146
341916,43175,43183
651842,43208,43216
181608,43256,43266
546498,43288,43298
19450,43320,43326
121052,43349,43357
151403,43382,43390
76111,43414,43420
336955,43447,43451
75995,43489,43495
68771,43580,43586
68779,43647,43657
120959,43677,43687
120914,43711,43719
486157,43747,43753
285,43777,43785
167425,43808,43814
167251,43841,43847
148714,43875,43881
486230,43909,43915
148721,43952,43958
545231,44054,44062
142836,44088,44094
334142,44131,44137
144423,44164,44174
145477,44201,44209
886946,44298,44306
144438,44369,44373
120665,44404,44412
167250,44435,44443
54245,44466,44474
15563,44505,44513
17451,44542,44546
6286,44575,44581
15039,44612,44620
15045,44648,44652
413848,44677,44683
413857,44709,44719
336600,44742,44746
289331,44771,44781
147278,44810,44816
419588,44840,44848
57916,44871,44877
567703,44905,44913
53978,45015,45023
15232,45076,45082
116633,45116,45124
20771,45157,45163
20633,45234,45240
651861,45271,45281
20705,45303,45313
345189,45338,45344
345201,45368,45378
686297,45398,45408
5616,45449,45457
690772,45485,45489
332736,45557,45563
340225,45590,45598
55709,45627,45633
1265,45708,45712
1266,45737,45743
55273,45767,45773
12868,45797,45807
340537,45832,45836
339117,45860,45868
535961,45889,45899
572,45943,45947
385289,45971,45979
344566,46002,46008
344588,46035,46043
306979,46067,46073
342820,46096,46104
342920,46135,46139
410599,46169,46177
342895,46200,46208
290511,46248,46256
4592,46291,46301
410602,60456,60462
410607,60487,60495
55574,60549,60559
376323,60631,60635
300229,60660,60666
290511,60697,60703
545004,60725,60735
13274,60757,60763
55541,60792,60796
491982,60841,60849
491995,60871,60881
289249,60906,60916
55896,60968,60974
8984,61000,61004
307855,61032,61036
265914,61059,61069
339556,61119,61123
1867,61149,61155
289248,61179,61189
55906,61216,61220
648163,61265,61269
537901,61320,61326
13269,61363,61369
339578,61397,61403
410601,61427,61437
342888,61475,61485
339349,61511,61521
13266,61599,61605
15828,61640,61646
339567,61675,61683
255538,61706,61714
277499,61746,61754
402074,61778,61786
149306,61964,61972
339566,61997,62003
339574,62028,62038
55538,62081,62085
491982,62123,62129
149313,62164,62170
55896,62202,62212
340685,62245,62253
340686,62293,62299
684059,62327,62333
282887,62360,62366
290713,62394,62402
542430,62427,62437
372705,62500,62508
535160,62530,62538
224711,62566,62572
339351,62599,62605
339374,62638,62644
9262,62671,62677
535168,62704,62708
308087,62736,62744
304291,62803,62807
255461,62836,62840
255462,62892,62896
86051,62920,62930
410311,62958,62964
253902,62990,62994
341282,63026,63032
690768,63069,63073
900883,63100,63108
278746,63133,63141
583670,63162,63172
289138,63210,63214
150173,63239,63245
534708,63268,63276
150176,63299,63307
538389,63330,63340
150174,63361,63369
539415,63394,63398
484298,63446,63452
340222,63670,63680
5617,63703,63709
340222,63731,63741
323525,63773,63783
148278,63830,63838
149521,63864,63870
17840,63898,63902
402629,63980,63990
402626,64031,64039
81141,64076,64084
313982,64106,64116
484319,64138,64144
313984,64170,64176
238344,64246,64252
484320,64314,64320
484331,64345,64351
693412,64374,64382
181108,64404,64412
4513,64454,64458
4512,64481,64491
408926,64526,64532
7700,64573,64581
191066,64604,64614
4338,64637,64641
191270,64666,64676
323922,64702,64706
345071,64732,64736
289678,64763,64769
604,64794,64800
342388,64841,64851
901070,64878,64882
53905,64908,64914
581457,64945,64955
325844,64998,65004
148810,65045,65051
534576,65112,65120
278763,65142,65150
341108,65180,65184
534001,65213,65217
357221,65259,65265
57720,65301,65307
268201,65336,65342
122844,65368,65372
340543,65401,65409
339317,65434,65438
340552,65464,65470
339099,65498,65504
573,65530,65534
385290,65560,65564
273717,65593,65599
684089,65624,65628
655354,65652,65660
391651,65715,65719
344817,65743,65753
14923,65775,65783
536150,65811,65819
534444,65870,65876
148833,65908,65916
348834,65940,65950
54975,65976,65980
2323,66017,66021
533424,66125,66133
54372,66156,66164
348857,66205,66209
535126,66238,66244
538792,66272,66280
429,66314,66322
348442,66377,66383
16882,66409,66417
150764,66439,66447
535151,66498,66504
150765,66828,66834
348146,66872,66880
16874,66918,66922
55692,66961,66967
150720,67001,67005
347905,67031,67039
2299,67098,67104
347913,67129,67139
347914,67161,67171
347923,67254,67258
347928,67308,67312
150725,67401,67409
305111,67456,67466
402689,67493,67501
348819,67528,67536
403226,67669,67673
348853,67702,67712
348856,67762,67770
360362,67795,67805
348856,67848,67854
2330,67942,67946
536791,67974,67984
16819,68006,68012
150756,68037,68043
535906,68072,68082
339587,68109,68117
544718,68178,68184
545004,68208,68216
15828,68269,68277
402080,68310,68318
453065,68343,68351
149304,68379,68387
149866,68441,68447
148280,68479,68485
308613,68527,68533
339648,68580,68586
55226,68611,68621
537741,68645,68649
482494,68691,68697
289712,68747,68753
531697,68778,68784
341062,68810,68818
531024,68840,68848
161415,68873,68883
11619,68914,68920
532442,68959,68965
11593,68994,69000
11412,69030,69036
447951,69084,69094
685301,69118,69126
655849,69163,69171
372503,69231,69237
372505,69262,69270
11631,69300,69304
531151,69334,69342
531146,69373,69383
531020,69407,69415
311476,69438,69448
531021,69471,69475
340814,69500,69508
289733,69532,69536
1886,69567,69573
341144,69600,69608
56471,69640,69644
56462,69682,69686
56472,69710,69718
149773,69764,69772
54791,69859,69869
339339,69896,69906
529992,69950,69958
348777,69985,69991
72911,70015,70023
348794,70047,70051
348799,70101,70107
55488,70139,70147
696614,70175,70181
402717,70222,70228
16675,70251,70259
55489,70280,70290
16685,70314,70322
348610,70346,70354
547816,70383,70391
55565,70414,70420
348632,70444,70450
402784,70477,70483
348637,70510,70516
327292,70553,70559
347912,70595,70601
347924,70646,70654
54372,70679,70685
347924,70826,70832
313116,71142,71146
313122,71173,71181
648720,71204,71210
161792,71241,71245
117803,73226,73232
161792,73256,73262
620036,73288,73296
648716,73329,73337
2321,73362,73366
772550,73394,73400
347923,73482,73492
1843,73522,73526
392966,73552,73560
540258,73590,73596
410437,73622,73626
539998,73665,73671
348818,73697,73707
54953,73862,73870
54962,73900,73908
402704,73938,73944
289483,73973,73981
300908,74006,74014
537612,74036,74046
56813,74073,74081
54037,74109,74113
348020,74147,74155
148843,74177,74185
344278,74209,74213
535846,74243,74247
148497,74306,74314
328952,74336,74346
6330,74371,74377
330072,74400,74410
407270,74436,74446
407273,74468,74474
407278,74501,74511
191333,74533,74541
17175,74568,74576
191326,74602,74610
55671,74664,74670
17260,74709,74715
348241,74743,74751
17307,74789,74797
17317,74838,74844
351024,74878,74882
351007,74915,74919
551472,74947,74953
551475,74982,74990
17397,75013,75021
70352,75052,75058
70347,75120,75130
349879,75201,75205
349878,75237,75245
57308,75270,75280
69985,75301,75311
586225,75331,75341
152141,75364,75368
3657,75403,75411
3673,75441,75449
349036,75473,75477
349035,75502,75508
750265,75563,75571
349037,75593,75601
110238,75623,75631
349053,75689,75695
349052,75737,75745
546815,75773,75779
609565,75801,75811
568020,75831,75841
481492,75881,75889
349430,75935,75941
70601,75965,75973
150401,76007,76017
344206,76038,76048
690848,76079,76087
3777,76122,76128
3765,76157,76163
766743,76204,76208
766754,76320,76326
352322,76352,76356
352027,76390,76396
151586,76441,76449
273752,76476,76486
152176,76526,76536
151604,76563,76571
547388,76603,76609
562126,76636,76644
350502,76692,76702
350080,76740,76750
332381,76780,76788
350117,76854,76862
121511,76918,76928
4155,76948,76958
350131,76980,76986
530102,77011,77015
4107,77041,77049
341997,77079,77087
343087,77110,77118
343106,77502,77506
343096,77546,77554
564213,77579,77589
117711,77611,77621
402135,77645,77651
152711,77681,77689
152705,77716,77724
308357,77748,77758
119874,77812,77818
308345,77854,77862
344384,77885,77891
150441,77915,77921
315960,77954,77960
343127,78001,78009
315961,78042,78048
315963,78090,78100
684519,78128,78136
317558,78165,78171
57064,78201,78209
654844,78335,78343
353058,78368,78372
572640,78398,78406
353089,78431,78439
4120,78468,78472
147609,78496,78506
536558,78537,78547
653703,78569,78577
350385,78600,78608
575871,78664,78670
350407,78698,78706
152024,78732,78738
121982,78766,78774
4118,78813,78819
147655,78857,78863
402119,78935,78941
402122,79152,79156
350695,79188,79194
317547,79233,79243
880677,79266,79274
308340,79300,79308
343314,79342,79352
317451,79373,79383
316940,79412,79422
152753,79446,79450
343066,79473,79483
119872,79513,79523
152773,79611,79621
343096,79667,79675
530184,79697,79705
343112,79729,79735
402137,79758,79766
315928,79792,79800
152711,79821,79831
152703,79856,79860
344758,79890,79894
308342,79926,79934
887300,79960,79968
344364,79992,79998
150446,80033,80039
78098,80079,80089
364351,80111,80121
316436,80143,80149
618631,80179,80183
481524,80207,80215
267009,80240,80250
314672,80273,80279
490584,80305,80309
344397,80339,80343
344406,80367,80375
341879,80406,80416
90643,80437,80445
341887,80469,80475
541530,80502,80506
348227,80531,80537
289460,80562,80566
79486,80590,80600
348183,80621,80629
986023,80688,80696
348190,80728,80736
407272,80764,80770
407278,80794,80802
611,80828,80834
152789,80865,80873
341437,80899,80909
16768,80932,80936
16777,80962,80968
341442,81008,81016
254974,81047,81053
148861,81084,81092
17124,81118,81128
17134,81159,81165
269217,81190,81198
1294,81225,81231
355357,81257,81263
264561,81286,81294
353647,81321,81331
83721,81627,81635
264638,81664,81670
354010,81696,81704
689575,81741,81747
689042,81771,81779
689056,81806,81814
625848,81839,81847
689637,81877,81881
115323,81907,81911
264716,81936,81942
2282,81969,81973
17069,81999,82007
77047,82034,82044
55610,82067,82075
17104,82117,82123
534614,82146,82156
347938,82183,82189
348834,82215,82223
150721,82250,82256
479415,82281,82285
538487,82312,82320
402692,82353,82359
313129,82472,82478
402676,82509,82515
2962,82544,82548
300903,82608,82616
696764,82641,82649
535071,82682,82688
348610,82713,82723
547816,82747,82751
16533,82781,82785
386773,82809,82817
534466,82842,82848
150829,82879,82883
54040,82909,82913
16709,82944,82950
4051,83058,83064
17263,83108,83114
348241,83136,83146
17307,83187,83195
17317,83239,83247
351024,83278,83284
351007,83313,83317
551472,83341,83349
551475,83380,83388
191315,83418,83426
4008,83455,83465
273735,83500,83508
562126,83541,83551
649443,83573,83579
330775,83601,83611
350502,83635,83641
351446,83666,83670
750420,83715,83721
639068,83859,83865
750420,83888,83896
639068,83922,83930
750421,83977,83987
586691,84012,84018
704323,84044,84052
351499,84082,84090
689738,84114,84122
639195,84148,84152
759806,84178,84182
151660,84206,84214
634963,84238,84242
696311,84267,84275
684526,84299,84303
75878,84327,84335
351555,84360,84364
152328,84394,84398
3935,84430,84436
690848,84460,84470
352752,84496,84506
547076,84529,84535
352328,84560,84568
70469,84593,84599
655779,84624,84632
352335,84674,84678
57315,84750,84760
152198,84789,84797
352772,84837,84847
564712,84868,84878
488370,84900,84910
586224,84941,84951
581423,84975,84983
581811,85008,85014
180595,85041,85047
350639,85071,85077
684639,85104,85114
349999,85142,85148
352692,85170,85180
151597,85236,85244
329026,85299,85307
628166,85329,85337
627710,85360,85368
627711,85479,85489
643252,85512,85516
351819,85545,85553
627297,85577,85583
351503,85605,85615
351445,85644,85650
352978,85675,85679
90625,85707,85715
151520,85739,85743
353118,85768,85774
349171,85799,85805
151464,85830,85836
349349,85865,85871
653705,85906,85910
350385,85941,85945
575871,85994,86000
350403,86023,86031
316573,86055,86063
152027,86087,86093
22431,86118,86124
147655,86148,86154
402119,86290,86300
