17298,5,13
17223,41,49
55675,74,82
74345,117,123
342302,148,154
93,182,190
152541,213,221
332585,243,251
16772,284,292
341442,326,336
148859,364,368
17103,404,410
355475,434,442
148858,466,470
21020,496,504
7217,535,543
265,569,573
397,605,615
56590,644,652
338249,673,683
15654,705,711
824328,734,742
109476,769,777
824317,813,821
54438,859,863
15667,898,906
182328,936,942
355505,967,975
94,1010,1018
21018,1043,1049
270692,1072,1080
56600,1108,1114
203268,1143,1151
146623,1402,1412
122301,1458,1464
531905,1507,1515
7217,1545,1555
18574,1581,1585
355,1609,1617
374,1668,1674
342665,1699,1705
6895,1729,1735
5566,1759,1767
301363,1789,1797
6579,1824,1834
86701,1881,1889
1133,1911,1919
342281,1940,1950
351562,1975,1983
57862,2030,2038
351573,2065,2073
80490,2116,2126
80496,2150,2160
385,2191,2199
94,2228,2238
540916,2261,2269
7164,2300,2304
355487,2327,2337
355472,2358,2366
346190,2402,2410
150913,2439,2447
116276,2476,2480
4302,2507,2515
348737,2538,2544
54934,2571,2579
346539,2611,2617
4331,2830,2836
533847,2862,2868
534152,2908,2912
305053,2938,2944
346315,2968,2978
348733,3001,3007
17041,3032,3036
533485,3062,3068
17152,3096,3100
122362,3124,3132
7203,3158,3166
355488,3189,3195
164083,3218,3226
7217,3258,3264
265,3296,3304
18226,3327,3335
355,3387,3397
693874,3422,3426
301363,3529,3535
346489,3620,3626
257091,3677,3687
86701,4223,4229
5568,4284,4292
345859,4317,4321
15877,4361,4365
339,4408,4412
23450,4469,4473
483270,4502,4512
342152,4544,4552
819,4587,4593
342231,4619,4627
341383,4658,4664
57737,4705,4711
541870,4736,4740
339620,4771,4779
324360,4954,4964
324307,4991,4997
339624,5023,5033
338994,5061,5067
338748,5090,5100
278268,5136,5142
82269,5172,5180
57738,5209,5219
593826,5253,5261
54174,5291,5299
23454,5342,5348
692,5373,5381
5420,5407,5413
23141,5446,5454
5565,5481,5487
1090,5545,5549
5498,5574,5580
301360,5637,5643
146737,5676,5682
346480,5707,5715
346484,5738,5746
5568,5847,5857
301363,6174,6182
23144,6203,6213
148104,6293,6301
23144,6323,6331
540602,6474,6480
22250,6505,6509
23144,6594,6600
812612,6655,6659
5425,6749,6755
342277,6778,6786
86701,6813,6821
346489,6848,6856
5568,6884,6892
201294,6962,6972
195258,6994,7000
286857,7028,7036
80750,7064,7070
81034,7098,7104
55109,7132,7142
54555,7168,7174
17711,7199,7203
17726,7251,7257
341916,7294,7300
4454,7330,7334
19517,7359,7369
83680,7396,7404
121030,7433,7439
75995,7484,7492
68771,7539,7545
68779,7575,7581
120914,7613,7617
309,7659,7667
6286,7702,7706
15059,7766,7772
19468,7797,7803
15061,7828,7832
344169,7865,7871
53997,7906,7912
695876,7935,7943
534652,8180,8188
53993,8215,8223
799058,8248,8254
147366,8281,8289
151289,8313,8317
289374,8344,8350
336104,8411,8417
53811,8447,8451
575548,8475,8483
147278,8509,8515
57904,8540,8546
335411,8569,8577
15232,8626,8636
116633,8662,8668
20772,8694,8702
20633,8751,8757
532129,8782,8790
20706,8814,8818
5609,8844,8848
345200,8877,8885
20740,8907,8915
116009,8938,8944
345292,8971,8979
14245,9009,9015
355482,9042,9052
164085,9073,9081
20975,9103,9111
271,9136,9142
18570,9164,9174
338205,9194,9204
338224,9226,9234
338258,9255,9265
338167,9300,9308
730,9332,9336
147756,9362,9368
665,9399,9405
351266,9448,9458
148360,9508,9516
124319,9539,9545
6889,9571,9577
351561,9603,9609
5549,9635,9641
301363,9666,9670
640652,9723,9731
301362,9754,9762
147720,9808,9816
301362,9889,9897
86701,9921,9927
301363,10593,10601
23144,11164,11172
301363,11314,11320
5553,11345,11349
640652,11436,11440
301363,11733,11743
23144,11915,11921
1381,12072,12080
257093,12130,12134
640652,12159,12165
301363,12221,12227
257091,12310,12318
301362,12370,12376
342277,12398,12408
301362,12465,12471
301363,12529,12533
346489,12583,12591
6570,12613,12621
346484,12645,12651
693137,12674,12684
23156,12705,12713
1030,12739,12747
57862,12800,12808
351573,12838,12846
80490,12920,12924
385,12973,12979
94,13015,13021
540916,13045,13051
122330,13073,13083
148898,13105,13111
17110,13134,13144
17104,13175,13181
16838,13210,13218
542049,13250,13254
55671,13395,13403
17263,13461,13467
206421,13493,13497
17317,13547,13555
351028,13591,13597
351006,13622,13630
4632,13654,13660
70352,13692,13698
3778,13741,13749
351615,13770,13780
152162,13809,13817
351592,13846,13854
351579,13879,13885
329028,13910,13914
351583,14120,14130
351586,14154,14164
70469,14185,14193
351611,14225,14235
151585,14256,14264
3944,14302,14310
17392,14336,14346
191295,14371,14381
13504,14406,14410
351003,14437,14447
120848,14478,14488
120846,14512,14518
17298,14541,14551
17223,14578,14586
55675,14609,14617
74345,14645,14649
342302,14673,14681
93,14704,14714
152544,14740,14750
16835,14773,14781
16777,14808,14816
341442,14862,14872
254974,14908,14914
148861,14953,14957
17103,14981,14989
7203,15015,15019
21019,15048,15054
651857,15078,15084
7217,15115,15121
271,15145,15151
355,15199,15205
374,15267,15275
6889,15300,15306
301362,15393,15399
1384,15474,15482
690651,15506,15512
1090,15540,15548
147736,15573,15579
146737,15685,15691
346484,15717,15721
690925,15779,15787
22250,15840,15848
762716,15869,15879
86701,15909,15915
690925,16001,16005
6940,16036,16042
95614,16100,16110
255058,16147,16157
384769,16270,16276
95614,16300,16306
95611,16343,16349
6568,16373,16381
1384,16453,16461
55156,16484,16494
1030,16517,16525
1133,16547,16555
351526,16577,16585
22245,16627,16637
1120,16660,16670
735304,16692,16700
2016,16738,16746
353320,16807,16817
402521,16839,16845
7108,16872,16880
206321,16903,16909
2068,16935,16939
15765,16990,16998
7080,17023,17029
353312,17056,17060
10761,17087,17093
141431,17127,17135
57854,17180,17188
544310,17214,17222
353027,17249,17257
152616,17282,17286
372622,17336,17344
146737,17369,17375
346480,17399,17407
257091,17430,17436
147720,17484,17490
812317,17515,17521
6568,17569,17575
86699,17599,17605
1051,17712,17722
148104,18075,18081
23141,18141,18147
23144,18169,18179
1090,18263,18267
147736,18293,18301
6871,18322,18332
410433,18357,18363
80725,18442,18452
3242,18472,18482
350821,18502,18512
350841,18543,18551
56063,18580,18586
56051,18618,18626
19651,18650,18654
345123,18680,18686
5812,18717,18725
257095,18794,18804
3222,18829,18835
3218,18862,18868
55589,18944,18952
56849,18977,18987
87684,19009,19017
605634,19485,19493
537046,19531,19539
536168,19587,19591
355604,19622,19626
289220,19651,19661
270830,19685,19695
56009,19717,19723
353745,19753,19763
78743,19786,19792
122136,19828,19834
55978,19860,19866
144621,19890,19896
98255,19922,19926
55374,19956,19962
55432,19988,19994
311791,20021,20027
402611,20062,20066
347315,20091,20101
98255,20122,20130
56449,20155,20161
101026,20187,20193
544021,20218,20228
544001,20253,20263
101026,20331,20335
544020,20360,20368
545934,20394,20400
353583,20424,20432
98255,20490,20496
147581,20523,20529
6008,20553,20561
81745,20593,20599
19675,20624,20632
80597,20657,20667
530423,20703,20711
483163,20758,20766
347416,20791,20801
300168,20845,20849
742309,21090,21096
531887,21118,21128
56077,21151,21155
343418,21181,21191
402595,21214,21222
57224,21247,21255
54590,21278,21286
152791,21311,21319
430360,21344,21350
10756,21378,21384
544406,21409,21419
141430,21452,21456
19449,81077,81083
158365,81167,81171
19449,81195,81205
158365,81287,81291
19449,81316,81326
158365,81405,81413
19449,81438,81442
158365,81496,81502
19449,81540,81548
57862,81572,81582
6895,81645,81655
690878,81678,81686
55155,81709,81717
23144,81743,81749
95612,81781,81789
95614,81811,81821
198827,81849,81855
80748,81888,81894
81034,81935,81943
55109,81975,81979
54555,82012,82016
17711,82039,82049
17726,82093,82099
341916,82140,82146
4454,82187,82197
652064,82219,82225
83680,82255,82259
121030,82283,82291
916481,82312,82322
75999,82346,82356
68771,82388,82398
68779,82428,82436
120914,82466,82474
120920,82499,82507
167425,82535,82541
167252,82565,82571
386140,82597,82607
686144,82638,82642
144504,82669,82675
145445,82703,82709
686144,82749,82755
145455,82778,82788
144508,82818,82822
334253,82852,82858
537021,82883,82891
15562,82917,82925
120912,82953,82957
120917,82989,82999
68765,83031,83039
68770,83089,83097
4410,83149,83157
55168,83186,83194
534221,83229,83237
685404,83260,83266
4500,83290,83296
55128,83337,83343
17727,83371,83379
341917,83408,83412
23320,83438,83448
71701,83484,83490
792,83521,83531
289502,83554,83562
147411,83630,83634
798,83814,83822
21968,83846,83852
152016,83878,83886
888234,83911,83915
54617,83941,83951
460861,83975,83983
349563,84014,84020
349582,84044,84052
1658,84102,84110
430607,84167,84177
168180,84197,84207
164059,84244,84254
968656,84471,84481
6380,84588,84598
353870,84623,84629
5156,84657,84665
586127,84687,84697
763925,84718,84726
338196,84750,84754
353905,84778,84788
15658,84816,84820
353866,84847,84855
727,84882,84886
55146,84918,84924
57740,84950,84956
545666,84981,84989
772,85273,85279
829,85308,85316
55113,85340,85348
55108,85381,85389
146876,85416,85426
81077,85453,85463
17726,85517,85523
341916,85556,85566
4454,85594,85602
19517,85627,85637
83680,85666,85676
17819,85715,85725
306423,85752,85762
2414,85812,85822
355977,85846,85854
311545,85879,85885
8308,85910,85914
54199,85942,85952
54204,85972,85982
4378,86008,86012
181609,86036,86044
181613,86075,86079
55139,86111,86121
17729,86147,86151
23318,86190,86196
756277,86226,86232
80743,86261,86267
277679,86291,86299
152799,86390,86396
