545203,10,14
334246,68,76
334245,99,105
545231,132,142
543508,164,172
145428,200,204
181617,229,237
7186,262,270
181616,296,300
652147,326,332
120917,367,375
68765,399,405
68770,434,444
4410,484,490
55168,522,530
121058,575,581
685404,609,619
181613,659,667
652077,690,696
86598,724,730
86560,755,763
76594,888,894
76607,924,932
86643,965,973
86660,1000,1008
110216,1033,1043
758133,1064,1072
76621,1095,1103
758397,1130,1140
758394,1169,1175
286587,1202,1206
342714,1233,1237
570946,1261,1269
385005,1296,1300
386305,1429,1437
385207,1470,1474
21851,1500,1508
76643,1531,1539
343771,1561,1569
354578,1590,1600
57433,1621,1629
346699,1656,1664
14025,1694,1700
680489,1727,1733
54536,1758,1768
86627,1795,1803
396388,1848,1854
86672,1890,1896
86611,1921,1925
86661,1970,1978
86649,2000,2008
86672,2029,2039
6286,2513,2519
15024,2546,2552
336576,2623,2627
15079,2661,2669
545809,2692,2702
203794,2725,2733
379095,2805,2811
545032,3038,3042
54739,3267,3273
54735,3489,3497
146680,3572,3580
15060,3607,3615
12437,3642,3646
12454,3671,3681
144813,3704,3712
19552,3738,3742
123780,3765,3775
148201,3796,3804
148206,3897,3903
144378,3926,3936
144883,3973,3981
144568,21788,21792
144725,21842,21850
160416,21882,21888
148199,21918,21924
587800,21949,21959
144707,21985,21993
147114,22026,22030
586959,22065,22071
289294,22099,22105
147110,22131,22139
486200,22161,22169
342669,22194,22200
144377,22225,22229
684558,22253,22261
334894,22294,22304
570837,22362,22366
151058,22422,22428
147134,22492,22496
417553,22522,22526
15374,22553,22561
540280,22591,22597
144823,22639,22643
12447,22683,22693
12446,22715,22723
22934,22760,22768
536133,22797,22801
15031,22831,22839
15562,22866,22876
120912,22905,22911
120917,22944,22954
68765,22983,22993
68770,23027,23031
4410,23077,23083
55168,23116,23120
121058,23145,23155
593800,23180,23186
181609,23233,23237
181613,23265,23273
55139,23304,23312
17729,23337,23343
23318,23371,23379
71701,23420,23428
55150,23454,23462
348458,23485,23491
695593,23518,23526
317401,23557,23563
484263,23587,23593
434853,23636,23642
254118,23720,23726
57871,23757,23767
17834,23790,23796
1488,23858,23862
1456,23887,23893
534629,23939,23947
350289,23970,23978
54499,24000,24008
120830,24030,24038
623091,24059,24069
161486,24091,24097
623091,24169,24175
343768,24199,24209
343051,24229,24239
14255,24269,24273
345297,24301,24307
115905,24347,24355
355479,24378,24384
907297,24413,24419
164085,24450,24458
7210,24486,24490
20967,24518,24524
265,24553,24557
538854,24590,24596
538998,24622,24628
707351,24658,24664
18199,24748,24754
353899,24784,24794
1469,24818,24828
15667,24884,24890
56590,24916,24924
338167,24952,24960
353906,24984,24988
55274,25018,25026
349251,25055,25059
54617,25136,25144
353912,25188,25194
353918,25223,25233
542054,25254,25262
541526,25284,25294
247971,25317,25323
352743,25347,25357
120830,25379,25385
115973,25408,25418
287702,25496,25504
148877,25527,25535
8993,25559,25567
347846,25591,25595
20735,25625,25633
5588,25659,25669
13486,25703,25713
20707,25746,25752
20731,25782,25788
54827,25816,25820
54844,25883,25893
164230,25929,25937
116632,25971,25975
273836,25999,26009
148286,26059,26067
22925,26091,26101
54718,26128,26132
654228,26164,26172
167473,26195,26203
167252,26230,26236
812249,26262,26272
686150,26304,26310
686144,26376,26384
145460,26409,26415
144508,26447,26453
486291,26478,26486
167255,26509,26517
7186,26546,26552
309,26590,26594
6286,26625,26631
22941,26657,26661
15059,26702,26708
890166,26733,26739
19468,26764,26772
19603,26817,26823
54575,26849,26857
799060,26901,26909
273807,26945,26955
147161,27001,27009
334745,27040,27048
147116,27070,27078
147123,27104,27112
334751,27190,27200
147149,27220,27230
151052,27293,27299
151054,27324,27330
147216,27470,27474
53880,27561,27567
334648,27592,27600
144722,27622,27630
334985,27653,27659
334895,27691,27699
334889,27740,27748
53896,27789,27795
144358,27843,27847
126428,27873,27877
335071,27902,27910
151058,27935,27941
126452,27971,27979
147327,28074,28084
534702,28112,28118
651043,28148,28158
335505,28229,28235
148295,28265,28273
256791,28306,28312
407645,28337,28343
126263,28368,28376
335491,28412,28422
126254,28470,28476
542487,28507,28511
463949,28539,28545
122099,28610,28618
546483,28736,28744
148189,28782,28786
53909,28856,28864
1942,28887,28893
325785,28956,28962
583673,29257,29263
55201,29376,29384
2844,29438,29444
148189,29838,29842
2851,29868,29874
342456,29926,29932
407312,29976,29984
541669,30015,30019
355531,30260,30268
286478,30290,30298
355531,30351,30357
18133,30381,30391
336326,30416,30420
410289,30459,30465
4270,30515,30523
126209,30581,30587
336359,30612,30616
335488,30645,30651
335501,30712,30718
126314,30749,30755
149352,30847,30855
654869,30878,30884
147322,30910,30918
147320,30965,30969
334472,31017,31021
334525,31078,31086
95565,31118,31128
407559,31372,31378
144883,31413,31421
334897,31451,31461
144568,31515,31521
334988,31557,31563
126442,31608,31612
126458,31663,31669
147327,31740,31748
147299,31775,31783
13372,31829,31835
343524,31858,31866
355981,31892,31896
122070,32138,32144
206373,32307,32317
11806,32339,32345
12283,32384,32394
12285,32420,32426
12282,32472,32478
531941,32512,32522
539958,32551,32559
997729,32583,32593
539894,32620,32628
11817,32654,32664
531941,32692,32698
685642,32725,32731
531941,32755,32761
539894,32787,32793
685642,32823,32827
11113,32852,32860
12025,32884,32890
742971,32916,32922
11107,32946,32952
742971,32976,32982
11107,33005,33013
742971,33036,33044
11113,33075,33083
685642,33114,33120
539894,33146,33152
685645,33175,33183
316272,33640,33644
343934,33699,33707
344357,33737,33743
316256,33769,33779
384444,33807,33811
344413,33856,33862
5143,33895,33905
476186,33945,33951
315810,33976,33982
372302,34012,34018
21490,34422,34426
355749,34547,34557
740342,34579,34587
19668,34619,34623
351095,34656,34662
55426,34686,34694
210747,34717,34723
587502,34745,34755
755885,34799,34807
147628,34840,34850
146930,34922,34926
812302,34956,34966
372125,35047,35051
149613,35106,35112
123066,35137,35143
355684,35166,35174
1562,35198,35204
1677,35226,35236
429657,35257,35265
313446,35320,35328
55994,35395,35401
349381,35427,35433
56860,35459,35465
144615,35491,35499
57648,35525,35531
348922,35553,35563
80140,35592,35602
56232,35652,35660
56234,35688,35692
79103,35723,35731
346582,35820,35830
337080,35857,35867
346602,35895,35905
81733,35932,35938
346606,35985,35993
346626,36028,36036
346611,36070,36076
346596,36099,36109
316266,36152,36160
80283,36189,36193
403184,36223,36229
56957,36273,36279
195077,36305,36313
145775,36337,36343
349072,36369,36375
349075,36411,36417
534889,36456,36462
546242,36499,36507
718231,36542,36548
403168,37769,37777
564863,37803,37809
354015,37834,37842
5293,37871,37875
56086,37920,37928
354198,37952,37962
147483,38063,38071
769209,38120,38128
145593,38153,38159
538454,38189,38193
538463,38220,38226
354198,38252,38256
690255,38285,38289
5130,38329,38339
57109,38364,38374
56555,38402,38408
354979,38434,38440
355058,38464,38470
355066,38496,38502
110780,38528,38534
355384,38605,38611
153403,38740,38748
271890,38770,38780
271869,38806,38814
164082,38838,38846
355405,38870,38880
273710,38958,38968
355407,38990,38996
355414,39028,39034
763667,39058,39066
541153,39090,39094
325148,39176,39184
538527,39207,39213
325297,39235,39245
352927,39267,39277
56274,39306,39310
150017,39340,39346
410244,39373,39383
355221,39407,39413
355236,39439,39447
688534,39473,39481
19718,39516,39524
771357,39547,39555
147556,39583,39589
147559,39648,39654
344727,39731,39737
56192,39833,39841
142851,39867,39873
142855,39906,39914
344719,39946,39954
344688,39998,40008
56844,40031,40039
148020,40068,40076
148042,40102,40106
345101,40136,40142
535042,40170,40174
345690,40197,40207
345143,40249,40259
56069,40293,40299
19704,40352,40360
19685,40393,40399
689872,40422,40430
689848,40454,40460
689841,40508,40516
311948,40537,40547
19698,40571,40575
146918,40631,40637
151220,40670,40678
328005,40711,40717
290763,40750,40758
57180,40787,40797
545498,40829,40835
195219,40862,40870
350250,40898,40906
2008,40931,40939
862635,40963,40967
544406,41001,41007
1110,41053,41059
392590,41088,41092
402535,41116,41124
146652,41171,41179
57855,41206,41214
6891,41237,41247
351560,41270,41276
351385,41298,41308
254092,41354,41364
548268,41386,41392
690878,41416,41424
15877,41558,41564
339,41610,41618
23450,41647,41655
82539,41680,41688
542490,41718,41722
55096,41821,41831
55095,41867,41875
859,41898,41904
277853,42022,42032
841,42054,42062
277828,42088,42096
460861,42124,42132
128680,42161,42167
349560,42193,42201
349578,42230,42238
117837,42315,42323
289209,42358,42368
543290,42391,42401
351158,42426,42434
303762,42459,42463
534692,42489,42497
200713,42522,42526
352184,42563,42569
147746,42594,42600
352176,42630,42636
86432,42664,42670
348368,42696,42704
1526,42730,42734
287003,42761,42767
2271,42831,42839
149317,42862,42870
152400,42901,42909
348664,42939,42949
4317,42983,42987
395088,43017,43025
538792,43054,43058
150720,43084,43090
535128,43214,43218
2299,43284,43292
306792,43343,43349
55566,43381,43385
410252,43416,43422
149474,43511,43519
486437,43594,43598
535017,43653,43657
149472,43700,43708
149474,43957,43963
148267,43987,43993
289483,44015,44025
300903,44051,44055
348415,44080,44088
55496,44114,44118
538520,44145,44153
16714,44175,44183
150763,44218,44222
385086,44288,44294
150799,44327,44335
150806,44365,44373
150822,44406,44416
206235,44440,44446
431495,44479,44485
16717,44508,44516
348035,44540,44546
355427,44572,44576
304249,44632,44638
348196,44666,44670
533304,44696,44702
348211,44905,44909
289398,44956,44962
650384,44993,44997
55466,45035,45039
407272,45063,45071
611,45100,45108
152541,45138,45144
332585,45178,45182
16772,45217,45225
16788,45248,45254
341443,45279,45285
148859,45321,45329
341450,45360,45364
17109,45387,45397
7203,45423,45431
355482,45457,45467
21020,45491,45499
7210,45525,45531
265,45572,45582
80389,45607,45613
80423,45643,45651
538843,45676,45686
751913,45794,45798
18219,45825,45829
338211,46034,46040
15667,46094,46100
15658,46129,46135
21392,46159,46167
350986,46198,46202
57819,46236,46246
328019,46288,46294
350749,46319,46327
6981,46379,46389
57184,46455,46463
7107,46495,46499
206321,46523,46533
812825,46558,46566
206318,46626,46634
57644,46658,46664
491269,46689,46695
539108,46725,46735
537232,46776,46786
402594,46812,46816
57227,46840,46850
55397,46874,46878
682279,46903,46913
56303,46936,46940
19685,46977,46987
540633,47015,47023
55434,47046,47054
541457,47078,47084
402481,47109,47117
756019,47140,47148
99,47179,47185
56455,47216,47220
263806,47293,47301
857994,47324,47332
311903,47357,47361
311899,47395,47401
263810,47424,47434
263825,47459,47467
824413,47531,47537
143771,47565,47569
546549,47619,47629
21662,47651,47657
19679,47683,47691
6066,47716,47720
343201,47745,47751
419748,47776,47782
55426,47823,47829
116062,47852,47862
145064,47888,47892
546916,47919,47925
147628,47962,47966
55083,47994,47998
353444,48035,48039
353445,48070,48076
101075,48103,48109
149502,48131,48141
355696,48165,48171
115872,48197,48203
355703,48228,48232
355737,48260,48266
355744,48293,48301
354874,48327,48337
95376,48360,48368
167955,48431,48437
642583,48460,48468
109205,48493,48501
546521,48524,48532
548347,48703,48709
538837,48732,48740
691926,48762,48770
6369,48848,48854
108700,48879,48885
109363,48914,48920
354747,48944,48952
654777,48977,48981
353765,49020,49026
153830,49055,49063
54443,49093,49101
922,49125,49131
354889,49159,49163
562112,49187,49195
355707,49219,49227
2162,49253,49261
535392,49284,49292
2156,49321,49327
270710,49349,49359
110444,49398,49404
149613,49429,49433
314384,49465,49473
147802,49496,49502
146848,49534,49540
260903,49572,49578
541706,49601,49609
145596,49631,49639
578113,49663,49667
432824,49701,49707
372114,50180,50186
685172,50210,50216
85684,50273,50281
348913,50312,50318
345101,50360,50364
345121,50391,50397
56042,50441,50447
56064,50475,50481
350862,50506,50514
350849,50539,50543
350842,50568,50578
3260,50598,50608
3259,50633,50639
14042,50670,50678
410427,50701,50707
5501,50732,50738
86627,50764,50774
396396,50797,50803
86672,50840,50848
86649,50893,50897
86672,50921,50929
86661,50953,50957
86649,51012,51018
86661,51079,51085
83586,51131,51137
198847,51166,51172
698528,51218,51222
20735,51248,51254
690772,51278,51284
340225,51315,51323
340228,51390,51398
290538,51478,51482
340225,51507,51515
341611,51537,51545
23134,51567,51575
539581,51730,51740
589164,51761,51769
322985,51790,51800
684906,51824,51832
325837,51856,51860
148810,51900,51910
290680,51984,51990
4580,52029,52033
684382,52057,52065
22997,52097,52105
23015,52155,52159
341586,52195,52205
122084,52243,52249
148800,52282,52288
542487,52312,52318
126238,52341,52351
126262,52375,52379
149332,52405,52413
335961,52437,52447
335976,52471,52479
2881,52581,52589
335412,52614,52618
15123,52650,52658
147328,52704,52710
335995,52763,52769
336000,52794,52800
2917,52827,52833
336010,52859,52865
318873,52890,52894
769533,52921,52927
697427,52960,52968
641841,52990,52998
147347,53116,53122
386720,53150,53156
586480,53182,53190
68736,53214,53218
336104,53278,53282
147339,53311,53319
151123,53364,53370
148287,53403,53407
53920,53432,53438
200308,53469,53475
53819,53503,53511
147266,53536,53546
147261,53591,53597
124915,53622,53628
410334,53652,53660
607885,53706,53712
410332,53735,53745
564579,53772,53776
650801,53816,53822
305178,53851,53857
1682,53882,53888
336925,53952,53958
484442,53980,53990
54119,54014,54018
548417,54050,54054
2723,54077,54087
336941,54109,54117
337049,54144,54152
151038,54191,54197
53956,54254,54260
484399,54292,54296
8240,54329,54339
19219,54367,54377
645853,54408,54414
690591,54436,54446
690598,54470,54476
340796,54510,54518
339289,54542,54548
690573,54572,54578
419602,54606,54614
539491,54640,54648
1483,54706,54714
308233,54735,54745
54886,54791,54799
141484,54851,54859
1269,54883,54891
21250,54915,54923
54398,54951,54959
588515,54982,54988
57701,55011,55021
544493,55044,55048
54912,55109,55115
348166,55152,55158
71738,55257,55267
348167,55362,55368
348166,55573,55577
151876,55637,55645
54412,55674,55682
2844,55704,55712
581457,55737,55741
325837,55777,55783
503757,55805,55815
684905,55837,55843
503755,55866,55874
491767,55918,55928
644450,56442,56448
503755,56562,56566
581818,56591,56599
148807,56623,56633
148810,56661,56665
149469,56711,56721
595,56749,56757
341107,56791,56795
341298,56820,56830
341316,56876,56884
13276,56921,56925
537879,56951,56961
402982,56981,56991
6510,57025,57035
255392,57062,57068
501,57100,57104
652206,57134,57140
339566,57172,57176
55539,57205,57209
13268,57243,57247
996193,57288,57296
339412,57323,57329
617,57352,57362
510,57391,57399
533365,57423,57427
357832,57479,57483
530961,57513,57517
530968,57543,57549
342238,57584,57592
6337,57632,57636
685267,57663,57669
70834,57695,57701
191326,57725,57733
330139,57758,57766
55671,57817,57825
4056,57849,57857
17251,57880,57886
90641,57909,57917
530152,57956,57960
317068,62259,62265
344354,62325,62329
344471,62354,62360
344351,62387,62393
345384,62466,62472
345392,62505,62509
152691,62565,62569
344459,62596,62604
151674,62629,62637
152650,62662,62670
318820,62696,62702
481500,62727,62735
343084,62764,62772
530245,62796,62802
316368,62841,62849
530178,62877,62881
404995,62917,62927
308356,62951,62957
308357,62995,63003
315928,63026,63032
315925,63070,63078
685365,63100,63110
152643,63134,63138
530197,63164,63170
318793,63195,63201
344026,63232,63240
481518,63262,63270
152695,63299,63303
117692,63330,63338
152688,63362,63368
402163,63405,63413
345392,63441,63445
320206,63623,63633
344335,63673,63681
402127,63705,63711
350138,63737,63743
121510,63791,63795
880676,63878,63886
57057,63925,63931
346361,63971,63977
57075,64009,64015
581633,64048,64056
402110,64120,64126
315478,64183,64191
349783,64399,64409
17326,64445,64451
206439,64477,64483
57891,64514,64520
534549,64545,64553
402730,64584,64592
57890,64627,64635
355216,64665,64669
1437,64717,64727
151264,64765,64769
290418,64794,64802
55698,64881,64891
16852,64912,64922
150762,64966,64974
431495,65001,65005
55475,65057,65061
348610,65102,65108
16645,65144,65154
348614,65235,65245
348619,65266,65274
348614,65297,65305
547820,65327,65337
538577,65359,65367
547820,65427,65431
55565,65458,65462
607046,65486,65494
55565,65518,65522
10858,65548,65554
403290,65614,65620
16876,65647,65651
55692,65683,65691
150720,65723,65733
535128,65782,65786
2300,65813,65819
395088,65862,65868
2299,65911,65915
1441,65946,65954
402780,65981,65987
620036,66013,66017
619995,66056,66062
534475,66107,66117
544104,66139,66147
534471,66199,66207
148250,66229,66237
696763,66258,66268
16662,66320,66326
355429,66352,66360
54037,66383,66393
54040,66419,66427
289398,66590,66598
4051,66625,66631
17237,66655,66663
17254,66687,66697
342349,66724,66728
90647,66786,66794
530152,66825,66835
697122,66869,66873
344407,66925,66935
344409,66958,66966
344411,67000,67006
535108,67037,67045
344402,67072,67082
344388,67111,67119
161136,67143,67153
315907,67194,67200
346376,67223,67233
150440,67256,67264
710933,67289,67295
547390,67349,67357
344362,67382,67390
342002,67414,67420
318818,67495,67505
152773,67526,67534
152650,67559,67567
332577,67588,67598
332580,67631,67637
344348,67676,67684
610134,67707,67717
564737,67749,67757
345392,67819,67827
152691,67869,67877
404997,67903,67909
151671,67936,67944
119873,67971,67977
342000,68000,68008
119874,68031,68039
887300,68082,68088
344364,68113,68123
150446,68144,68154
294688,68176,68184
346411,68205,68215
342400,68297,68305
152700,68328,68336
117709,68380,68386
343673,68452,68458
4094,68498,68504
343106,68658,68664
344348,68693,68697
344351,68726,68736
344472,76103,76111
345092,76190,76196
345384,76222,76226
317199,76260,76266
152691,76296,76306
404997,76332,76338
344335,76362,76372
341997,76397,76401
119873,76459,76467
318818,76490,76498
481500,76524,76530
530228,76565,76573
685746,76598,76602
316366,76645,76651
316368,76675,76681
343006,76728,76734
343029,76773,76779
343131,76813,76819
342265,76846,76850
710934,76883,76887
344385,76966,76970
344386,77019,77025
110149,77049,77055
343193,77078,77088
481500,77115,77121
316935,77146,77150
343084,77319,77329
530245,77350,77358
530175,77383,77387
345883,77415,77423
317449,77446,77454
345883,77520,77528
308341,77693,77697
119874,77728,77738
384472,77764,77768
150441,77793,77799
147463,77823,77833
308346,77856,77860
344385,77899,77903
547390,77927,77935
308346,77974,77982
308357,78013,78019
308366,78091,78095
4097,78151,78157
343124,78182,78186
117713,78209,78219
152774,78304,78314
320839,78340,78346
530203,78370,78376
321251,78400,78406
752221,78432,78438
152749,78469,78475
342494,78500,78506
316347,78537,78543
152631,78579,78587
343330,78614,78620
308312,78647,78653
90643,78684,78694
341888,78717,78725
17290,78763,78771
74345,78815,78819
55663,78846,78850
93,78882,78890
152541,78912,78920
332585,78942,78950
16772,78979,78983
341442,79021,79029
254975,79053,79063
541486,79091,79095
17109,79124,79128
7203,79155,79163
907297,79193,79197
531905,79225,79233
20975,79256,79262
18574,79290,79296
532293,79319,79329
80415,79364,79374
18205,79397,79405
707350,79430,79440
18199,79500,79506
353899,79530,79536
1473,79561,79565
763928,79589,79597
18196,79619,79627
581585,79655,79659
21367,79755,79763
605399,79821,79825
80416,79848,79858
1482,79881,79885
548391,79938,79946
97,79970,79978
695719,80002,80006
351273,80031,80037
351049,80061,80069
200822,80094,80100
5698,80212,80220
351053,80245,80253
353395,80550,80556
201122,80586,80594
539479,80615,80625
56741,80646,80656
56743,80686,80692
354233,80747,80755
56743,80781,80785
354233,80810,80818
201123,80937,80945
201133,80970,80974
353392,81002,81008
146745,81043,81049
146623,81076,81084
7164,81139,81143
355484,81167,81177
14268,81204,81208
122351,81240,81246
148888,81274,81278
17499,81302,81312
5688,81338,81344
12762,81826,81832
345972,81856,81862
532889,81914,81922
347557,81944,81952
290798,82014,82020
345981,82047,82053
55858,82095,82103
532276,82125,82133
1919,82158,82164
147254,82201,82209
54333,82245,82249
12216,82275,82279
11678,82318,82326
147532,82356,82364
54339,82388,82396
256601,82421,82431
343532,82452,82460
289786,82501,82511
50503,82539,82543
335585,82585,82591
19598,82615,82621
12447,82660,82666
22934,82700,82706
54718,82740,82748
654228,82782,82790
167473,82821,82827
167258,82849,82859
486233,82934,82938
486230,83035,83043
486231,83067,83073
886877,83139,83145
148721,83195,83201
2658,83236,83242
144524,83271,83279
416164,83370,83376
416178,83413,83419
416177,83694,83702
148740,83741,83751
545198,83809,83819
545203,83916,83924
334246,84081,84087
334243,84116,84124
142836,84147,84153
145428,84178,84186
181617,84209,84215
537021,84240,84248
15563,84298,84302
17451,84331,84341
6286,84368,84372
15039,84401,84409
15059,84451,84455
12454,84481,84487
144823,84512,84520
144826,84544,84552
651854,84574,84582
152067,84625,84633
15307,84658,84662
54358,84692,84702
343530,84724,84730
347619,84754,84760
11711,84789,84797
55939,84821,84827
50509,84880,84886
832910,84912,84916
267311,84956,84964
17213,84998,85008
55664,85034,85042
55671,85064,85072
17250,85109,85117
342343,85140,85146
90647,85182,85190
4076,85247,85253
57065,85278,85288
353182,85319,85327
353186,85352,85360
684519,85387,85395
57058,85417,85425
654844,85447,85455
572640,85478,85484
316603,85507,85515
653705,85542,85550
349171,85575,85583
581352,85710,85718
349163,85753,85759
349356,85784,85790
349300,85814,85820
349177,85842,85852
349300,85873,85881
586095,85952,85960
349369,86043,86047
152538,86082,86090
685669,86115,86125
151465,86145,86155
350590,86183,86191
147655,86220,86226
402122,86251,86259
121510,86283,86291
880677,86316,86320
308361,86357,86363
