347455,9,13
116029,37,45
345251,68,76
13482,101,107
341762,138,146
341763,171,175
341765,200,210
604,248,254
342378,279,287
342461,316,324
2853,449,455
290436,482,486
148158,523,529
148163,558,564
2850,589,597
603,621,627
181210,663,667
603,693,701
20700,729,733
345200,784,790
13476,813,821
20737,844,852
345256,875,881
345292,918,924
14245,964,970
148858,994,1004
345620,1025,1033
531905,1063,1069
20967,1092,1102
20942,1123,1131
143946,1155,1161
546051,1184,1192
18193,1215,1223
353903,1246,1252
203389,1282,1290
307073,1514,1520
1463,1627,1633
307073,1656,1666
80334,1718,1724
307073,1784,1792
1465,1850,1860
338192,1888,1894
556932,1917,1925
763390,1949,1955
338225,1982,1988
652300,2013,2023
339195,2047,2051
147715,2074,2084
745,2108,2116
348519,2141,2147
348458,2170,2180
254118,2241,2249
556973,2284,2290
57871,2422,2430
651627,2457,2461
410274,2485,2493
10762,2516,2524
348393,2550,2554
355938,2583,2587
343976,2612,2620
147715,2648,2656
54427,2737,2741
347449,2769,2779
1105,2805,2811
342286,2839,2845
199465,2880,2890
301350,2917,2927
147074,2947,2957
141404,2982,2988
1138,3040,3050
295393,3072,3080
536119,3113,3123
2062,3146,3152
144698,3190,3200
262293,3223,3229
568022,3257,3263
35,3290,3300
741245,3324,3328
684450,3353,3359
5713,3386,3392
546456,3418,3424
143936,3450,3456
143946,3480,3486
201085,3513,3521
143934,3545,3551
289206,3576,3584
661762,3612,3620
343702,3661,3665
56868,3712,3718
289005,3757,3761
91852,3789,3795
353653,3824,3830
161728,3855,3859
352254,3886,3894
146820,3917,3925
352655,3962,3970
355557,3993,3999
937,4025,4029
85283,4054,4062
350742,4090,4098
543539,4124,4128
110039,4159,4163
655817,4192,4196
323904,4232,4240
5870,4292,4296
539886,4330,4334
323032,5731,5741
323025,5772,5780
57347,5825,5833
346076,5857,5865
118889,7880,7884
325181,7908,7916
150319,7940,7948
385629,7971,7979
764114,8002,8010
764119,8042,8048
151781,8070,8080
764485,8156,8162
402358,8243,8253
764485,8304,8312
402358,8336,8340
764485,8394,8402
402358,8434,8442
342568,8469,8477
535473,8500,8506
656008,8535,8541
289196,8564,8572
350364,9609,9617
374305,9691,9697
349944,9722,9732
342708,9767,9773
329857,10957,10963
338038,10987,10997
338066,11057,11065
567809,11090,11094
402321,11120,11124
350361,11151,11161
330765,11182,11190
543608,11217,11225
151308,11254,11260
329816,11283,11293
338051,11374,11380
55291,11402,11412
151308,11433,11441
549776,11487,11491
55294,11552,11560
549776,11610,11618
55294,11672,11680
549776,11719,11723
55294,11750,11756
536693,11781,11789
329817,11812,11820
338051,11857,11861
338066,11990,11998
55291,12134,12144
402320,12180,12186
350366,12210,12216
543626,12242,12246
481416,12278,12286
150947,12349,12357
181480,12447,12457
568270,12772,12778
151276,13092,13100
350334,13131,13139
181481,13217,13223
537632,13255,13263
535553,13296,13302
535540,13328,13332
5249,13365,13371
55307,13395,13403
369701,13428,13434
151757,13465,13473
741639,13501,13509
536239,13530,13540
20246,13568,13574
346910,13628,13638
4753,13659,13669
4762,13690,13700
4793,13727,13735
355506,13769,13777
602571,13806,13812
685085,13837,13843
197709,13880,13884
197711,13910,13920
197690,13950,13954
4925,13980,13984
197610,14019,14023
197453,14054,14062
71837,14086,14092
197444,14118,14124
534554,14152,14158
323109,14185,14191
548412,14216,14224
539627,14250,14254
73433,14281,14287
323114,14311,14319
352935,14342,14350
355842,14375,14381
537890,14409,14419
146995,14443,14447
741644,14493,14501
369183,14526,14534
346011,14557,14563
535438,14589,14597
402339,14627,14637
148943,14661,14665
350678,14695,14699
74279,14724,14732
150947,14787,14795
357495,14911,14919
568786,14941,14951
568784,14977,14987
543608,15010,15016
349927,15040,15046
764775,15083,15089
534504,15113,15121
349465,15149,15159
3385,15179,15189
372199,15211,15217
402356,15241,15251
342548,15283,15289
151756,15318,15324
342526,15349,15357
542613,15400,15404
118220,15436,15444
55313,15470,15474
5870,15515,15519
55755,15543,15551
267858,15587,15593
73456,15683,15689
20309,15713,15723
84929,15757,15763
20286,15786,15796
146812,15822,15826
397483,15852,15856
741644,15891,15895
346013,15924,15930
535055,15957,15965
345911,15987,15995
273771,16018,16028
764779,16054,16060
350675,16086,16094
482736,16116,16124
357495,16146,16154
350374,16178,16186
262628,16209,16217
350374,16265,16275
568443,16362,16370
350374,16407,16415
150999,16444,16454
764750,16477,16487
549347,16511,16519
469276,16544,16548
267901,16571,16581
538675,16605,16613
535491,16637,16641
535431,16669,16675
535425,16699,16707
326454,16732,16740
544775,16764,16770
335704,16803,16811
949,16840,16850
84692,16880,16884
200358,16911,16917
344252,16945,16953
20432,16982,16988
57752,17040,17046
116446,17072,17080
20418,17103,17109
20238,17140,17148
81627,17176,17184
57778,17207,17213
148915,17237,17243
20372,17269,17277
345420,17306,17310
345403,17336,17340
115917,17369,17377
287682,17400,17406
54747,17452,17460
287710,17496,17502
151710,17528,17534
684177,17559,17569
346023,17599,17605
57842,17640,17646
568198,17670,17676
86133,17706,17712
115964,17738,17744
352761,17768,17774
54505,17801,17809
12967,17835,17841
865,17871,17875
695845,17898,17908
331719,17930,17940
57836,17961,17971
56635,17999,18007
348724,18045,18051
152585,18075,18083
55095,18114,18120
343976,18144,18152
147715,18201,18211
54427,18232,18240
338942,18265,18271
1135,18295,18301
342287,18326,18330
316873,18360,18368
316879,18400,18406
1080,18432,18438
413764,18461,18469
1052,18494,18498
567504,18524,18532
86633,18571,18581
396392,18607,18611
86661,18651,18655
86649,18689,18695
86661,18718,18728
86649,18778,18784
86661,18837,18845
86649,18899,18903
86633,18926,18936
1919,19833,19843
254382,19871,19877
254342,19902,19910
532741,19937,19947
341080,19970,19976
56829,20014,20020
289662,20044,20050
340817,20075,20083
289642,20105,20115
56471,20138,20146
372645,20169,20175
340748,20253,20261
246279,20286,20294
306992,20335,20343
529999,20364,20374
276265,20416,20424
263907,20499,20507
55516,20528,20538
376450,20559,20567
4592,20593,20601
339580,20629,20633
339590,20657,20665
16745,20692,20696
536306,20724,20732
538882,20766,20772
538877,20796,20804
54962,20832,20838
355568,20862,20868
2966,20922,20932
1852,20997,21005
392967,21028,21036
54968,21070,21076
355320,21102,21110
54984,21141,21147
54925,21173,21179
55031,21207,21211
542810,21239,21243
16935,21267,21277
95483,21357,21365
16901,21398,21404
203500,21468,21474
144339,21541,21547
203511,21573,21579
348372,21641,21647
353835,21670,21678
308419,21702,21708
308421,21744,21750
353156,21775,21779
353518,21808,21816
305677,21841,21845
1313,21894,21898
201534,21928,21936
115364,21964,21968
305650,21994,21998
625752,22025,22035
625829,22064,22070
160543,22095,22105
160574,22204,22208
55021,22264,22268
201232,22302,22310
1314,22334,22338
55027,22451,22459
1343,22539,22543
147095,22569,22575
1279,22602,22608
17470,22637,22641
198029,22665,22673
533071,22703,22709
17108,22734,22742
542049,22767,22771
534194,22800,22806
122435,22832,22838
995138,22866,22874
4631,22905,22909
150786,22941,22949
150777,23003,23009
150780,23203,23209
16757,23239,23247
332611,23272,23276
312991,23309,23317
342007,23343,23349
289179,23384,23390
754324,23414,23420
16804,23445,23451
4620,23475,23483
16830,23525,23529
652156,23558,23566
439175,23590,23600
267126,23632,23638
267118,23668,23676
744311,23707,23711
13121,23749,23755
11680,23777,23787
11730,23828,23834
530670,23871,23875
54345,23899,23909
343531,23931,23939
289786,23982,23988
50503,24015,24023
335585,24066,24072
19598,24096,24106
19604,24132,24142
12441,24162,24172
22934,24219,24229
54718,24259,24267
17454,24293,24301
120912,24323,24331
167473,24357,24361
167252,24386,24394
87675,24418,24424
334147,24474,24480
145477,24518,24526
886946,24601,24611
144438,24687,24691
486159,24717,24725
167288,24749,24753
7184,24779,24783
15563,24827,24837
17451,24870,24876
862585,24901,24909
22941,24931,24939
15059,24987,24995
117587,25091,25101
886830,25121,25131
147368,25164,25168
151289,25237,25241
151156,25267,25271
147353,25318,25324
147350,25347,25355
67638,25418,25426
151117,25451,25459
147339,25481,25489
647206,25516,25520
647194,25543,25553
684001,25609,25613
151123,25663,25667
151114,25704,25708
126253,25754,25762
685717,25785,25793
20753,25828,25836
116633,25867,25873
20771,25899,25907
20633,25973,25977
54863,26002,26008
532132,26035,26045
20706,26084,26094
345200,26131,26137
5609,26161,26169
484298,26199,26205
538373,26233,26239
323525,26263,26269
148278,26294,26300
323543,26325,26333
340049,26366,26372
21906,26397,26407
323543,26431,26437
655162,26462,26470
564605,26509,26515
324360,26610,26620
57711,26647,26655
695049,26680,26686
7457,26709,26717
148341,26748,26754
148342,26784,26790
323102,26817,26821
562073,26873,26881
410479,26945,26949
12476,26976,26984
410494,27023,27033
148281,27058,27066
434963,27116,27124
129508,27157,27165
393220,27577,27583
57841,27667,27673
568198,27702,27706
86133,27735,27743
115962,27767,27771
115964,27797,27807
120833,27831,27835
741319,27863,27867
54511,27930,27938
434963,28016,28024
129508,28053,28059
57841,28105,28111
568199,28142,28150
568197,28177,28183
86140,28211,28217
115968,28247,28255
343757,28280,28284
147675,28316,28320
147683,28610,28618
324665,28684,28690
410358,28810,28820
343768,28855,28859
115973,28894,28900
115975,28939,28949
343769,28992,28996
343051,29065,29071
346127,29095,29101
54493,29123,29133
158537,29161,29165
14255,29192,29196
345297,29224,29232
152559,29258,29268
345336,29293,29301
14305,29355,29363
53970,29491,29495
115978,29540,29544
110072,29585,29595
345419,29619,29625
55004,29663,29671
345426,29695,29701
345437,29732,29740
20367,29770,29776
56521,29812,29818
119544,29851,29855
148930,29885,29895
57794,29933,29941
56496,29986,29990
535091,30018,30024
4225,30050,30058
20414,30097,30105
20419,30155,30163
20441,30186,30196
344246,30224,30232
200371,30254,30264
84683,30297,30301
84694,30329,30337
1012,30375,30379
308262,30405,30411
56943,30440,30448
543476,30474,30480
273417,30511,30515
308293,30548,30556
352353,30628,30636
56885,30669,30675
688994,30699,30709
374186,30731,30737
398974,30763,30769
11340,30793,30799
326564,30825,30833
276979,31006,31012
464206,31039,31045
531855,31072,31082
535441,31103,31111
56954,31137,31143
5913,31167,31173
20463,31198,31208
55551,31234,31240
349449,31267,31271
349408,31324,31328
401130,31396,31400
544761,31426,31434
713776,31459,31469
349628,31641,31651
5955,31702,31708
5891,31733,31739
350603,31762,31772
85052,31800,31804
350742,31842,31850
349287,31887,31895
683553,31919,31925
419645,31958,31964
542837,31995,31999
323913,32042,32048
407532,32083,32087
346046,32125,32129
540006,32154,32160
322664,32188,32196
5870,32224,32230
146789,32254,32260
20359,32294,32304
20321,32329,32337
20317,32369,32377
344818,32402,32412
79832,32434,32440
344653,32465,32475
344665,32502,32512
19745,32552,32556
345035,32581,32589
345652,32613,32621
16019,32646,32654
345101,32684,32694
345116,32722,32728
345130,32757,32763
56043,32794,32802
56064,32828,32836
531887,32861,32867
56076,32920,32926
350848,32997,33005
350842,33038,33042
3260,33067,33077
327992,33117,33123
57209,33159,33169
15765,33190,33200
353339,33232,33236
7080,33271,33277
353316,33299,33309
350212,33332,33336
10757,33362,33366
350181,33394,33400
141431,33442,33452
54604,33479,33485
1110,33517,33525
54607,33560,33568
110207,33601,33605
350181,33663,33669
1110,33698,33702
295393,33734,33742
6994,33767,33771
6917,33800,33808
264,33906,33916
532289,33940,33946
576829,33971,33975
20966,34006,34014
21030,34040,34048
56600,34086,34092
146623,34118,34124
354620,34148,34156
201095,34181,34185
80021,34209,34219
201131,34253,34257
539422,34307,34315
201127,34339,34345
354245,34375,34385
353396,34416,34424
203271,34476,34480
86808,34514,34522
82462,34553,34557
54260,34585,34595
540214,34619,34627
54252,34690,34698
56608,34741,34751
352743,34773,34783
352760,34829,34837
354475,34863,34869
571260,34893,34899
54511,34927,34933
129502,34960,34970
129508,34996,35004
57841,35035,35043
570775,35066,35072
12469,35096,35102
410476,35126,35132
324453,35221,35229
384070,35252,35260
54267,35285,35291
339600,35317,35321
2380,35362,35366
683554,35431,35439
57731,35462,35470
57735,35527,35533
338753,35561,35567
268117,35594,35602
237721,35655,35661
141518,35688,35696
5640,35721,35729
5641,35786,35792
338443,35821,35827
17714,35857,35863
17726,35899,35905
341916,35938,35946
4454,35977,35985
341907,36016,36024
19450,36049,36055
151403,36084,36090
336955,36126,36136
75995,36160,36168
68771,36218,36226
68779,36269,36273
68741,36301,36305
194205,36354,36360
303687,36428,36436
448563,36463,36471
274443,36500,36510
337938,36565,36575
181271,36597,36605
449013,36628,36636
337941,36662,36666
68754,36721,36727
547958,36753,36757
68786,36780,36790
336612,36814,36824
690217,36853,36857
1682,36891,36899
305227,36927,36933
54121,36966,36976
685237,37000,37006
336929,37044,37052
336940,37106,37110
54127,37141,37147
54128,37205,37211
338549,37236,37240
581807,37267,37275
289186,37300,37308
338654,37331,37339
20758,37361,37371
20731,37393,37399
54145,37422,37430
20674,37458,37464
54863,37502,37508
651861,37534,37540
532132,37565,37573
892962,37595,37605
20692,37651,37659
54412,37686,37692
342388,37726,37732
53908,37774,37780
581457,37825,37831
148807,37857,37865
148810,37903,37911
534576,37937,37943
149471,37984,37990
343159,38099,38107
322922,38282,38286
322940,38342,38352
343168,38395,38403
583671,38426,38432
148113,38456,38462
12913,38503,38511
650642,38537,38545
343583,38599,38603
2825,38675,38683
539521,38712,38720
343602,38743,38749
346021,38780,38786
346022,38810,38820
342691,38883,38893
151710,38977,38983
542291,39023,39027
684177,39052,39060
57842,39095,39099
129508,39127,39131
57841,39433,39439
568198,39464,39468
86140,39557,39565
461733,39594,39600
115968,39633,39639
120833,39661,39671
343757,39694,39698
343758,39756,39760
147683,39795,39803
343769,39825,39833
158537,39856,39862
147724,39886,39892
429799,39916,39924
345336,39954,39964
345409,39986,39992
345415,40016,40022
54545,40052,40056
20383,40089,40093
345451,40119,40127
148930,40152,40156
57794,40201,40205
1573,40233,40237
146706,40260,40270
1655,40290,40300
354343,40325,40333
1569,40355,40365
354382,40388,40396
1574,40838,40846
449138,40870,40880
1570,40902,40908
354348,40935,40941
1645,40965,40971
55552,40996,41004
1591,41027,41035
1589,41059,41065
1586,41088,41096
109821,41149,41157
353652,41183,41187
353665,41220,41230
352254,41256,41264
352312,41286,41294
146820,41320,41326
352634,41355,41361
352655,41389,41397
349916,41424,41434
937,41494,41498
5948,41533,41539
346741,41566,41572
270876,41596,41604
346760,41629,41635
20305,41662,41668
57353,41754,41762
164070,41789,41797
372229,41840,41846
403206,41872,41878
146775,41903,41911
407554,41936,41944
396979,41966,41974
396982,42063,42071
322688,42187,42193
396982,42277,42287
322688,42371,42381
396982,42415,42425
537819,42447,42455
322688,42526,42534
396982,42585,42595
323032,42619,42623
407534,42656,42660
57345,42694,42704
57347,42744,42750
56978,42777,42787
56902,42811,42815
325385,42840,42846
537680,42895,42899
538780,42929,42935
119187,42959,42965
348261,43053,43061
741644,43128,43136
369183,43162,43170
345910,43212,43218
273771,43243,43249
534506,43274,43284
148943,43305,43315
346935,56286,56292
20106,56318,56326
20131,56354,56360
346958,56392,56398
20180,56438,56442
346974,56502,56508
20037,56533,56539
273520,56564,56572
684986,56600,56604
353982,56631,56639
57515,56667,56675
417318,56697,56705
151018,56738,56742
150907,56768,56774
150903,56798,56808
481890,56834,56838
197440,56874,56882
476123,56916,56922
350045,57957,57967
481893,57990,57996
416821,58035,58039
650815,58064,58070
197518,58098,58104
57673,58152,58156
541392,58232,58240
347783,58264,58274
19868,58306,58312
19873,58362,58368
19910,58398,58404
438696,58429,58437
348063,58461,58465
286768,58511,58515
56985,58539,58549
344726,58571,58579
344720,58600,58610
344691,58634,58638
345015,58663,58673
345037,58697,58705
5293,58728,58738
354208,58770,58774
354207,58816,58822
808915,58851,58855
317714,58917,58925
354210,58947,58957
354219,59001,59005
349376,59031,59035
257123,59074,59082
1679,59106,59114
355610,59142,59150
313518,59171,59181
355647,59202,59210
352108,59252,59258
352088,59283,59289
402888,59311,59321
352122,59344,59348
146936,59378,59384
536697,59407,59415
121258,59440,59444
355703,59470,59480
355730,59502,59508
355741,59530,59540
354859,59562,59572
148093,59593,59601
252014,59627,59635
109370,59659,59665
55118,59689,59697
109363,59733,59741
252005,59767,59775
6380,59803,59809
661424,59837,59843
698915,59888,59894
5156,59924,59930
353876,59954,59964
353903,59988,59992
15667,60070,60074
56590,60100,60106
338167,60135,60139
9814,60170,60178
109751,60202,60208
546923,60293,60299
147687,60331,60337
344097,60372,60380
662,60402,60412
17661,60453,60457
147225,60484,60490
15667,60569,60573
122246,60599,60607
80397,60672,60682
289209,60711,60719
21018,60746,60754
21030,60778,60788
394375,60822,60830
416608,60857,60865
539214,60949,60953
86807,61007,61015
201095,61041,61047
201134,61070,61078
354245,61116,61122
353392,61148,61154
146623,61194,61200
351154,61249,61253
345624,61285,61291
54252,61323,61331
56608,61401,61407
345638,61456,61466
12693,61517,61525
410263,61555,61561
539661,61590,61598
694932,61630,61638
352794,61666,61670
352796,61706,61710
9784,61764,61772
683828,61795,61805
57836,61915,61919
56635,61981,61991
348724,62034,62040
21965,62064,62072
804,62112,62116
95666,62147,62157
341924,62185,62193
198823,62292,62298
255058,62431,62439
23152,62531,62539
6568,62580,62590
543824,62611,62619
6949,62676,62682
76680,62776,62784
6568,62825,62833
758044,62917,62923
6568,62960,62970
6949,62992,62998
6568,63038,63046
812317,63067,63077
95612,63099,63107
650455,63129,63139
286857,63166,63172
435550,63197,63201
80748,63225,63233
81034,63272,63278
55109,63303,63309
195385,63335,63343
17726,63403,63409
341916,63452,63456
4454,63492,63498
534222,63521,63529
593797,63552,63558
148339,63588,63596
76110,63621,63627
336955,63654,63662
75995,63690,63696
68771,63756,63766
68779,63803,63809
120914,63850,63858
486157,63882,63890
54244,63914,63918
7191,63945,63953
148713,63978,63988
120666,64010,64016
334147,64065,64075
145461,64101,64109
886943,64137,64143
886946,64173,64183
144438,64215,64219
886950,64243,64253
375445,64282,64288
810483,64317,64321
167257,64350,64358
144446,64382,64388
144496,64418,64426
386170,64476,64482
386174,64528,64538
144533,64615,64621
652333,64652,64660
145437,64755,64763
144504,64791,64801
181618,64823,64829
486162,64851,64861
7186,64886,64892
15563,64928,64936
17451,64963,64973
545013,64994,65004
15002,65052,65056
54243,65079,65089
22916,65130,65138
148283,65184,65190
116634,65212,65222
20771,65244,65250
20633,65329,65337
651861,65373,65377
20705,65403,65413
20734,65437,65443
345200,65468,65472
13475,65508,65516
13476,65539,65545
345213,65570,65580
345220,65604,65610
345223,65636,65646
20740,65673,65681
20739,65715,65719
54635,65803,65807
345288,65833,65841
345292,65884,65892
20242,65934,65942
345316,65965,65971
164099,66004,66012
345402,66034,66042
345416,66071,66081
55004,66113,66119
20367,66152,66158
56521,66184,66190
6100,66218,66226
57794,66291,66299
56496,66342,66352
346706,66376,66380
4225,66413,66419
20414,66476,66482
20419,66552,66558
20437,66583,66589
344242,66622,66626
200367,66651,66657
151830,66685,66691
84684,66715,66721
84694,66745,66751
1012,66802,66810
57801,66835,66843
690246,66864,66874
308262,66895,66903
428207,66960,66970
56943,67021,67029
56946,67065,67073
110056,67097,67105
308288,67146,67154
273414,67199,67207
308248,67230,67236
151816,67275,67281
629185,67326,67336
159812,67356,67366
543630,67389,67397
315994,67420,67426
374217,67462,67468
308258,67502,67508
545332,67536,67542
350985,67568,67574
535575,67622,67628
535396,67936,67946
57394,67996,68004
269052,68025,68035
11309,68056,68066
326449,68100,68108
276933,68173,68177
276979,68212,68216
690268,68242,68248
755763,68272,68280
397187,68325,68333
323915,68362,68372
323877,68397,68401
346042,68436,68442
85294,68487,68493
323913,68577,68581
655817,68635,68641
407532,68665,68671
346046,68703,68707
695247,68732,68738
544089,68764,68768
323048,68803,68809
407554,68831,68841
537819,68863,68869
396982,69006,69014
322688,69039,69043
537819,69070,69076
322688,69257,69265
537819,69289,69297
396981,69326,69332
396982,69378,69382
396981,69415,69421
396982,69451,69455
295508,69483,69487
323025,69513,69519
57347,69572,69580
56978,69609,69617
346076,69645,69651
118942,69676,69682
3392,69720,69728
3394,69772,69780
683779,69803,69809
355163,69833,69841
355140,69870,69878
403221,69905,69909
84883,69943,69951
355336,69976,69982
688529,70010,70016
56181,70044,70050
55410,70123,70129
372357,70155,70161
547980,70188,70196
197812,70229,70235
575323,76112,76120
384456,80577,80581
147002,80619,80629
538020,80655,80663
79310,80691,80697
147007,80721,80727
206327,80757,80765
594771,80787,80795
55306,80824,80834
355195,80855,80865
147000,80888,80896
353359,80918,80926
56275,80968,80976
20293,81007,81013
397483,81035,81045
741644,81067,81075
346013,81097,81107
535055,81135,81143
345910,81177,81181
535437,81212,81220
