373017,1764,1772
150328,1804,1810
55312,1835,1845
57416,1887,1895
5870,1940,1950
146789,1988,1998
372230,2018,2028
683969,2051,2059
346774,2082,2090
5137,2119,2123
344820,2150,2156
79766,2184,2190
345026,2212,2222
19802,2245,2251
345074,2273,2283
345110,2303,2313
345128,2335,2341
56043,2376,2380
56069,2407,2415
144627,2439,2443
689831,2472,2480
689821,2623,2631
19698,2664,2672
149941,2710,2718
54590,2742,2748
539130,2773,2781
350433,2803,2813
402578,2835,2845
206426,2872,2882
2062,2914,2924
87162,2946,2952
350883,2978,2982
350763,3007,3015
57863,3036,3046
342654,3071,3077
6890,3099,3109
342356,3138,3144
254132,3169,3177
23156,3245,3249
753990,3276,3282
57862,3318,3324
351573,3352,3356
350753,3386,3390
152550,3413,3423
7007,3454,3462
7092,3490,3496
19839,3522,3532
350825,3560,3568
350847,3612,3618
19659,3668,3676
56051,3701,3707
56041,3731,3737
184010,3763,3769
345077,3791,3801
148014,3825,3829
344687,3858,3864
344721,3889,3893
56181,3937,3941
146893,3967,3977
147012,4002,4006
401334,4034,4044
150550,4072,4082
164082,4167,4173
402349,4197,4207
291117,4233,4243
355365,4263,4273
355068,4294,4304
262840,4325,4333
540054,4356,4362
149837,4390,4398
571244,4425,4429
537778,4455,4461
537756,4485,4493
355149,4517,4521
262785,4546,4554
146765,4577,4583
355513,4609,4613
392625,4637,4647
575812,4667,4677
320004,4699,4705
634042,4729,4735
73099,4759,4769
545757,4790,4798
355060,4826,4836
146972,4938,4946
262845,4979,4987
73374,5008,5018
84929,5041,5047
20282,5069,5079
84998,5121,5129
146812,5150,5160
741644,5183,5189
346011,5214,5224
345910,5254,5258
273770,5283,5291
535476,5319,5325
57427,5351,5359
57465,5381,5389
327608,5415,5423
56882,5453,5461
267910,5553,5557
56885,5591,5597
428256,5630,5638
402814,5661,5669
404381,5693,5699
543713,5723,5731
151844,5759,5767
404363,5791,5797
337957,5824,5832
276979,5853,5863
535582,5886,5890
535441,5918,5922
538410,5951,5959
537176,5983,5987
56489,6027,6037
536224,6060,6068
349920,6089,6099
537199,6119,6129
651640,6151,6157
536753,6184,6188
353660,6215,6219
343570,6247,6257
289007,6277,6287
12168,6309,6315
551522,6342,6346
655754,6370,6378
18550,6403,6409
75243,6432,6440
615872,6463,6469
109222,6494,6504
661424,6526,6534
5156,6599,6607
686304,6689,6699
338224,6723,6727
147076,6750,6760
56590,6785,6789
727,6818,6826
55275,6849,6855
12921,6880,6888
583201,6914,6920
350939,6944,6952
245863,6978,6986
4534,7051,7057
161376,7083,7087
247971,7112,7118
4534,7142,7148
54749,7179,7185
324665,7210,7218
54493,7245,7251
287707,7275,7281
56673,7304,7312
403066,7335,7343
2832,7380,7384
539248,7413,7421
12917,7452,7458
55266,7483,7489
540313,7515,7521
23045,7546,7550
344518,7577,7583
649740,7608,7612
54377,7636,7644
344537,7666,7674
344541,7698,7706
344550,7729,7735
273718,7769,7777
339097,7806,7816
534989,7837,7847
343238,7870,7878
535181,7903,7909
535744,7935,7939
307871,7979,7985
56541,8013,8021
535177,8043,8051
535041,8074,8080
55817,8105,8113
55908,8170,8176
545415,8224,8230
290788,8256,8262
290786,8288,8294
254431,8318,8326
54333,8352,8360
530007,8385,8391
54345,8424,8428
256641,8463,8467
651831,8491,8501
684354,8554,8562
147320,8591,8599
334985,8623,8631
685625,8662,8672
334547,8694,8700
750964,10713,10723
581629,10750,10754
452012,10825,10831
147222,10866,10872
149886,10923,10933
315458,10957,10963
751464,10993,10999
451905,11441,11447
587859,11471,11477
53926,11530,11536
751464,11573,11579
54003,11613,11619
685661,11649,11657
149885,11681,11687
335090,11711,11717
289294,31269,31273
751499,31298,31306
486204,31335,31341
335084,31365,31371
170212,31405,31409
147215,31509,31515
147153,31550,31556
334655,31581,31587
144728,31614,31618
581367,31823,31831
151060,31911,31917
147327,31969,31975
147299,32002,32006
13372,32050,32058
54358,32096,32102
355981,32135,32143
12280,32348,32356
122070,32494,32500
206373,32625,32635
12283,32682,32686
12285,32710,32720
12282,32769,32777
531941,32811,32817
539958,32850,32858
539894,32885,32895
531941,32916,32926
685642,32979,32985
87667,33009,33015
290624,33108,33116
149471,33171,33177
343168,33213,33223
148113,33266,33274
12340,33302,33306
12868,33333,33341
340537,33363,33371
339116,33409,33415
253902,33439,33447
12830,33473,33479
341283,33512,33516
369515,33728,33734
122844,33767,33773
369375,33795,33805
340549,33829,33835
339099,33862,33870
54379,33908,33918
332634,33938,33948
150202,33971,33977
344540,34003,34009
537169,34035,34039
1273,34066,34074
1278,34274,34282
339244,34306,34312
339253,34347,34357
255336,34393,34397
255329,34420,34430
54024,34454,34460
12721,34489,34495
54032,34531,34535
17155,34559,34567
17109,34598,34604
355457,34631,34641
17468,34662,34672
7203,34693,34703
115905,34728,34738
148858,34788,34796
355482,34831,34839
21019,34864,34872
531905,34907,34915
7217,34944,34950
265,35001,35009
80389,35034,35044
532293,35067,35071
538998,35096,35106
605768,35154,35160
862496,35286,35290
581583,35315,35321
861898,35354,35360
538949,35384,35390
338204,35511,35517
80395,35558,35564
94,35607,35613
21018,35642,35652
122323,35692,35702
416608,35738,35746
354817,35768,35776
54247,35800,35806
54753,40535,40539
147675,40566,40574
410358,40600,40608
461732,40826,40836
115968,40865,40869
120837,40895,40901
164302,40937,40945
164304,40972,40976
343759,41007,41017
490326,41051,41055
147683,41086,41092
343051,41123,41131
147723,41155,41159
346181,41186,41192
345336,41221,41231
53970,41257,41263
110072,41287,41295
54540,41319,41325
55004,41367,41375
345437,41412,41416
86758,41450,41456
147460,41482,41488
348368,41518,41528
181580,41551,41557
181584,41588,41596
144339,41657,41663
203506,41685,41695
115554,41748,41754
348382,41781,41787
261333,41810,41820
150451,41844,41854
150309,41882,41888
17025,41911,41919
348760,41943,41947
17009,41980,41988
122778,42368,42374
16933,42489,42499
537524,42522,42530
16943,42553,42561
402965,42589,42597
17898,42642,42648
354843,42672,42682
548337,42713,42719
147421,42745,42751
20375,42797,42807
345432,42831,42841
345420,42885,42891
14354,42920,42930
394214,42954,42962
308405,42990,42998
55005,43029,43033
1314,43056,43066
308445,43087,43097
812817,43119,43125
625813,43724,43728
55018,43761,43769
570693,43795,43803
402938,43968,43974
308414,43999,44003
575856,44027,44035
402959,44093,44099
353644,44123,44129
264684,44157,44161
2283,44185,44195
54420,44216,44226
1312,44248,44256
17148,44281,44285
17152,44312,44318
198039,44347,44357
355473,44392,44396
355478,44421,44427
355479,44449,44459
907297,44480,44488
21020,44511,44517
7210,44545,44549
20994,44575,44579
94,44604,44610
271,44643,44647
355,44723,44731
374,44788,44796
20863,44874,44878
683577,44909,44913
148880,45007,45013
148883,45041,45045
1112,45116,45124
342648,45152,45160
342654,45216,45224
710171,45297,45301
342654,45330,45334
697200,45384,45388
20849,45412,45420
122202,45441,45451
697199,45474,45478
697200,45504,45510
710166,45547,45553
342654,45595,45601
995221,45626,45634
20871,45694,45700
683577,45752,45760
1112,45793,45803
1116,45834,45842
148880,45864,45872
331686,45899,45903
344123,45932,45938
342286,45986,45992
290517,46149,46155
860995,46180,46188
413771,46214,46220
692907,46245,46249
413776,46310,46318
813544,46360,46368
702555,46390,46400
353034,46427,46433
1085,46460,46464
1062,46593,46599
812008,46623,46633
254104,46656,46662
301375,46688,46692
86701,46717,46723
82617,46964,46974
23165,47013,47021
650440,47045,47051
342652,47075,47081
2043,47107,47113
289238,47138,47144
351466,47173,47179
684616,47205,47211
544123,47238,47244
87162,47274,47284
6436,47309,47315
350126,47342,47348
6994,47411,47421
147086,47446,47452
350172,47482,47490
57854,47518,47524
353027,47605,47611
55718,47635,47645
152616,47691,47697
142746,47886,47892
86627,48013,48023
396396,48051,48057
161484,48080,48090
161475,48131,48137
195333,48195,48203
342065,48225,48235
342077,48361,48365
225498,48497,48507
201908,48542,48548
195329,48578,48586
195333,48617,48621
195295,48680,48684
76607,48951,48957
20725,49171,49181
54827,49229,49239
20546,49275,49281
2843,49306,49314
336338,49336,49344
336343,49371,49379
4270,49422,49428
126209,49468,49476
335937,49499,49507
613331,49553,49559
495843,49581,49591
335562,49617,49625
335443,49649,49655
342091,49685,49691
342447,49736,49740
407657,49786,49792
296752,51037,51043
296756,51938,51946
296752,51970,51974
992115,60209,60217
407658,60261,60271
335520,60297,60305
336189,60328,60336
2882,60389,60395
336147,60446,60454
336220,60536,60544
81875,60943,60953
336221,61001,61007
116642,61036,61042
651645,61074,61082
146751,61129,61137
402443,61225,61233
402433,61260,61266
402424,61291,61297
149333,61322,61328
126239,61357,61367
336360,61389,61395
335488,61439,61445
148292,61475,61481
335501,61521,61531
335510,61560,61570
372488,61597,61605
13361,61630,61636
334447,61690,61694
53894,61752,61758
150367,61785,61793
534703,61838,61844
649792,61881,61891
649796,61915,61923
53895,61946,61952
334525,61993,62001
453981,64323,64331
334897,64360,64364
144573,64400,64406
160416,64433,64437
342640,64462,64470
334565,64538,64542
1027,64566,64576
751385,64606,64612
651103,64641,64647
335087,64675,64679
53998,64720,64724
571011,64778,64786
575781,64813,64821
147215,64929,64939
147153,64964,64970
19598,65024,65032
144823,65057,65065
19604,65088,65094
12447,65128,65132
54709,65160,65168
336573,65191,65197
15088,65254,65262
1690,65289,65295
54230,65322,65330
413848,65354,65362
464084,65388,65394
374071,65420,65428
336596,65467,65477
68750,65533,65539
547957,65568,65574
336604,65602,65608
74665,65639,65647
545492,65672,65678
545296,65898,65904
74651,65931,65939
337982,65964,65974
336970,65997,66005
335405,66031,66041
567840,66062,66072
181506,66125,66129
55183,66154,66164
124964,66198,66206
254914,66231,66235
336600,66262,66270
384493,66292,66302
655917,66330,66338
683927,66370,66376
336647,66403,66407
797567,66442,66450
146673,66482,66490
15079,66518,66526
146681,66576,66586
15060,66624,66634
19468,66675,66681
344169,66705,66713
54575,66734,66744
799060,66766,66772
144710,66798,66806
147132,66877,66885
147161,66931,66937
145370,66963,66967
571281,66994,67002
342641,67052,67062
334581,67147,67157
147199,67698,67706
151051,67753,67763
149887,68333,68341
685244,68368,68378
534652,68399,68407
53941,68431,68439
534652,68510,68514
534653,68588,68594
53938,68632,68640
53940,68703,68713
53993,68821,68831
316104,68855,68861
799058,68886,68894
12446,68916,68926
22934,68980,68984
54718,69035,69041
654228,69093,69101
285,69137,69145
167425,69167,69175
167252,69200,69208
486233,69245,69249
886877,69277,69281
148740,69319,69325
334246,69353,69359
148740,69386,69390
334249,69483,69493
181618,69523,69529
7188,69553,69561
536784,69583,69591
50510,69615,69621
15563,69653,69661
17451,69691,69699
6286,69730,69738
862584,69761,69769
15028,69809,69815
336588,69966,69972
336593,70010,70016
384492,70040,70046
336596,70120,70128
254915,70150,70158
68750,70204,70210
1728,70293,70301
547957,70334,70338
305178,70365,70369
1682,70397,70405
336924,70467,70477
336925,70501,70507
690663,70532,70538
289635,70589,70597
151377,70620,70628
685223,70652,70660
410354,70683,70689
824382,70715,70719
76381,70755,70761
824352,70785,70793
581809,70822,70828
337447,70859,70865
410357,70892,70898
305271,70945,70949
308178,70977,70987
55179,71010,71018
337049,71092,71098
337057,71141,71149
337049,71182,71190
654826,71212,71222
150900,71299,71307
2721,71359,71365
2711,71415,71419
484377,71447,71455
564369,71508,71516
484372,71546,71550
2424,71775,71783
300307,71817,71823
420171,71868,71872
420213,71928,71934
8477,72016,72020
420171,72113,72119
8477,72222,72232
336955,72292,72302
75995,72327,72335
68771,72386,72396
68779,72439,72443
120914,72492,72498
486157,72529,72537
309,72564,72570
6287,72597,72601
862585,72630,72638
15039,72662,72668
15045,72692,72700
654084,72729,72735
797567,72762,72766
146673,72923,72929
413841,72952,72960
146681,73011,73021
203782,73044,73050
147537,73077,73087
545809,73109,73115
545032,73700,73708
54735,73786,73792
334388,73815,73825
334389,73856,73862
146680,73904,73910
15060,73939,73945
19468,73977,73983
147366,74019,74029
336557,74082,74092
147368,74117,74125
151153,74148,74156
147351,74234,74240
991698,74264,74272
336634,74299,74303
336149,74328,74336
54228,74385,74389
151191,74445,74453
54061,74522,74532
225284,74597,74603
225274,74652,74656
225284,74698,74704
402444,74737,74745
54051,74771,74775
336059,74818,74824
2898,74849,74857
336058,74880,74886
2897,74945,74949
54226,74983,74987
336525,75012,75018
335674,75054,75060
148305,75087,75093
123784,75122,75128
144822,75163,75171
152067,75228,75236
15307,75274,75280
15304,75314,75324
55644,75349,75359
12565,75391,75395
54349,75420,75426
11720,75453,75459
11575,75495,75501
11666,75542,75548
341090,75578,75582
159835,75621,75631
54800,75653,75661
15917,75869,75873
159838,75910,75916
11572,75970,75976
11666,76041,76049
267987,76072,76080
55939,76116,76122
50509,76173,76177
832910,76208,76218
254150,76252,76256
267104,76311,76319
267020,76351,76361
152544,76383,76391
16831,76414,76420
146629,76787,76793
346546,76817,76825
4324,77012,77018
306067,77070,77078
542499,77113,77121
466532,77145,77151
533845,77543,77547
346551,77572,77582
407508,77609,77615
403252,77646,77652
310058,77674,77684
348663,77718,77722
386697,77748,77752
16919,77792,77796
150309,77827,77833
17009,77860,77866
17018,77927,77935
55609,77956,77966
198033,77992,77996
355462,78026,78032
17464,78064,78068
17498,78096,78100
347458,78142,78146
345260,78173,78179
20736,78205,78209
5588,78237,78247
13482,78274,78278
341762,78309,78315
341763,78342,78352
20717,78413,78423
337008,78447,78453
71801,78486,78492
337017,78514,78524
312572,78544,78554
340791,78574,78584
7549,78611,78617
541366,78643,78649
313104,78672,78680
338171,78711,78721
2415,78744,78754
338345,78807,78811
484337,78870,78874
311722,79019,79027
562205,79056,79060
4508,79152,79158
920977,79211,79219
484284,79247,79255
333293,79277,79285
683967,79308,79314
334275,79341,79347
2410,79409,79415
408932,79441,79445
334194,79470,79476
410384,79501,79509
410389,79544,79548
7602,79581,79591
287281,79652,79658
543471,79687,79693
4345,79750,79756
182333,80136,80142
4370,80193,80201
694568,80223,80231
690605,80255,80259
690574,80290,80296
54909,80367,80377
337024,80429,80437
337022,80462,80472
20700,80493,80501
345200,80546,80552
13475,80578,80584
13479,80610,80620
651847,80643,80649
54635,80680,80690
345290,80731,80739
20242,80774,80780
14263,80803,80811
17489,80837,80845
198035,80870,80874
198038,80899,80909
17110,80931,80937
533071,80963,80973
17104,81006,81014
254973,81058,81066
16842,81091,81097
534192,81141,81147
541966,81170,81178
542139,81205,81209
16824,81238,81246
530,81273,81279
254137,81302,81310
530977,81343,81351
342235,81378,81386
829338,81420,81424
531225,81449,81457
289762,81482,81490
206243,81513,81523
529966,81552,81558
11658,81724,81734
531298,81756,81764
15817,81788,81796
348040,81821,81829
459960,81856,81864
768973,81888,81896
533971,81925,81933
119534,81960,81968
55654,81992,81996
530702,82025,82035
11730,82072,82080
530670,82109,82117
54345,82142,82146
268605,82172,82178
289786,82225,82233
15309,82266,82274
335578,82298,82308
19598,82346,82352
19604,82380,82384
905675,82414,82420
684372,82454,82462
799060,82489,82495
53997,82528,82538
53941,82603,82609
148078,82671,82675
144742,82699,82707
451905,83338,83346
401187,83368,83378
54006,83400,83408
413581,83431,83439
53928,83463,83471
751464,83499,83503
534652,83540,83546
53991,83570,83578
273807,83607,83611
147161,83640,83644
