349285,344,348
346027,374,382
346339,415,423
543536,449,455
419657,486,494
346042,518,522
346347,548,552
684016,577,585
323005,612,616
271012,651,659
271021,685,693
369947,734,740
607466,762,772
342550,796,800
632416,855,863
757422,895,899
764116,922,932
750276,977,983
372209,1010,1020
535574,1046,1050
326198,1081,1091
150321,1115,1121
150328,1146,1156
82744,1214,1222
57416,1262,1268
5860,1293,1299
5870,1326,1330
146789,1359,1367
20354,1392,1400
354261,1423,1429
354266,1460,1468
57110,1503,1507
548222,1534,1542
146852,1571,1577
353353,1600,1610
56085,1634,1644
55590,1668,1672
543302,1699,1703
795398,1727,1737
85684,1779,1787
318078,1810,1820
55589,1850,1858
696971,1881,1887
352084,1914,1918
349622,1943,1949
65525,1973,1981
536719,2005,2009
85039,2034,2044
397439,2069,2075
194415,2098,2106
276937,2133,2137
326567,2192,2202
350968,2247,2253
350973,2280,2284
273435,2312,2316
56882,2346,2356
308286,2379,2389
684099,2413,2419
159820,2446,2454
202093,2477,2485
350875,2548,2552
308285,2580,2588
3017,2610,2618
544239,2641,2647
3017,2681,2691
683943,2712,2720
2977,2747,2757
308256,2826,2832
935462,2856,2862
633109,3058,3064
543808,3090,3100
683943,3161,3171
614080,3192,3200
338012,3224,3230
399475,3348,3356
151880,3379,3385
308307,3410,3416
543328,3440,3446
56885,3490,3498
428253,3523,3531
277242,3573,3579
544452,3601,3611
308259,3673,3677
151708,3701,3709
543808,6009,6019
544326,6041,6047
544160,6079,6083
544236,6107,6115
159819,6138,6144
308307,6179,6187
308286,6214,6218
750634,6245,6253
458540,6277,6281
22381,6308,6316
374202,6349,6355
56882,6426,6432
277046,6456,6464
11340,6485,6495
535435,6516,6526
326567,6548,6556
955,6580,6584
464201,6607,6617
531855,6641,6649
534814,6674,6678
538410,6707,6711
56492,6735,6743
536224,6764,6774
273157,6796,6802
161613,6827,6837
118519,6858,6866
353672,6889,6897
536765,6919,6929
1621,6950,6960
766285,6989,6995
146864,7020,7028
548355,7052,7056
539476,7079,7089
123841,7115,7123
14043,7146,7154
605972,7202,7212
547866,7236,7242
538918,7266,7272
577769,7295,7303
75301,7325,7333
607238,7354,7364
887850,7416,7424
109226,7466,7474
622130,7508,7516
167951,7543,7551
167955,7584,7594
109363,7700,7710
5156,7733,7737
1473,7793,7801
56590,7893,7899
338167,7947,7953
730,7977,7985
147715,8009,8019
147075,8039,8049
342150,8090,8100
819,8131,8137
342231,8168,8174
338754,8201,8211
338765,8235,8243
21271,8266,8276
237720,8300,8304
338709,8329,8335
343429,8365,8371
737533,8394,8402
576516,8431,8437
538419,8528,8536
308227,8559,8567
21293,8622,8628
339635,8654,8658
544974,8681,8691
57707,8712,8722
5598,8745,8751
5605,8774,8782
341762,8812,8820
20725,8847,8855
54827,8879,8889
20683,8912,8916
54855,8956,8962
546516,8986,8992
485800,9157,9163
54143,9191,9197
575070,9254,9258
339084,9282,9290
521157,9317,9323
308165,9396,9404
289501,9428,9432
645853,9460,9470
694656,9492,9498
340796,9548,9552
419597,9577,9583
110077,9609,9613
693846,9637,9645
693952,9669,9673
4473,9699,9707
693405,9731,9739
540644,9761,9769
333058,9795,9803
341259,9831,9841
81084,9864,9872
737533,9896,9902
54886,9930,9936
344,9971,9977
694446,10008,10012
346,10185,10195
694446,10270,10276
339635,10305,10311
544974,10335,10341
340222,10366,10370
288736,10396,10400
54407,10427,10433
13113,10457,10463
325784,10566,10572
544980,10975,10983
490883,11005,11013
178444,11035,11043
690774,11067,11073
13479,11096,11104
20737,11128,11134
345291,11161,11165
345292,11192,11198
20242,11225,11229
345340,11255,11261
110072,11283,11293
345426,11317,11323
20387,11347,11353
6100,11379,11385
57794,11427,11431
56496,11463,11467
20408,11502,11508
20414,11546,11550
20419,11594,11598
327095,11850,11858
543262,11884,11888
352346,11932,11940
151985,11961,11971
404363,12001,12011
326455,12032,12040
276936,12062,12070
464206,12100,12108
531855,12137,12145
397187,12169,12175
538410,12204,12208
5934,12235,12243
56488,12274,12278
349911,12306,12310
352680,12338,12344
543333,12379,12385
536752,12410,12418
769012,12442,12448
536714,12474,12484
343570,12528,12532
1621,12574,12580
1586,12605,12613
109817,12635,12643
353666,12665,12673
353672,12694,12704
14690,12733,12743
536765,12783,12791
1613,12821,12825
91849,12854,12858
766285,12890,12898
146864,12922,12930
540613,12953,12959
462591,12983,12991
764503,13014,13020
696883,13045,13051
812505,13080,13088
200822,13167,13175
122300,13205,13211
352231,13250,13256
20976,13280,13288
561028,13311,13319
436018,13346,13350
308444,13375,13383
245863,13410,13418
4534,13452,13456
567967,13480,13488
419478,13512,13518
353204,13555,13561
215271,13591,13595
865,13628,13636
622657,13658,13668
21123,13690,13696
614438,13720,13726
352796,13749,13757
880,13780,13788
690260,13823,13827
1489,13851,13859
57867,13884,13892
651627,13915,13921
348938,13945,13955
147633,13988,13994
348543,14064,14072
575592,14094,14102
56735,14185,14191
348967,14215,14221
21965,14245,14255
831,14278,14286
23434,14311,14317
345682,14345,14349
116450,14392,14398
345603,14425,14433
17831,14502,14512
277675,14533,14541
540715,14564,14572
347241,14594,14604
15886,14625,14633
23141,14659,14667
1384,14708,14714
995095,14738,14744
346486,14776,14780
301375,14808,14812
690801,14839,14849
5428,14872,14880
690763,14907,14911
22245,14940,14950
402529,14975,14985
57848,15013,15021
541046,15047,15055
302114,15311,15321
1120,15374,15382
147090,15409,15419
350777,15568,15574
350172,15602,15606
57204,15632,15638
55721,15663,15669
86633,15768,15774
86672,15799,15807
86661,15856,15862
86649,15887,15891
86661,15946,15952
86643,15978,15984
167259,16471,16481
87675,16503,16509
543860,16537,16543
145477,16573,16579
886946,16615,16621
144438,16680,16688
375445,16711,16717
167255,16740,16748
54245,16770,16778
15563,16802,16806
17452,16832,16836
862584,16866,16872
15028,16898,16902
336577,16931,16935
15077,16959,16969
447216,16997,17001
334388,17027,17031
146680,17078,17084
15060,17118,17124
117587,17151,17161
151153,17191,17199
68719,17222,17228
336020,17252,17260
336019,17345,17355
144988,17375,17385
144987,17413,17419
336105,17443,17449
147366,17472,17482
639557,17503,17513
336656,17535,17541
695665,17766,17772
318880,17795,17803
53810,17827,17835
22895,17862,17868
148730,17894,17898
536133,17933,17939
285,17983,17993
7191,18017,18025
148714,18051,18059
334147,18089,18097
145477,18129,18139
144438,18166,18176
375445,18282,18290
543694,18313,18319
54245,18341,18351
15029,18374,18382
17453,18407,18411
862584,18438,18444
15028,18473,18481
1691,18534,18538
543159,18565,18573
289506,18594,18604
379095,18735,18743
545032,19127,19133
54737,19190,19198
545032,19219,19229
54737,19341,19345
144743,19972,19978
53938,20001,20011
53993,20039,20045
19628,20073,20079
15072,20105,20111
147537,20153,20161
1694,20184,20192
336588,20214,20222
336596,20269,20273
68750,20309,20315
68785,20341,20347
690218,20371,20377
305227,20413,20419
295811,20453,20461
548415,20488,20492
308177,20526,20532
336943,20555,20563
336990,20588,20594
2711,20627,20633
148620,20657,20665
421467,20690,20696
338915,20720,20728
338916,20753,20761
21345,20786,20792
338138,20817,20821
338123,20848,20854
2391,20879,20885
276905,20910,20918
408929,20944,20950
20831,20975,20979
7688,21008,21014
539116,21041,21045
337024,21071,21079
345073,21102,21112
20722,21134,21140
181207,21200,21210
901070,21234,21238
53908,21264,21272
290680,21352,21360
341107,21390,21398
341316,21442,21452
402982,21474,21484
339727,21509,21513
540189,21540,21546
339566,21578,21584
402080,21628,21634
654925,22463,22471
149298,22496,22500
1867,22523,22533
340702,22556,22560
341179,22596,22602
341180,27460,27466
402082,27515,27519
340684,27553,27559
15403,27601,27609
536473,27633,27641
265914,27664,27670
412387,27916,27920
149858,27944,27952
339556,27977,27983
339550,28013,28021
255534,28089,28093
339563,28121,28127
339571,28152,28160
13271,28183,28189
339580,28218,28226
246111,28253,28259
372416,28283,28289
695875,28313,28323
122435,28350,28356
16804,28382,28388
16750,28412,28420
16824,28445,28451
16830,28479,28489
652156,28516,28520
126,28549,28553
330139,28579,28587
55671,28635,28641
17260,28666,28674
17318,28703,28707
17308,28742,28748
17317,28791,28795
351028,28821,28827
351006,28858,28866
551475,28895,28903
17398,28927,28937
556678,28967,28973
3778,29026,29034
351657,29064,29070
585326,29094,29102
654728,29126,29132
684952,29158,29162
581304,29197,29205
750926,29228,29234
849652,29258,29264
70045,29367,29373
151569,29396,29406
152130,29447,29455
481493,29482,29490
3628,29515,29521
3633,29557,29563
115997,29589,29595
3655,29626,29632
349059,29659,29667
350011,29719,29725
57325,29775,29779
581588,29808,29814
332174,29862,29872
202259,29913,29919
331021,29944,29950
404301,30053,30061
404323,30117,30123
684981,30160,30166
150288,30196,30206
3862,30230,30236
400667,30261,30271
330246,30309,30315
150420,30337,30347
83411,30388,30394
151594,30431,30437
151600,30686,30694
621807,30758,30766
352006,30792,30802
351547,30825,30833
330705,30858,30866
3914,30896,30900
351502,30929,30939
3905,30982,30988
330812,31012,31022
84548,31075,31079
350075,31112,31120
350694,31176,31180
534352,31209,31219
273728,31248,31254
273741,31307,31313
273262,31358,31366
17432,31420,31430
191295,31493,31499
350993,31540,31546
351003,31587,31595
120848,31634,31640
120846,31672,31680
17300,31711,31721
17223,31750,31754
17265,31802,31810
55675,31831,31841
74346,31870,31876
74345,31931,31939
330135,31971,31981
92,32025,32033
267020,32056,32064
152544,32086,32094
16831,32120,32130
16777,32160,32166
16788,32190,32196
341442,32223,32233
341443,32263,32271
254974,32327,32335
148859,32390,32398
341450,32423,32429
355457,32455,32461
115905,32488,32494
355488,32517,32527
21020,32553,32561
7210,32591,32597
265,32648,32654
18574,32678,32688
397,32722,32728
355,32783,32791
374,33593,33599
351515,33639,33645
148899,33689,33693
148872,33768,33776
342664,33854,33862
6889,33887,33893
6893,33920,33928
5547,33949,33959
55155,33987,33991
10234,34091,34101
339467,34123,34129
648748,34153,34163
709,34216,34222
348513,34251,34259
147075,34285,34293
542572,34333,34339
342150,34373,34381
887048,34404,34412
322900,34435,34441
254492,34470,34478
22788,34544,34548
22786,34594,34602
22792,34670,34680
22766,34703,34711
11082,34751,34759
122844,34791,34795
340552,34819,34829
55265,34852,34858
572,34909,34913
54382,34938,34946
13235,34972,34978
343238,35012,35020
391831,35057,35065
436046,38908,38918
339796,38956,38964
339797,39007,39011
535300,39044,39050
13203,39078,39082
620242,39159,39163
9206,39194,39200
339566,39232,39236
459,39261,39267
13268,39338,39344
13261,39397,39405
339412,39432,39436
1888,39461,39467
531032,39658,39662
530962,39686,39694
530971,39719,39729
421512,39753,39761
342161,40163,40171
342238,40195,40199
152789,40227,40231
341437,40264,40270
16772,40314,40322
341442,40359,40367
254974,40393,40399
148861,40428,40436
17101,40458,40466
355457,40495,40503
17469,40528,40534
115929,40560,40564
345336,40606,40610
53970,40639,40647
345416,40688,40696
55004,40739,40747
345437,40771,40777
20367,40813,40823
56521,40853,40859
345468,40882,40890
113106,40914,40918
56501,40949,40959
20410,40982,40992
737886,41019,41023
57766,41061,41067
159276,41092,41098
346730,41129,41133
20458,41167,41175
346741,41209,41217
270876,41240,41248
20305,41369,41377
267858,41405,41411
262848,41441,41449
57137,41486,41492
431215,41514,41524
992914,41566,41576
763104,41640,41646
635133,41672,41680
95806,41782,41790
9821,41811,41821
354268,41844,41850
149849,41874,41882
57110,41912,41918
350064,41954,41958
146839,41985,41991
19735,42016,42024
19745,42048,42054
345035,42079,42085
148020,42114,42118
19811,42142,42150
345101,42176,42184
345116,42206,42214
345130,42238,42244
345143,42277,42285
531888,42307,42315
350848,42361,42365
350842,42394,42402
3260,42425,42433
3259,42463,42471
105,42512,42522
181596,42544,42550
54556,42582,42588
86627,42614,42618
396396,42643,42651
161484,42676,42682
342104,42710,42716
198821,42740,42750
198827,42871,42875
341925,42903,42909
80750,42942,42948
303369,42973,42979
21968,43015,43025
55096,43047,43055
534477,43090,43096
348957,43119,43129
556973,43162,43166
434853,43198,43204
661,43238,43242
56738,43327,43331
819,43375,43379
54157,43404,43410
22792,43497,43505
7367,43528,43534
338782,43563,43569
694180,43591,43601
694179,43622,43630
577548,43655,43659
7415,43687,43695
537389,43717,43725
57736,43747,43755
150203,43793,43799
22762,43844,43854
22763,43900,43904
22766,44168,44176
11082,44219,44223
23070,44248,44254
341316,44288,44294
55622,44318,44324
55621,44349,44357
339727,44388,44392
56543,44416,44424
540189,44447,44453
149306,44533,44539
13206,44563,44573
149298,44596,44600
536433,44627,44631
55906,44663,44673
491993,48974,48978
537901,49028,49038
13269,49065,49071
339578,49103,49109
339576,49148,49156
246111,49200,49210
372415,49237,49245
1962,49270,49274
16788,49300,49306
341443,49347,49353
254974,49377,49385
148859,49409,49413
541486,49444,49452
17103,49491,49501
355473,49533,49541
7203,49567,49573
148858,49599,49607
907297,49637,49647
4537,49671,49681
4556,49723,49729
148264,49779,49787
351156,49817,49823
351270,49851,49857
351275,49888,49894
419470,49921,49931
164396,49952,49960
164395,50056,50066
539317,50280,50284
551532,50309,50317
80004,50425,50433
80009,50584,50588
270685,50697,50701
428785,50725,50733
192933,50757,50763
541209,50800,50810
539479,50853,50859
654016,50887,50893
201117,50921,50931
147746,50958,50962
4687,50995,51001
203250,51027,51035
199483,51059,51067
297409,51109,51119
6100,51143,51151
57794,51180,51188
56501,51220,51228
768687,51261,51269
546075,51293,51301
564373,51323,51331
344279,51383,51389
110434,51421,51427
536753,51466,51474
353672,51502,51508
14690,51537,51543
607527,51630,51636
353660,51729,51739
353658,51763,51767
343570,51797,51805
1644,51855,51863
354337,51887,51891
354373,51919,51927
184075,51951,51955
200273,51978,51988
354422,52026,52032
354437,52063,52069
3624,52094,52100
198665,52129,52137
354465,52160,52166
115544,52194,52198
203511,52324,52330
606061,52352,52362
115528,52446,52454
95483,52486,52490
16901,52521,52529
203511,52552,52560
115544,52610,52620
181374,52678,52682
402965,52708,52716
1450,52749,52755
1530,52782,52790
2271,52845,52851
149317,52946,52950
347205,52993,53001
537810,53063,53069
347386,53101,53107
348404,53146,53152
347016,53174,53184
2210,53208,53216
56617,53239,53245
453339,53268,53276
354894,53396,53406
347679,53427,53435
354886,53458,53466
2214,53520,53528
354928,53553,53561
431242,53592,53596
402,53640,53644
147051,53669,53677
148939,53729,53733
537524,53758,53766
402961,53953,53961
1450,53994,54002
1526,54025,54033
1530,54057,54061
287003,54123,54131
149317,54156,54162
348673,54218,54222
348664,54251,54259
4317,54340,54344
16587,54369,54375
2298,54454,54462
347913,54486,54496
542918,54517,54525
161836,54550,54558
161820,54813,54823
355308,54959,54967
54376,54990,54996
347928,55031,55035
54967,55070,55078
2786,55112,55122
542049,55155,55165
534192,55229,55235
1955,55262,55268
16750,55293,55297
349121,55324,55330
4631,55360,55366
348844,55398,55406
150836,55430,55440
535826,55463,55467
117719,55493,55499
1895,55533,55543
372648,55568,55576
149804,55598,55606
150916,55633,55639
340811,55676,55686
340819,55711,55717
341188,55741,55749
54309,55779,55787
55800,57920,57926
15810,57956,57964
254349,57989,57997
402025,58021,58027
54333,58060,58068
54334,58092,58098
530667,58121,58129
54345,58176,58180
268605,58207,58213
289786,58260,58264
50503,58294,58298
335585,58350,58356
19598,58384,58390
19604,58415,58421
12446,58459,58463
22934,58501,58509
54718,58537,58545
654228,58579,58585
54244,58610,58614
7191,58641,58649
145420,58673,58679
751103,58703,58709
145445,58766,58774
686144,58796,58806
144504,58829,58837
486289,58859,58869
486162,58891,58899
54245,58922,58928
120912,58971,58979
120917,59015,59019
68765,59061,59069
68770,59113,59119
4410,59173,59181
55168,59223,59233
121058,59256,59262
593800,59288,59294
181609,59341,59345
4500,59368,59378
55139,59418,59424
17728,59449,59455
341917,59479,59487
198847,59605,59611
698528,59747,59757
345292,59785,59789
115905,59822,59830
355482,59859,59867
21019,59894,59902
4556,59928,59938
122312,59960,59966
305498,59997,60003
351275,60036,60042
539315,60066,60076
303763,60100,60108
573532,60155,60159
815321,60213,60221
723131,60286,60294
1001470,60315,60325
351053,60352,60360
351054,60413,60421
394257,60457,60461
419471,60561,60569
203243,60659,60667
270686,60863,60867
270692,61028,61036
122320,61058,61066
7164,61106,61110
355485,61136,61142
148898,61167,61177
305497,61201,61207
17112,61235,61239
17104,61276,61284
254973,61327,61335
16842,61398,61406
534192,61431,61439
122435,61466,61470
150756,61497,61501
535901,61525,61533
290512,61558,61564
13272,61597,61605
15828,61630,61640
491982,61697,61705
149307,61731,61741
55896,61766,61772
55906,61803,61813
149307,62024,62034
149775,62056,62066
340707,62089,62095
55502,71819,71827
282888,71848,71858
535220,71879,71887
4591,71914,71922
372705,71948,71954
290700,71982,71990
290701,72032,72040
55511,72082,72090
617,72121,72131
510,72174,72180
512,72217,72223
206253,72517,72523
421512,72549,72553
342236,72613,72619
342238,72651,72659
6337,72727,72733
191336,72760,72764
131,72798,72804
55671,72860,72864
17260,72902,72910
348241,72936,72944
17307,72977,72983
17317,73048,73056
351024,73078,73088
351007,73122,73130
351004,73158,73162
4018,73191,73195
349845,73220,73228
349858,73283,73291
349865,73320,73326
653971,73350,73360
4643,73383,73391
57081,73418,73426
150,73450,73458
180,73496,73504
85594,73574,73582
84180,73606,73612
276396,73636,73644
338034,73690,73700
542608,73721,73729
339887,73750,73760
655731,73781,73791
3057,73817,73823
568277,73856,73866
338064,73953,73961
329872,73984,73994
576534,74020,74024
403029,74053,74061
3097,74088,74098
266968,74122,74130
536743,74154,74160
535553,74191,74199
3379,74244,74252
685001,74278,74284
153570,74312,74318
535492,74342,74348
481402,74374,74380
372226,74406,74414
372199,74443,74451
402360,74475,74483
324713,74512,74516
342548,74563,74567
151756,74614,74622
542581,74652,74658
57399,74715,74721
323009,74757,74763
654472,74798,74802
654473,74864,74870
118004,75012,75020
349297,75050,75058
372253,75080,75090
38040,75116,75122
581153,75149,75155
346339,75187,75191
346037,75221,75227
56954,75253,75259
537175,75293,75301
84856,75324,75330
84845,75359,75367
56502,75399,75405
159283,75432,75436
57752,75500,75506
855618,75532,75536
684494,75561,75571
1548,75594,75602
1576,75625,75631
354422,75665,75673
354437,75696,75704
684334,75725,75735
2220,75756,75764
347386,75798,75802
402,75830,75836
16985,75859,75867
347200,75918,75922
152400,75951,75955
348664,75987,75997
16586,76024,76028
56657,76054,76060
616641,76223,76231
619995,76261,76267
772550,76300,76306
347923,76359,76367
54968,76419,76425
355318,76467,76473
346315,76554,76558
346311,76585,76589
346310,76613,76623
346314,76666,76672
54929,76697,76703
54934,76739,76749
54981,76793,76799
305117,76835,76841
2324,76882,76892
1847,76914,76922
355589,76951,76955
255955,76988,76994
313129,77054,77060
402686,77133,77143
305112,77167,77175
151272,77204,77210
54965,77273,77279
347934,77310,77314
2750,77347,77351
148861,77393,77403
17103,77436,77446
355473,77468,77476
115905,77503,77513
122331,77537,77541
21020,77567,77573
4556,77626,77632
148264,77662,77672
122320,77702,77710
7159,77747,77755
7164,77783,77789
816387,77818,77824
289495,77852,77862
816420,78219,78225
289498,78249,78257
21052,78283,78291
86808,78399,78409
351154,78431,78437
7164,78480,78488
355483,78514,78520
14268,78555,78561
122351,78592,78596
17495,78622,78628
652160,78652,78658
347457,78686,78690
116029,78718,78728
20745,78750,78756
651832,78779,78787
13457,78813,78819
13460,78853,78861
684405,78896,78904
381271,78932,78938
13466,79209,79217
626901,79252,79260
590284,79289,79293
13457,79341,79345
13458,79377,79383
4457,79408,79414
684402,79438,79444
626901,79471,79477
146829,79507,79515
489944,79543,79549
5598,79632,79640
323525,79666,79670
323524,79719,79725
54398,79747,79757
339650,79783,79789
313979,79818,79824
1483,79877,79885
539416,79906,79916
693947,79936,79946
693953,79966,79976
693957,79999,80005
341196,80037,80043
612796,80069,80075
693933,80099,80107
348864,80130,80136
308231,80161,80171
402626,80195,80199
141505,80229,80237
54889,80268,80272
141484,80297,80303
1269,80333,80339
690776,80373,80381
57708,80405,80413
289306,80436,80444
288736,80479,80487
150172,80512,80520
340228,80545,80553
340532,80584,80588
1265,80630,80640
12340,80667,80677
12868,80705,80713
533910,80753,80759
253956,80852,80856
340538,80885,80889
253903,80916,80924
410568,80951,80957
535840,80987,80991
690768,81023,81029
12873,81053,81061
693449,81084,81092
696757,81179,81187
693450,81208,81218
533488,81246,81252
54396,81293,81303
325804,81329,81333
690768,81368,81378
608,81448,81452
343571,81482,81488
343573,81519,81527
343578,81550,81556
539521,81589,81595
343601,81617,81627
346021,81648,81658
345297,81697,81701
115905,81741,81747
21019,81771,81781
7210,81806,81814
265,81866,81874
355,81922,81932
374,81989,81997
20888,82028,82034
7107,82094,82102
206321,82124,82132
401496,82154,82162
55437,82185,82195
80654,82220,82224
56758,82254,82262
56779,82324,82330
290934,82377,82385
655149,82409,82413
146638,82437,82447
56771,82470,82478
151961,82660,82668
342157,82691,82697
342121,82731,82741
144676,82762,82770
394137,82800,82806
151875,82896,82906
421404,82949,82957
556697,82988,82996
55745,83078,83084
354545,83119,83123
55444,83158,83168
290751,83190,83196
316851,83229,83235
195219,83262,83268
350250,83290,83300
15778,83332,83338
350786,83365,83373
6917,83402,83406
262,83467,83475
80350,83497,83505
383847,83527,83535
289209,83559,83569
21018,83595,83601
351156,83623,83633
351275,83656,83662
122299,83686,83692
344733,83716,83724
200827,83748,83752
200832,83812,83822
7154,83845,83851
199540,83875,83883
200826,83934,83938
1001472,84000,84006
419471,84033,84037
56600,84063,84071
354620,84117,84125
86778,84148,84158
698524,84212,84220
146623,84262,84270
351154,84297,84305
7164,84339,84347
355484,84370,84378
14268,84407,84413
305497,84442,84446
55613,84473,84479
2731,84506,84512
16838,84547,84551
542049,84576,84586
534192,84629,84633
1947,84659,84665
4631,84690,84698
150783,84727,84735
339335,84760,84766
1894,84805,84813
306359,84840,84848
743874,84957,84967
15844,84989,84997
56473,85053,85059
341140,85088,85094
282889,85119,85123
13190,85147,85155
623593,85176,85186
376553,85209,85215
376538,85253,85261
55906,85286,85290
289248,85316,85320
282883,85344,85352
491981,85374,85382
306964,85408,85412
654925,85438,85446
55238,85473,85479
307884,85504,85510
339726,85536,85540
290922,85572,85580
12779,85603,85611
13422,85645,85655
122046,85686,85690
122047,85716,85722
531421,85747,85753
11945,85776,85784
256629,85806,85814
289786,85881,85889
335586,85921,85927
19542,85952,85956
144823,85986,85992
12447,86024,86032
15072,86064,86068
22935,86094,86098
536133,86125,86135
285,86171,86181
7191,86208,86214
148714,86240,86244
120667,86278,86282
543861,86308,86314
886943,86342,86348
886946,86373,86379
