410459,11,19
13202,45,51
492569,235,241
535654,273,279
55622,306,310
56546,334,344
342250,367,373
343242,399,407
410448,430,436
86050,462,466
55263,493,499
339114,527,535
12881,567,575
533474,598,606
1272,630,640
685402,663,671
538389,694,700
323531,725,733
766773,758,762
255746,885,893
255749,953,959
751939,1031,1039
766773,1151,1159
766776,1212,1216
323715,1272,1276
255746,1313,1317
149518,1343,1353
54403,1394,1400
339655,1425,1433
56154,1458,1468
544493,1497,1503
323931,1529,1533
690568,1562,1570
690569,1596,1600
310272,1625,1633
308165,1655,1663
1687,1688,1694
685695,1719,1725
530497,1749,1757
338545,1782,1790
336985,1814,1820
338490,1844,1854
543968,1881,1887
486210,2021,2027
544568,2050,2058
410338,2082,2090
336961,2119,2127
690074,2154,2162
335405,2194,2202
181495,2225,2235
68756,2259,2269
181288,2293,2299
304376,3330,3336
144544,3366,3370
181260,3400,3408
181249,3480,3488
78997,3937,3945
274442,3975,3981
337938,4003,4013
181269,4037,4045
419576,4082,4090
68754,4128,4132
547957,4161,4167
68785,4201,4211
1680,4236,4242
305226,4278,4286
690663,4311,4319
488306,4347,4357
336941,4378,4386
654826,4410,4416
53960,4482,4486
690617,4512,4522
401,4545,4553
54883,4590,4600
340796,4624,4628
312572,4654,4660
54107,4685,4689
7703,4804,4810
419602,4858,4866
539491,4888,4898
548050,4920,4928
1269,4953,4959
323545,4984,4990
13488,5015,5023
13497,5055,5061
323544,5085,5091
684310,5117,5121
588515,5146,5152
693671,5177,5181
110077,5214,5220
539491,5245,5251
1485,5274,5282
339293,5307,5313
54889,5338,5342
340220,5370,5380
57707,5407,5411
13488,5439,5445
13496,5472,5478
538373,5528,5538
323515,5585,5593
766773,5616,5624
255746,5679,5683
564133,5769,5775
323524,5803,5813
54766,5836,5846
693671,5868,5874
544493,5902,5908
54912,5933,5937
348167,5962,5968
348168,5993,6001
421473,6102,6106
348168,6161,6167
348165,6190,6198
71733,6221,6227
337022,6253,6259
489478,6323,6329
419598,6352,6360
1483,6384,6392
313948,6418,6426
340218,6448,6456
21293,6483,6491
606808,6514,6520
548016,6579,6585
21234,6615,6623
55077,6645,6655
537327,6676,6686
148342,6720,6724
53950,6750,6756
166827,6785,6791
854,6819,6825
57867,6852,6858
348938,6887,6891
147633,6918,6922
331724,6947,6955
383129,6980,6984
343971,7034,7042
22331,7069,7073
109751,7130,7138
344097,7164,7168
109759,7197,7205
597301,7228,7234
1106,7259,7267
5413,7303,7309
23163,7353,7357
5533,7389,7395
23165,7424,7428
351645,7454,7460
669,7489,7493
720,7601,7607
23454,7633,7641
56444,7662,7672
152792,7700,7706
67709,7732,7738
540711,7767,7773
143206,7837,7845
540626,7871,7877
15883,7907,7917
5463,8005,8011
19050,8034,8042
346421,8065,8071
690800,8105,8115
346486,8143,8149
812579,8346,8352
147736,8541,8547
57694,8572,8578
353417,8601,8609
1082,8638,8644
147720,8731,8737
5533,8847,8853
23164,8904,8910
148884,8935,8939
15871,8964,8970
402542,9001,9011
80350,9036,9044
147225,9067,9075
15668,9096,9106
1468,9188,9196
146664,9225,9233
338197,9265,9271
2101,9295,9301
556932,9376,9380
307073,9520,9528
556932,9585,9595
307073,9794,9802
2101,9824,9832
908,9857,9867
338196,9889,9899
353903,9927,9935
15667,9964,9972
56590,10242,10248
338246,10413,10421
55285,10485,10493
54438,10526,10530
683604,10554,10562
75288,10601,10607
342652,10642,10646
350772,10675,10679
20889,10708,10712
20916,10739,10743
350801,10771,10775
350825,10807,10813
350841,10839,10843
350847,10872,10878
19659,10907,10913
56036,10942,10946
144592,10972,10978
345117,11001,11009
148024,11038,11046
148017,11071,11079
345016,11103,11109
355815,11133,11143
56177,11166,11172
56986,11197,11207
79307,11237,11241
537608,11266,11274
438693,11304,11308
75813,11337,11341
55787,11384,11392
322089,11414,11422
440142,11444,11452
419435,11481,11485
424463,11528,11538
403125,11568,11576
683947,11600,11608
54512,11641,11647
534559,11680,11684
431172,11711,11721
548141,11981,11989
449786,12016,12020
73433,12069,12077
537766,12101,12109
146971,12151,12157
355842,12179,12189
276002,12215,12221
56277,12245,12251
355673,12273,12283
535551,12304,12312
150507,12340,12348
150320,12377,12383
146801,12427,12437
345913,12460,12470
764116,12493,12499
764118,12527,12533
342568,12560,12566
481404,12591,12601
535476,12621,12631
57427,12660,12670
547051,12697,12703
3098,12731,12739
549776,12764,12770
568277,12800,12804
338064,12831,12837
544680,12878,12884
160677,12906,12916
329827,12941,12949
151690,12975,12981
537053,13006,13012
3096,13036,13046
402320,13071,13079
543623,13103,13109
543598,13131,13141
357495,13165,13171
150940,13195,13201
613100,13226,13230
150990,13262,13268
329164,13291,13301
338064,13326,13334
537087,13358,13366
351311,13402,13408
4700,13434,13440
863392,13466,13470
581043,13494,13502
267903,13583,13593
308248,13617,13623
543630,13648,13654
151452,13685,13689
202094,13714,13724
277544,13752,13760
352362,13783,13789
738724,13814,13818
534511,13860,13868
308252,13893,13897
56940,13936,13944
543987,13969,13975
335315,14068,14074
2970,14099,14103
110432,14153,14157
534513,14182,14188
402815,14216,14224
277552,14247,14257
338013,14280,14288
402823,14368,14372
544155,14408,14414
544328,14440,14450
338012,14483,14487
308285,14515,14521
308250,14546,14554
308287,14578,14588
770290,14610,14618
110432,14663,14667
473473,14693,14703
56942,14794,14804
110426,14830,14838
150370,14871,14881
290452,14903,14909
538676,14933,14941
57394,14964,14970
350953,14995,15005
276979,15051,15061
206301,15086,15092
397187,15117,15127
684057,15150,15156
56489,15210,15216
56488,15245,15255
350601,15275,15285
683886,15332,15340
350729,15372,15378
85244,15405,15411
346339,15444,15450
346031,15475,15479
323872,15503,15513
85295,15537,15543
346347,15567,15575
57401,15597,15605
323870,15630,15636
82765,15665,15671
151712,15700,15708
372153,15734,15740
372167,15778,15784
402358,15852,15856
481403,15880,15888
6478,15914,15918
656008,15948,15954
350352,15978,15986
535419,16008,16016
267903,16063,16067
1000,16103,16111
110432,16141,16151
151821,16175,16183
84591,16205,16213
536855,16248,16252
75853,16290,16298
202247,16334,16338
57084,16363,16369
349012,16396,16402
70253,16440,16446
70303,16491,16499
3778,16526,16532
152160,16555,16565
70470,16607,16613
56820,16636,16644
351556,16675,16685
151593,16726,16734
351532,16760,16766
351502,16791,16799
627546,16824,16828
3905,16976,16984
351445,17008,17014
750831,17038,17046
150415,17069,17077
330444,17103,17107
404287,17138,17144
460229,17176,17184
349280,17207,17213
287539,17237,17245
460755,17351,17357
460750,17382,17392
460755,17560,17568
460750,17593,17601
460755,17670,17678
537471,17728,17736
537472,17759,17765
535681,17789,17799
345414,17851,17857
90630,17957,17961
695672,17995,18003
267219,25294,25298
267177,25322,25330
267118,25366,25370
590904,25394,25402
651835,25425,25431
13120,25458,25466
11682,25492,25498
11666,25532,25538
267019,25582,25588
341080,25613,25617
12537,25643,25649
149558,25673,25681
341161,25703,25713
12761,25802,25806
1934,25830,25838
663551,25861,25867
532198,25889,25899
372527,25922,25926
161401,25980,25990
531150,26018,26024
345706,26047,26057
345707,26079,26085
372506,26384,26394
345733,26422,26428
372499,26453,26461
202124,26552,26560
290830,26614,26620
110521,26655,26661
110493,26684,26692
342241,26721,26729
152541,26758,26764
332585,26799,26803
16769,26831,26837
16780,26869,26873
341442,26899,26905
254974,26933,26939
148861,26963,26973
17103,27007,27013
355473,27041,27047
115902,27072,27076
355480,27099,27109
82481,27131,27137
164085,27161,27169
7217,27200,27206
265,27237,27247
397,27274,27280
534521,27326,27334
21364,27370,27374
338246,27402,27406
9814,27443,27449
147715,27521,27531
143186,27560,27570
23448,27593,27597
147687,27622,27628
344097,27660,27668
724,27715,27719
435992,27750,27756
410278,27779,27789
151509,27815,27823
152014,27846,27852
56638,27881,27889
532197,27911,27919
21976,27943,27951
55108,27987,27997
23323,28018,28026
54555,28050,28056
17712,28082,28090
17726,28133,28139
338162,28162,28170
341916,28193,28199
4377,28235,28243
920977,28386,28394
338129,28491,28499
605682,28521,28531
333293,28558,28568
333292,28597,28603
343044,28658,28666
694506,28687,28697
317378,28720,28724
581194,28750,28754
539082,28778,28786
694511,28809,28815
539311,28838,28848
7700,28963,28969
606,28992,29002
312572,29027,29031
606,29084,29092
337024,29140,29148
71830,29173,29177
184029,29205,29211
307052,29234,29242
308173,29265,29271
685697,29331,29339
337034,29370,29378
53959,29421,29425
591660,29502,29506
150900,29684,29694
305281,29836,29842
54123,29897,29903
287674,29932,29942
547477,29987,29995
287679,30035,30041
306032,30089,30095
655134,30119,30127
148647,30157,30165
74990,30191,30195
564368,30226,30232
2424,30313,30319
337995,30346,30352
337994,30509,30517
8066,30543,30551
548112,30577,30583
337991,30610,30614
225496,30686,30696
2426,30718,30724
2598,30747,30755
2656,30839,30845
121045,30879,30885
55168,30920,30930
121058,30983,30989
534221,31017,31023
685404,31078,31082
151405,31109,31113
4377,31138,31144
181609,31194,31200
181613,31305,31315
55128,31355,31361
55139,31408,31416
17727,31440,31444
17729,31476,31486
341920,31509,31513
146874,31542,31552
55107,31574,31582
95666,31615,31625
198823,31720,31724
95611,31749,31757
23150,31789,31795
198860,31832,31840
535875,31918,31926
545204,31956,31960
95612,31987,31993
95614,32018,32024
435312,32051,32057
143293,32164,32172
346982,32230,32236
23449,32263,32273
388156,32346,32352
715,32386,32390
143187,32464,32474
344097,32616,32624
724,32685,32693
152075,32770,32778
152014,32802,32806
267456,32831,32837
267448,32866,32874
410277,32897,32903
56731,32945,32953
147635,32977,32983
348830,33012,33020
575592,33042,33052
56735,33080,33084
348390,33109,33115
21976,33173,33179
532199,33228,33234
148145,33362,33368
57740,33400,33406
692,33448,33454
23144,33547,33553
1090,33616,33622
346421,33658,33666
1053,33690,33694
575284,33718,33726
5463,33748,33756
5493,33879,33883
200336,33997,34003
5463,34032,34040
146737,34065,34071
692309,34095,34101
254104,34176,34182
23156,34242,34250
540722,34274,34278
707413,34304,34308
23156,34332,34340
540722,34362,34370
693130,34535,34545
693139,34629,34635
548268,34988,34994
753989,35023,35033
351570,35106,35116
351526,35140,35146
6904,35195,35203
351493,35228,35234
206468,35260,35270
351426,35295,35305
2044,35374,35384
5744,35406,35412
705489,35437,35443
351341,35467,35475
311834,35526,35532
342304,35560,35566
342313,35600,35606
342323,35650,35660
118957,35696,35704
419552,35807,35815
419542,35841,35845
614912,35870,35878
635170,35900,35908
583151,35944,35954
651682,35974,35984
350918,36005,36013
350309,36125,36133
353828,36157,36167
540107,36191,36201
307076,36236,36242
307079,36270,36278
95383,36351,36359
252014,36382,36390
640678,36414,36420
689686,36447,36453
21469,36513,36523
109412,36550,36556
21472,36622,36628
6380,36684,36688
540279,36719,36725
622130,36756,36762
393158,36792,36798
538837,36824,36828
108931,36854,36862
252095,36885,36893
640676,36923,36933
307355,37004,37014
548387,37039,37045
393158,37069,37075
548347,37102,37108
109231,37140,37144
167960,37419,37425
431835,37458,37464
540279,37578,37582
17739,37608,37614
34,37648,37654
351839,37695,37701
350726,37727,37733
350717,37755,37765
349678,37797,37801
402562,37826,37836
349661,37859,37865
57818,37911,37917
402541,37943,37951
674,37978,37988
347427,38040,38050
15876,38075,38079
1100,38123,38131
15873,38163,38171
148871,38197,38201
1113,38232,38236
351387,38264,38272
57855,38299,38305
57858,38341,38349
277638,38371,38379
57848,38401,38411
1120,38457,38463
57204,38494,38504
1138,38526,38532
353024,38556,38564
353027,38590,38600
692558,38622,38630
696307,38655,38661
254104,38735,38745
345858,38767,38775
23141,38823,38831
463060,38855,38861
317255,38888,38892
22250,38953,38961
346090,39081,39085
158322,39222,39230
753990,39317,39321
5428,39346,39354
6904,39468,39476
149273,39498,39506
807951,39527,39537
80350,39565,39569
147227,39596,39600
147231,39628,39636
902,39659,39665
1465,39691,39697
908,39744,39748
146664,39775,39781
1473,39853,39859
707352,39957,39965
707345,40028,40038
706336,40060,40068
861898,40111,40117
351787,40587,40593
421447,40648,40654
109241,40679,40683
351907,40709,40715
6381,40763,40773
643219,40846,40856
21469,40885,40893
21472,40950,40960
109364,41013,41019
548387,41045,41051
167955,41073,41083
393158,41103,41113
18541,41407,41415
351909,41448,41456
6381,41495,41503
351927,41529,41539
351947,41561,41567
151860,41597,41605
539474,41642,41648
539475,41680,41686
539500,41714,41718
764503,41755,41763
654012,41790,41798
344702,41825,41833
166869,41861,41867
812503,41919,41929
14,41950,41958
352234,41984,41994
200822,42040,42046
344738,42070,42080
200832,42106,42112
352176,42138,42146
20394,42179,42183
345422,42209,42217
147095,42241,42251
14354,42280,42286
201498,42317,42327
353942,42359,42365
201527,42429,42435
372453,42473,42479
264245,42576,42582
479442,42612,42620
655437,42642,42650
479428,42716,42720
402923,42746,42756
402916,42795,42801
346410,42824,42832
264668,42990,42998
83616,43083,43091
346216,43116,43122
116276,43146,43154
194416,43176,43184
348735,43212,43218
305030,43256,43260
54934,43298,43308
16577,43332,43340
533350,43363,43371
305117,43408,43412
305130,43439,43443
540258,43471,43477
2301,43500,43508
402683,43533,43539
2966,43617,43621
300908,43646,43652
348415,43675,43683
16662,43708,43712
55494,43752,43760
313150,43790,43796
151287,43850,43858
534986,43882,43890
4620,43918,43926
16830,43972,43980
652156,44003,44011
439177,44036,44042
267119,44067,44071
267114,44096,44104
534309,44133,44141
651834,44169,44175
13120,44200,44206
11730,44266,44272
530670,44302,44308
256601,44334,44340
256641,44374,44382
289786,44407,44413
53894,44441,44449
651043,44479,44485
335505,44535,44545
994430,44569,44577
256790,44604,44614
695288,44636,44644
335531,44670,44676
55461,44744,44750
151148,44783,44791
628402,44814,44820
342446,44844,44850
538946,44875,44881
15286,44938,44942
335524,45014,45020
151161,45051,45059
149334,45117,45123
685370,45196,45206
2881,45245,45251
335412,45293,45303
68733,45327,45331
67640,45358,45364
335995,45389,45397
2917,45421,45427
147347,45457,45463
695666,45488,45492
690569,52778,52788
4339,52817,52821
690571,52846,52854
1687,52886,52896
308173,52924,52930
685695,52954,52962
53959,53039,53045
444205,53286,53292
338545,53322,53328
690653,53358,53366
305368,53395,53403
305372,53431,53437
55172,53461,53467
305206,53524,53530
899892,53593,53599
564578,53623,53631
147431,53658,53662
124914,53698,53704
335440,53741,53749
147257,53773,53777
53979,53803,53811
15217,53833,53843
335372,53883,53887
148211,53925,53935
590896,53960,53970
314554,54020,54026
54583,54054,54060
335389,54086,54090
55652,54139,54145
151148,54174,54184
581618,54206,54212
151148,54251,54259
628408,54280,54290
15284,54324,54330
15286,54372,54376
149365,54555,54563
407649,54586,54592
335524,54617,54627
538946,56011,56019
628408,56042,56052
151148,56079,56087
151146,56111,56121
55651,56148,56156
335378,56179,56187
336083,56210,56216
336119,56239,56247
611038,56272,56280
642246,56308,56312
695666,56407,56413
695664,56451,56459
695668,58329,58335
642811,58390,58394
314514,58418,58426
336119,58529,58535
2940,58563,58571
546699,58597,58601
281961,58634,58638
336414,58678,58682
314586,59080,59086
335437,59120,59124
335396,59150,59158
335394,59181,59191
335524,59213,59219
149365,59241,59251
538946,59276,59282
15286,59326,59330
407649,59381,59387
335524,59419,59425
151161,59455,59463
149334,59531,59535
126248,59568,59572
997585,59598,59606
439629,59632,59638
122099,59677,59687
23018,59710,59718
12866,59830,59834
544557,59859,59865
12944,59892,59898
12943,59931,59937
12737,59969,59979
150913,60004,60014
346278,60037,60041
56876,60070,60076
122800,60101,60107
424618,60151,60157
1554,60190,60196
2251,60227,60233
348406,60258,60264
152406,60308,60316
2214,60360,60370
2206,60396,60402
290869,60431,60437
76693,60462,60470
308802,60516,60522
535722,60931,60937
308802,60996,61002
308804,61181,61189
290847,61212,61218
56611,61241,61249
307557,61291,61297
348839,61331,61339
16588,61362,61368
1441,61393,61399
462771,61441,61451
55566,61476,61484
538577,61518,61522
534466,61586,61594
150829,61617,61623
4051,61815,61825
17263,61864,61872
348241,61897,61901
17307,61940,61948
17317,61991,61999
351024,62023,62027
351007,62052,62060
4028,62084,62090
551477,62115,62121
17398,62143,62153
70352,62175,62183
3778,62238,62244
70499,62276,62282
403353,62305,62315
152094,62345,62353
684953,62376,62386
581304,62427,62435
152130,62463,62471
481493,62519,62525
619533,62593,62597
619559,62623,62631
581682,62916,62922
3690,62952,62962
571159,62989,62997
151589,63031,63039
152198,63071,63079
349431,63101,63109
684639,63137,63143
349999,63175,63183
404300,63241,63249
404323,63393,63397
460230,63422,63428
287538,63451,63459
460755,63510,63518
460750,63650,63656
460755,63726,63732
460750,63769,63777
460755,63852,63856
460750,64000,64006
287529,64030,64036
487432,64067,64073
404289,64106,64112
150288,64138,64144
685622,64172,64182
345414,64222,64228
90630,64393,64399
151544,64423,64429
330868,64453,64461
90628,65967,65973
4121,66022,66028
750835,66052,66058
570803,66082,66088
330880,66258,66268
151523,66315,66321
152027,66354,66360
147655,66393,66401
402121,66428,66436
530314,66464,66470
317547,66539,66549
121507,66579,66587
121510,66667,66673
880677,66711,66717
308329,66744,66750
316996,66772,66782
308361,66834,66838
343319,66867,66875
404995,66903,66909
343193,66944,66954
152658,66999,67007
344445,67031,67039
344340,67060,67070
152690,67094,67102
320206,67191,67199
152694,67221,67231
344335,67270,67280
655267,67302,67310
350138,67332,67340
151535,67367,67373
85658,67420,67428
350513,67458,67466
352185,67505,67513
750832,67545,67551
330229,67574,67584
404212,67620,67624
741285,67648,67658
56881,67691,67701
404334,67786,67794
352960,67824,67830
202280,67870,67876
57298,67925,67931
349069,67958,67968
3673,67994,68004
332234,68057,68063
750264,68100,68108
84715,68133,68137
84710,68162,68168
350011,68210,68216
564597,68240,68248
564604,68272,68278
349360,68305,68313
152153,68338,68346
349972,68374,68378
684639,68463,68469
400273,68503,68513
349976,68566,68570
547086,68601,68609
70477,68632,68638
150546,68667,68677
352894,68699,68709
352724,68730,68740
369585,68796,68800
152168,68825,68831
582380,68899,68907
352721,68938,68948
70478,69039,69045
3758,69095,69101
327741,69134,69142
3792,69176,69186
690846,69236,69244
352752,69269,69277
547077,69300,69308
152162,69335,69341
351592,69389,69395
56820,69443,69451
351579,69475,69481
329028,69509,69515
620226,69651,69657
620162,69743,69747
619818,69831,69837
349976,69860,69868
70570,69893,69897
654526,69932,69936
150546,69982,69992
421507,70015,70021
352329,70061,70071
151586,70194,70200
352336,70248,70254
352335,70289,70293
197892,70328,70338
152198,70369,70373
352772,70410,70418
564709,70440,70450
488370,70500,70508
546825,70534,70540
586224,70683,70691
568020,70723,70727
572650,70755,70761
180595,70797,70803
350640,70827,70835
684639,70874,70878
349992,70903,70911
152621,70947,70955
151653,70984,70988
350028,71012,71020
150415,71046,71054
150349,71106,71116
352978,71152,71162
90625,71187,71191
536550,71217,71223
151545,71255,71261
147667,71286,71292
882938,71327,71337
655222,71358,71366
147667,71404,71412
350590,71441,71447
147650,71471,71479
572645,71518,71522
402122,71551,71555
4155,71611,71617
353056,71641,71647
353084,71670,71678
353083,71702,71706
572642,71763,71767
353089,71890,71896
151537,71949,71957
353099,71982,71986
152530,72034,72044
22420,72070,72078
349179,75786,75792
151436,75887,75893
536363,75935,75941
346240,76005,76011
152922,76054,76060
404212,76094,76098
597317,76613,76621
403333,76654,76662
56881,76714,76718
403340,76770,76776
152617,76813,76821
222140,76856,76860
152205,76892,76896
148955,76921,76929
3759,76956,76960
3792,76987,76991
352752,77050,77056
864292,77082,77088
766743,77202,77206
766754,77273,77281
864292,77387,77393
766743,77472,77476
766754,77734,77740
547076,77767,77771
352027,77797,77805
151586,77861,77867
534902,77890,77900
352383,77983,77987
152176,78029,78037
151604,78061,78069
562126,78099,78105
350502,78154,78162
330775,78190,78198
350080,78223,78231
350117,78302,78306
350128,78329,78339
530101,78362,78370
341997,78399,78409
119873,78459,78465
342002,78493,78501
308357,78525,78533
152703,78557,78563
344758,78614,78624
342003,78646,78656
345879,78677,78687
343319,78711,78715
317449,78760,78768
316996,78795,78799
57055,78829,78835
346361,78869,78873
57075,78907,78911
581633,78943,78949
353237,78976,78982
4064,79024,79030
50540,79054,79060
57065,79084,79090
4104,79133,79139
341879,79169,79179
90643,79199,79209
341890,79235,79245
17266,79269,79277
74345,79320,79326
55663,79351,79355
93,79385,79393
152544,79427,79433
16835,79460,79466
16777,79495,79503
341442,79527,79537
148859,79568,79574
17103,79618,79622
355473,79648,79654
115905,79677,79687
907297,79712,79718
164085,79740,79750
7217,79770,79780
265,79821,79827
538854,79853,79859
18517,79885,79895
338205,79971,79977
908,80016,80020
782452,80052,80056
782449,80086,80092
80320,80185,80193
146664,80216,80222
539001,80246,80252
539008,80367,80377
343700,80399,80405
343706,80428,80436
56868,80473,80481
118499,80510,80518
1638,80543,80549
343560,80575,80579
353662,80604,80612
353669,80637,80645
110436,80669,80677
350055,80700,80708
352634,80732,80736
352679,80762,80766
349913,80791,80797
5897,80842,80848
937,80878,80888
5881,80914,80920
84836,81005,81015
419661,81039,81049
397439,81071,81081
535429,81103,81109
464200,81153,81159
276951,81187,81195
337957,81231,81237
269053,81261,81267
277321,81469,81475
539334,81503,81507
57391,82134,82144
535435,82167,82177
11309,82198,82208
326462,82228,82238
544775,82259,82267
151844,82288,82298
543128,82321,82327
84683,82382,82388
1012,82415,82419
57815,82444,82452
84692,82484,82488
531889,82514,82522
57752,82571,82579
20418,82605,82613
81627,82643,82649
113110,82678,82686
345504,82733,82739
203516,82764,82772
56509,82794,82802
146868,82856,82862
591777,82887,82895
164061,82918,82924
109247,82949,82955
540095,82984,82988
542162,83018,83028
351961,83056,83062
542656,83089,83097
116829,83216,83224
404993,83247,83253
116829,83324,83330
5786,83353,83363
328043,83386,83392
57600,83428,83432
997483,83464,83470
309209,83522,83526
64,83550,83558
57820,83585,83589
532289,83631,83637
147227,83659,83669
18225,83692,83698
181473,83725,83729
355505,83760,83764
97,83791,83795
888327,83824,83832
56600,83860,83866
146621,83912,83918
353395,83951,83957
80021,83980,83990
354233,84034,84038
539421,84066,84072
86726,84229,84239
354245,84261,84267
146740,84293,84297
203236,84381,84387
80030,84414,84422
479446,84574,84578
551528,84609,84613
270686,84642,84650
122320,84677,84683
7164,84708,84714
355487,84740,84748
281601,84774,84782
1293,84808,84814
346190,84839,84849
77041,84869,84879
4290,84900,84910
17044,84935,84943
348735,84971,84975
305030,85005,85009
54928,85034,85042
535293,85075,85081
152361,85119,85125
148712,85156,85160
586322,85188,85198
337100,85220,85228
354535,85252,85256
77047,85285,85293
55609,85316,85324
122360,85347,85353
17469,85384,85388
355479,85415,85423
21019,85448,85456
651857,85480,85486
20967,85511,85519
265,85546,85556
18569,85580,85586
353903,85666,85676
15667,85705,85713
652300,85738,85748
824313,85820,85826
109480,85924,85932
824317,85965,85973
532314,86001,86005
338167,86055,86063
55146,86090,86096
57739,86121,86125
476108,86150,86156
342150,86181,86187
818,86215,86225
817,86245,86255
254501,86288,86298
22792,86334,86340
13277,86368,86372
