338246,20,24
338259,50,56
109468,81,87
824322,122,130
338167,164,170
9814,197,203
147604,231,237
82539,261,271
342150,294,298
818,323,331
342231,371,379
278269,406,412
7362,439,445
338530,491,499
338772,521,531
141487,554,560
694513,771,775
649000,798,808
340216,840,850
21297,887,895
340218,927,931
340220,979,983
54766,1010,1020
539447,1044,1050
56154,1080,1086
684342,1110,1118
339673,1144,1154
54912,1177,1181
20700,1212,1220
345200,1254,1264
13476,1293,1301
651847,1325,1331
54635,1356,1362
345292,1395,1401
20242,1426,1434
14263,1460,1466
17488,1494,1502
198032,1532,1538
533071,1565,1571
17104,1599,1607
254973,1636,1640
16842,1685,1691
542937,1716,1720
534192,1746,1750
248428,1775,1783
16830,1811,1819
17175,1842,1848
55671,1899,1907
17250,1943,1949
341894,1974,1982
342349,2005,2013
342342,2037,2041
344409,2067,2075
993866,2097,2105
530288,2129,2135
315872,2169,2173
294689,2359,2365
490585,3742,3752
344396,3773,3781
344399,3806,3812
654609,3840,3846
308312,3870,3876
90643,3927,3931
90654,3964,3970
17290,4018,4024
74345,4075,4081
462368,4107,4117
654162,4139,4145
267118,4195,4199
744311,4230,4236
13121,4266,4274
255932,4297,4303
11730,4338,4348
530670,4380,4386
54345,4409,4417
343531,4441,4447
289786,4500,4508
15309,4541,4547
335585,4587,4597
144823,4628,4634
12447,4660,4664
22934,4708,4716
54718,4751,4757
285,4807,4813
7191,4842,4848
148714,4876,4880
334147,4908,4912
145477,4953,4961
144438,4991,4999
145478,5020,5030
145477,5072,5080
886945,5929,5935
120667,5960,5964
375445,5989,5997
167288,6020,6026
167424,6052,6056
15029,6085,6091
17452,6114,6122
862585,6144,6154
15002,6183,6189
22848,6212,6222
22916,6257,6263
148283,6320,6324
22838,6352,6358
20633,6411,6417
651861,6442,6452
20706,6483,6487
345187,6512,6518
13476,6554,6562
651847,6585,6593
54635,6615,6623
345292,6648,6658
14245,6703,6709
115905,6733,6739
21019,6764,6768
651857,6793,6803
20967,6827,6833
18579,6863,6869
697601,6894,6900
707352,7313,7319
586127,7344,7350
353899,7376,7382
338197,7414,7420
686304,7445,7453
338211,7478,7484
861769,7507,7515
348876,7537,7545
430936,7575,7583
309216,7611,7615
309812,7639,7649
693796,7764,7768
17510,7794,7798
147253,7824,7828
350737,7853,7859
671,7930,7938
666,7965,7971
57821,7998,8004
721,8029,8037
885194,8060,8066
534864,8092,8100
55147,8125,8129
147754,8246,8254
662,8302,8310
351266,8368,8376
669,8431,8439
347431,8462,8468
1105,8498,8504
148884,8531,8537
331686,8574,8582
5541,8605,8613
540577,8637,8647
5556,8674,8682
158322,8718,8726
142706,8747,8757
199465,8793,8799
301350,8831,8837
147074,8868,8872
654596,8898,8904
2818,8961,8969
539792,8997,9007
302112,9032,9040
352102,9088,9094
57855,9153,9159
351391,9184,9190
342663,9273,9277
6891,9304,9308
345573,9357,9363
351646,9391,9397
674,9446,9450
147253,9506,9516
80350,9539,9543
688895,9568,9578
147227,9601,9605
15658,9634,9638
353866,9664,9668
727,9782,9790
317667,9812,9820
338645,9841,9851
338646,9872,9880
317666,9931,9941
655871,10015,10023
731,10070,10078
353906,10121,10129
349248,10154,10164
10355,10188,10194
684512,10217,10225
350399,10247,10255
277864,10276,10286
542212,10308,10316
352760,10341,10347
147683,10377,10385
86102,10419,10427
571259,10449,10457
67062,10480,10486
568,10550,10556
343233,10579,10587
410453,10611,10619
342372,10645,10651
342371,10674,10682
340028,10704,10714
13384,10736,10742
267868,10766,10774
540244,10798,10802
54291,10837,10843
308612,10871,10877
55229,10902,10908
482494,10938,10944
531008,10969,10977
402043,11003,11009
345904,11039,11045
663209,11095,11101
273687,11156,11162
55874,11256,11262
1916,11403,11411
290664,11444,11448
148552,11496,11500
289659,11546,11554
1934,11577,11587
887588,11622,11630
343633,11653,11659
531146,11690,11694
161405,11740,11748
340817,11772,11780
531296,11802,11810
534282,11836,11846
340769,11881,11887
55502,11927,11935
282883,13604,13610
56545,13640,13646
15403,13670,13678
265914,13704,13710
149866,13736,13740
55817,13767,13777
532255,13804,13810
149914,13836,13840
542844,13867,13873
55545,13904,13908
639,13933,13943
531864,13976,13980
275748,14007,14013
290920,14043,14047
431592,14072,14082
339745,14109,14117
148576,14141,14149
537556,14173,14179
6073,14207,14217
54807,14261,14267
255471,14290,14300
332634,14322,14328
289766,14355,14361
290833,14388,14398
636878,14420,14426
149328,14450,14458
495482,14480,14488
495306,14509,14519
290510,14561,14567
536084,14593,14599
69620,14627,14633
17134,14713,14719
1294,15794,15802
346280,15830,15834
17032,15861,15869
310403,15892,15898
346310,15925,15929
146626,15964,15970
54981,15997,16001
533347,16026,16032
540258,16066,16072
402683,16106,16110
2967,16181,16189
300903,16214,16222
16662,16254,16264
55489,16304,16308
355433,16343,16351
16573,16393,16401
348024,16424,16432
152630,16518,16524
4051,16577,16587
731781,16609,16617
341894,16641,16645
342349,16672,16680
90647,16704,16710
697122,16732,16742
344411,16763,16773
343219,16794,16802
4078,16843,16851
342989,16876,16886
530271,16916,16924
887722,16956,16962
343030,16990,16996
345894,17030,17040
345898,17063,17071
57057,17099,17105
402111,17131,17137
353189,17161,17169
581633,17193,17199
4064,17277,17287
4104,17328,17334
341879,17365,17373
90643,17397,17405
341888,17430,17434
17290,17479,17483
74345,17539,17547
55660,17570,17578
92,17609,17615
152789,17643,17649
341437,17676,17682
4626,17710,17714
339593,18899,18909
535903,18932,18936
564055,18963,18971
56801,19001,19011
654020,19032,19040
2334,19080,19090
376460,19124,19130
372493,29951,29955
340727,29991,29999
538961,30022,30032
56472,30062,30072
15413,30129,30137
55890,30166,30172
1933,30197,30201
341158,30237,30245
402039,30269,30273
11610,30298,30308
345707,30331,30337
372506,30376,30380
309184,30413,30417
532317,30613,30621
11414,30645,30655
697756,30677,30685
11626,30713,30719
1939,30753,30759
531146,30796,30800
340820,30827,30833
54307,30880,30886
345907,30910,30918
345954,30943,30949
345959,30987,30995
12745,31063,31067
149992,31092,31098
11796,31130,31134
206283,31158,31168
12268,31310,31314
11847,31343,31349
122031,31400,31410
122070,31528,31532
206373,31733,31741
652097,31805,31809
12283,31884,31890
12285,31943,31951
12281,31989,31997
12282,32049,32059
531941,32109,32119
11113,32144,32150
11838,32207,32213
531940,32236,32246
685642,32291,32299
342637,32322,32328
12014,32363,32371
599,32417,32423
340785,32476,32480
2862,32504,32514
148806,32544,32552
147640,32587,32597
2865,32625,32631
255692,32787,32791
53914,32818,32826
342454,32851,32859
355538,32882,32888
355532,32935,32939
308972,32964,32970
212198,34594,34604
342481,34680,34690
308972,34715,34725
212218,34751,34759
564070,34786,34794
148072,34831,34837
336311,34864,34872
548348,34924,34934
564033,35141,35149
336299,35198,35202
336317,35227,35237
684171,35262,35268
2730,35290,35300
20633,35331,35337
54863,35382,35388
651861,35410,35420
532132,35454,35462
20705,35490,35498
20734,35538,35548
345200,35583,35593
5606,35616,35626
13476,35647,35655
345223,35686,35694
14216,35719,35725
13137,35797,35803
22750,35918,35928
21232,35958,35968
146874,35991,35997
55107,36025,36033
81068,36066,36072
23150,36256,36260
200330,36283,36293
95609,36315,36321
317255,36351,36359
6949,36450,36456
95614,36479,36487
476116,36512,36520
80750,36547,36551
81034,36585,36591
55109,36638,36644
195385,36670,36676
17726,36741,36749
341916,36780,36784
4454,36817,36823
652064,36847,36855
83680,36891,36901
121030,36931,36939
75995,36986,36994
68771,37046,37056
68779,37097,37101
68741,37129,37137
335361,37181,37185
196316,37216,37220
490945,37331,37339
181269,37387,37391
419576,37421,37427
181281,37458,37464
68754,37506,37514
547958,37537,37545
492268,37569,37577
54459,37600,37606
336923,37635,37641
339511,37666,37672
8590,37696,37704
693203,37729,37737
159600,37761,37765
287679,37795,37801
573626,37826,37832
295811,37861,37869
410353,37910,37914
685223,37948,37952
379638,38001,38007
379498,38041,38049
54223,38150,38158
289186,38212,38218
338652,38280,38286
164231,38394,38398
164228,38421,38431
116632,38475,38479
273835,38503,38511
148286,38543,38551
273798,38579,38587
22925,38620,38626
54718,38653,38659
285,38705,38711
7191,38737,38747
148714,38771,38777
120667,38802,38810
543860,38833,38841
144438,38966,38976
486159,38999,39005
167255,39030,39040
7186,39065,39069
562117,39096,39102
120912,39135,39143
1824,39180,39184
262796,39680,39686
262806,39743,39749
536083,39773,39781
473495,39815,39821
536060,39845,39851
6326,39883,39889
277650,39915,39921
343255,39945,39951
623586,40006,40012
693340,40087,40093
387985,40117,40123
335170,40146,40154
54477,40211,40215
1718,40252,40256
15068,40292,40298
535079,40326,40332
289274,40358,40364
751464,40402,40410
53940,40434,40440
799058,40466,40476
12446,40503,40507
22934,40552,40558
54718,40596,40602
17455,40626,40632
15562,40684,40692
120912,40721,40729
120917,40763,40773
68765,40820,40826
68770,40864,40868
4410,40930,40936
55168,40978,40986
121058,41009,41015
685404,41046,41056
181609,41079,41083
181613,41113,41117
55139,41151,41161
17729,41185,41191
23318,41230,41240
756277,41265,41273
80738,41296,41306
21967,41331,41337
55099,41387,41391
695593,41416,41424
317404,41446,41454
436166,41527,41533
436165,41561,41565
317404,41590,41596
56740,41628,41632
348967,41660,41666
754,41693,41699
144057,41752,41760
751359,41782,41792
57739,41813,41823
23454,41846,41850
1033,41877,41881
1050,41908,41912
456742,41937,41943
23144,41966,41974
1384,42010,42020
301375,42059,42067
158322,42111,42115
753989,42140,42146
342281,42171,42175
753989,42230,42236
23156,42320,42326
753989,42356,42360
342281,42402,42410
1030,42447,42453
1133,42511,42519
57862,42559,42567
1135,42588,42598
57858,42626,42632
158365,42662,42666
19449,42695,42701
6889,42726,42734
5559,42805,42811
346489,42834,42842
1051,42866,42872
339,42938,42942
23450,42970,42976
342150,43001,43009
887048,43033,43037
819,43066,43072
254492,43098,43104
22786,43174,43180
254501,43232,43236
22786,43325,43331
254501,43354,43362
22786,43414,43420
537433,43591,43595
638535,43779,43785
312318,43816,43822
638535,44108,44112
322936,44918,44924
121308,44947,44955
121314,45087,45097
12310,45144,45150
22828,45208,45218
539391,45239,45247
57730,45269,45279
345666,45301,45307
23444,45352,45360
331695,45387,45395
345597,45429,45433
540715,45459,45463
118974,45551,45557
5420,45583,45589
23141,45621,45625
346092,45658,45662
650455,45693,45697
341931,45754,45762
198833,45786,45792
198835,45815,45823
342077,45884,45890
201908,45936,45940
195342,45976,45984
86678,46007,46015
80726,46045,46051
80737,46107,46117
19635,46144,46150
80665,46172,46182
3242,46205,46211
350272,46237,46243
341795,46290,46298
430114,46332,46340
57172,46518,46528
3239,46553,46561
57209,46584,46590
2063,46702,46710
353340,46736,46742
67083,46781,46787
57197,46818,46826
20899,46861,46871
350759,46893,46899
262,46944,46950
385,47013,47021
375,47044,47050
20966,47079,47085
7159,47117,47121
355483,47151,47159
652065,47181,47189
122351,47223,47227
267375,47252,47260
17499,47285,47295
347457,47329,47333
20735,47361,47367
345252,47390,47398
13452,47430,47440
539160,47471,47477
693733,47501,47507
684405,47535,47545
548281,47570,47574
626901,47605,47609
683584,47637,47645
288743,47703,47711
576048,47798,47808
55202,47846,47852
55206,47886,47892
683575,47918,47922
690775,47947,47953
538389,47976,47986
5623,48009,48015
13479,48039,48045
651847,48070,48074
54635,48109,48117
345292,48159,48163
14245,48207,48215
115905,48266,48270
355488,48294,48302
21020,48329,48335
531905,48358,48368
7217,48390,48400
265,48425,48433
397,48467,48475
122241,48499,48507
15658,48532,48540
54438,48592,48596
683604,48625,48631
542421,48654,48662
271496,48685,48691
402542,48830,48838
147253,48862,48870
146838,48894,48898
688895,48924,48934
15667,48963,48973
56590,49009,49015
652300,49040,49046
338246,49107,49113
338250,49148,49154
338258,49266,49272
353866,49302,49308
55285,49339,49349
54438,49379,49389
146826,49412,49416
181472,49446,49456
355505,49485,49491
94,49533,49541
888327,49566,49574
7164,49609,49613
355487,49641,49649
281601,49672,49678
254276,49703,49707
55613,49732,49738
17108,49772,49780
254973,49809,49813
16842,49840,49846
534192,49889,49899
1955,49928,49932
4620,49959,49963
525,49992,49998
126,50041,50049
55664,50075,50085
55671,50111,50119
4056,50140,50150
17251,50178,50186
655031,50220,50226
90647,50267,50271
530150,50314,50318
690328,50346,50354
535107,50379,50387
4078,50419,50427
530280,50453,50457
344076,50482,50488
867323,50670,50678
294688,50699,50709
346411,50731,50739
267002,50779,50787
448294,50810,50816
152643,50841,50847
320796,50871,50877
586016,50908,50912
321033,50941,50949
586017,50978,50986
321009,51163,51171
321035,51230,51240
321041,51261,51269
343779,51292,51300
655255,51327,51331
343820,51359,51365
152676,51388,51396
152684,51425,51431
343842,51456,51462
117691,51494,51500
345092,51526,51532
344745,51560,51568
404997,51594,51600
344335,51634,51638
151665,51674,51682
655267,51708,51718
350144,52099,52103
350138,52147,52155
654844,52189,52195
353081,52219,52227
402114,52258,52268
83366,52311,52317
402121,52385,52393
353079,52416,52424
121957,52448,52456
350245,52477,52487
151534,52518,52528
151546,52581,52587
882822,52612,52618
586098,52644,52652
586101,52696,52706
152932,52731,52739
151524,52762,52768
404240,52793,52801
151436,52867,52871
252685,52912,52922
536363,52942,52952
346240,53010,53020
152922,53063,53067
597316,53092,53102
404334,53194,53200
3999,53227,53235
202280,53270,53278
57298,53331,53337
349067,53364,53372
19411,53398,53404
19426,53427,53435
293526,53469,53477
750264,53513,53521
750265,53602,53610
349037,53632,53640
110238,53665,53671
19411,53702,53708
84482,53734,53742
57244,53767,53771
57243,53799,53805
349880,53831,53837
84442,53865,53869
75863,53908,53914
202258,53946,53954
75846,53983,53991
75845,54021,54029
535059,54062,54070
976,54102,54112
84692,54149,54155
343452,54177,54187
593406,54219,54227
20423,54256,54262
20432,54292,54296
57752,54372,54378
20406,54404,54408
20418,54453,54459
20238,54541,54551
81627,54587,54597
113110,54623,54631
57778,54661,54667
56517,54693,54699
148915,54722,54730
20377,54794,54802
20372,54843,54849
147095,54876,54880
345324,54907,54913
17499,54936,54944
347457,54971,54979
116029,55010,55014
345251,55041,55051
13482,55078,55084
341762,55111,55115
20732,55141,55145
54827,55189,55199
54844,55257,55265
164230,55301,55307
116632,55334,55342
273836,55364,55372
148286,55402,55408
22925,55445,55453
54718,55488,55496
654228,55539,55547
167473,55576,55582
543542,55605,55613
120667,55645,55649
145477,55688,55696
886946,55733,55743
543860,55766,55770
144438,55848,55854
486159,55879,55885
167255,55909,55915
7186,55939,55945
15563,55981,55991
17451,56016,56022
6286,56048,56056
15002,56102,56110
54243,56136,56142
22916,56189,56197
15217,56257,56261
15138,56286,56292
164103,56337,56347
148212,56369,56375
314554,56427,56435
335376,56462,56466
336091,56491,56499
149385,56584,56590
54045,56836,56844
54585,56913,56921
690673,56949,56955
147356,57009,57015
15124,57042,57048
148289,57084,57092
200308,57118,57122
690566,57159,57165
147261,57224,57230
146750,57266,57272
124908,57294,57304
899883,57333,57339
453967,59346,59352
336961,59376,59382
379903,59409,59415
1855,59438,59446
68760,59479,59487
181285,59510,59516
335354,59538,59548
335361,59582,59590
68754,59617,59625
1853,59656,59666
124964,59704,59710
68750,59734,59740
254914,59763,59771
148610,59847,59853
484531,59901,59911
683898,59935,59945
53812,59973,59983
147330,60024,60028
318879,60058,60064
769532,60110,60116
697427,60141,60147
611038,60170,60178
54581,60239,60243
2896,60269,60275
148213,60325,60333
68721,60357,60365
684533,60388,60394
144822,60423,60433
152067,60477,60485
15307,60523,60531
15304,60555,60563
55644,60588,60598
12565,60629,60633
11701,60657,60665
55936,60691,60701
13117,60724,60732
50509,60769,60777
832910,60804,60808
267283,60835,60843
341419,60868,60878
17213,60910,60914
55664,60942,60952
55671,60976,60984
17260,61018,61024
348241,61051,61055
17307,61096,61100
17317,61155,61161
351028,61189,61195
351006,61218,61228
551475,61253,61263
17398,61290,61296
70336,61322,61332
70347,61372,61382
349879,61450,61454
349878,61484,61494
541784,61518,61524
57308,61547,61555
57313,61581,61587
481493,61615,61623
3633,61652,61658
115997,61685,61695
3673,61725,61735
332234,61758,61766
293526,61822,61826
750265,61855,61865
332234,61886,61894
293522,61915,61925
3725,61976,61982
349069,62036,62042
84479,62067,62073
57244,62113,62117
57243,62143,62151
70273,62209,62217
70303,62252,62258
887726,68675,68681
376563,68704,68712
887726,68736,68740
376563,68764,68772
887726,68826,68830
56527,68854,68862
306992,68885,68891
535163,68922,68932
535271,68954,68962
282886,68992,69000
282874,69038,69044
56474,69070,69076
340759,69147,69151
534298,69181,69187
340772,69212,69216
340803,69245,69251
340811,69291,69297
340819,69375,69383
684369,69406,69414
55838,69469,69477
341071,69500,69506
289726,69529,69537
149552,69567,69571
56827,69598,69602
149486,69651,69655
55827,69678,69688
11668,69738,69746
11666,69776,69780
11730,69816,69822
530667,69848,69852
54345,69900,69904
268605,69936,69940
289786,69991,69999
50503,70026,70034
335585,70074,70080
19598,70105,70115
651819,70138,70142
12447,70175,70181
22934,70223,70231
54718,70267,70271
654228,70302,70312
54244,70335,70339
7191,70364,70374
148713,70398,70408
120667,70436,70444
334147,70470,70480
144423,70520,70528
145477,70686,70692
145461,70722,70728
886946,70752,70758
428189,70993,70997
144438,71339,71347
765273,71379,71385
810551,71408,71416
7186,71440,71448
181614,71472,71482
120913,71502,71512
120917,71546,71550
68765,71593,71601
68770,71665,71671
4410,71729,71737
55168,71764,71772
534221,71806,71812
685404,71838,71846
181609,71871,71875
181613,71905,71913
55139,71949,71953
17729,71983,71991
23318,72026,72030
756277,72060,72064
71701,72093,72097
21967,72124,72130
56620,72158,72166
277854,72187,72197
56634,72257,72265
558700,72288,72298
650432,72323,72333
562085,72361,72367
768270,72399,72407
5707,72433,72441
462465,72468,72476
320184,72797,72801
349645,72831,72835
289209,72875,72881
562048,72911,72917
7164,72953,72959
888307,72983,72989
14268,73012,73020
122351,73056,73064
267375,73090,73098
17499,73121,73127
347457,73154,73160
116029,73186,73192
345251,73221,73227
13482,73255,73263
341762,73288,73294
341763,73328,73334
419593,73359,73365
71810,73392,73398
337011,73434,73442
690568,73468,73474
339211,73500,73504
620438,73530,73534
71816,73559,73565
690569,73590,73594
543411,73629,73633
4339,73676,73684
310258,73710,73714
1687,73755,73763
629353,73786,73792
413897,74333,74339
484400,74395,74399
685696,74432,74436
308171,74466,74470
685047,74502,74512
338543,74534,74542
690653,74578,74582
870244,74631,74639
484440,74694,74702
690076,74726,74734
336974,74759,74765
336970,74791,74797
335405,74829,74837
181496,74885,74891
68756,74915,74921
181276,74945,74953
181400,74978,74988
194205,75017,75023
1806,75073,75081
486157,75114,75122
167473,75150,75158
167259,75181,75189
148714,75211,75219
334147,75250,75256
685632,75288,75296
427687,75327,75333
334249,75361,75365
765273,76533,76537
810551,76562,76570
537021,76593,76599
15563,76648,76654
17451,76676,76686
6286,76708,76714
15002,76757,76765
54243,76817,76823
22916,76857,76861
15217,76915,76921
335372,76952,76956
147292,76980,76988
407523,77023,77027
336097,77054,77060
402443,77092,77100
402433,77125,77133
335941,77157,77163
402422,77212,77222
126240,77409,77413
148800,77442,77448
126260,77528,77534
335940,77562,77570
654720,77591,77601
402428,77624,77634
685370,77658,77664
2881,77737,77741
335412,77765,77773
68733,77800,77810
67640,77881,77889
887913,79641,79649
67639,79700,79708
151114,79732,79738
148287,79761,79771
15175,79801,79811
148286,79839,79847
14982,79871,79875
536064,79899,79907
536133,79938,79948
654228,79973,79981
167425,80006,80012
7190,80035,80045
120666,80076,80084
120667,80282,80290
334147,80404,80408
543861,80454,80458
886950,80482,80490
386212,80516,80522
148731,80555,80565
145495,80593,80603
120665,80626,80636
116808,80659,80667
15563,80705,80715
17453,80743,80751
862584,80776,80782
54243,80831,80839
22916,80876,80880
148283,80928,80934
116641,80957,80967
20758,80990,80998
20633,81033,81041
651861,81063,81073
20705,81096,81100
345189,81126,81134
5606,81156,81164
13479,81188,81194
20737,81216,81226
116031,81251,81259
347471,81296,81306
541611,81328,81334
86113,81359,81367
86115,81403,81409
587,81438,81442
147749,81474,81482
150213,81512,81520
341660,81724,81732
339271,81756,81764
308398,81793,81797
287714,81837,81841
54748,81909,81915
345297,81948,81956
115905,81981,81989
122333,82011,82021
164083,82041,82051
7210,82072,82080
265,82114,82120
397,82149,82159
534521,82202,82210
56590,82251,82259
338258,82290,82296
353866,82323,82329
317666,82355,82365
55274,82447,82451
54617,82539,82545
353912,82570,82574
690740,82607,82615
541526,82639,82649
247971,82674,82680
4534,82719,82727
352743,82751,82755
120832,82780,82788
115973,82810,82818
86102,82846,82852
150213,82882,82888
339263,83076,83084
348295,83114,83118
341681,83144,83148
341738,83173,83181
287709,83205,83211
86094,83240,83250
115963,83274,83284
120833,83308,83316
12477,83340,83350
542268,83372,83380
345612,83405,83409
345642,83439,83445
539901,83469,83475
2834,83505,83509
339600,83536,83542
324311,83565,83573
339624,83594,83604
54764,83634,83640
339628,83667,83671
7372,83698,83702
694480,83726,83734
339295,83760,83766
21234,83832,83842
338994,83891,83899
338996,83951,83957
338526,84006,84014
7529,84044,84050
812425,84074,84082
141491,84106,84112
344,84191,84201
21250,84249,84259
323545,84284,84294
5617,84317,84325
5598,84349,84357
13486,84390,84398
20707,84437,84443
20731,84479,84483
652069,84512,84520
54649,84554,84560
2843,84584,84592
336330,84614,84622
4270,84665,84669
126211,84702,84710
335488,84742,84748
335501,84782,84786
372488,84821,84827
147322,84879,84885
335514,84913,84919
147320,84997,85001
334520,85033,85041
649792,85495,85503
649796,85528,85534
688896,85571,85579
147134,85607,85615
385214,85662,85670
144573,85695,85701
903425,85729,85735
334647,85767,85775
148195,85809,85817
19598,85868,85878
19604,85904,85914
117587,85939,85945
151156,85968,85976
639557,85999,86005
698331,86082,86088
698330,86152,86158
649287,86191,86199
336148,86222,86228
289778,86253,86259
22895,86294,86302
22925,86335,86341
54718,86385,86389
