551473,12,18
17396,45,49
690848,467,471
3777,506,514
151586,1585,1591
152167,1614,1622
56820,1646,1652
351581,1685,1691
351556,1714,1722
151593,1745,1753
152080,1777,1787
351532,1813,1819
351502,1846,1852
351442,1878,1882
84548,1916,1924
537462,1960,1964
404247,2001,2011
883461,2031,2041
695672,2070,2078
575919,2101,2107
147667,2135,2139
147668,2163,2173
22443,2196,2202
344987,2229,2235
4103,2271,2281
404998,2302,2312
344336,2383,2389
344340,2412,2420
320206,2446,2452
317220,2484,2494
320218,2518,2524
345099,2552,2558
318940,2582,2592
321229,2623,2627
344001,2654,2662
321033,2683,2693
655254,34007,34013
320810,34048,34052
586446,34076,34084
152675,34105,34115
320810,44906,44914
530208,45000,45006
580961,45030,45036
864338,45066,45070
342392,45108,45114
342396,45140,45148
316348,45179,45183
314809,45208,45214
342939,45546,45550
342414,45585,45589
342426,45625,45631
342431,45656,45662
342442,45721,45731
342499,45755,45761
152631,45813,45821
343328,45844,45850
342332,45879,45885
4076,45959,45969
353236,45991,45997
3598,46024,46030
353235,46077,46085
349837,46129,46137
742343,46159,46169
753821,46192,46198
349858,46254,46264
349865,46298,46306
3605,46328,46336
653971,46361,46365
4644,46393,46397
75863,46436,46444
202254,46471,46477
150,46509,46517
180,46556,46564
85594,46631,46641
266533,46663,46669
351228,46694,46704
487448,46727,46731
74262,46766,46774
84295,46856,46860
346935,46910,46914
20106,46945,46953
20076,46975,46983
351151,47012,47018
57005,47066,47072
630142,47095,47105
206363,47144,47152
4914,47339,47349
206363,47375,47383
685167,47408,47418
197590,47443,47451
197906,47472,47482
421354,47507,47517
3434,47538,47546
197880,47575,47583
273501,47614,47618
322372,47644,47654
197444,47677,47685
626771,47711,47719
57015,50182,50192
322600,50212,50222
431128,50254,50264
56240,50292,50296
535046,50322,50328
90037,50354,50364
5241,50394,50402
355172,50436,50442
355160,50465,50473
355141,50495,50503
161036,50536,50540
84883,50568,50576
355339,54860,54866
110780,54942,54946
291116,54972,54976
355365,55002,55008
576918,55046,55054
161035,55101,55109
161052,55132,55138
635133,55223,55227
763105,55257,55265
769047,55395,55401
769049,55433,55441
57353,55610,55620
769047,55645,55649
769049,55676,55686
769045,55733,55739
769049,55827,55833
267858,55888,55896
769049,55968,55974
696548,56011,56017
116442,56041,56047
597204,56074,56080
763105,56105,56113
630522,56138,56144
698602,56169,56179
537748,56199,56209
149848,56309,56317
262845,56339,56347
149848,56416,56420
13315,56445,56451
56286,56491,56499
355133,56521,56529
355139,56558,56564
355153,56588,56594
5223,56621,56631
355407,56655,56661
372405,56690,56696
372408,56730,56736
403216,56767,56773
538529,56800,56806
538533,56837,56841
5231,56866,56872
352787,56904,56908
56257,56940,56948
56265,56987,56995
683979,57018,57024
57140,57052,57060
149831,57105,57111
149848,57156,57162
262845,57401,57411
149848,57496,57500
149816,57527,57537
161025,57564,57570
355370,57603,57609
161034,57641,57645
355374,57736,57742
696374,57771,57775
355236,57800,57806
688534,57830,57836
147559,57860,57866
142855,57897,57903
344688,57930,57936
56844,57964,57972
57428,57996,58002
19802,58032,58038
148008,58065,58075
345059,58104,58110
345101,58152,58162
345116,58191,58201
345130,58229,58235
56043,58263,58273
56069,58306,58312
350862,58335,58345
350848,58369,58379
350842,58417,58423
762127,58447,58455
261,58479,58485
19832,58508,58516
20890,58543,58553
6917,58576,58582
685224,58612,58616
20883,58646,58654
6890,58678,58686
6893,58710,58718
5549,58746,58752
1051,58777,58783
6933,58924,58930
332913,58959,58967
1115,59153,59157
1114,59227,59233
1115,59306,59312
540604,59395,59401
15877,59435,59445
23453,59471,59477
542572,59503,59509
342150,59561,59567
540063,59592,59596
819,59632,59640
342231,59677,59685
323095,59707,59715
435,59739,59743
237721,59849,59853
5638,59877,59885
5640,60064,60072
5641,60096,60102
141515,60139,60147
53980,60170,60176
338757,60199,60209
341331,60275,60283
434,60305,60313
341383,60340,60348
53950,60375,60381
254542,60403,60413
410267,60436,60442
850,60474,60478
322895,60506,60510
348940,60535,60541
147633,60786,60794
575618,60824,60828
56735,60905,60913
321613,60934,60944
818,60972,60978
817,61004,61008
268151,61031,61041
286484,61149,61157
7371,61182,61190
338781,61213,61221
340205,61256,61262
12985,61303,61309
55217,61345,61351
21234,61375,61381
55215,61406,61410
55210,61436,61442
121270,61466,61474
55188,61499,61505
55371,61528,61538
13071,61571,61579
5681,61749,61757
539463,61907,61911
539521,61968,61972
539463,62026,62034
539521,62209,62215
539463,62238,62246
490768,62279,62285
343601,62330,62336
56671,62359,62367
346021,62389,62397
54621,62423,62433
542291,62463,62473
539029,62609,62617
57842,62667,62673
568199,62712,62716
568197,62754,62758
115962,62782,62790
147598,62812,62820
12477,62874,62882
542266,62908,62916
350286,62945,62953
350287,62978,62982
54253,63015,63023
684442,63045,63053
4572,63092,63096
7210,63126,63130
265,63164,63170
388,63198,63206
374,63269,63279
6974,63304,63312
20889,63338,63344
19814,63376,63384
181589,63407,63415
350825,63446,63454
350841,63484,63492
350847,63517,63523
56044,63551,63555
345145,63584,63588
56041,63624,63628
56195,63652,63660
345119,63689,63695
345108,63732,63736
79916,63769,63775
117956,63814,63822
117852,63848,63852
79870,63883,63887
648541,63912,63918
301405,63943,63951
117609,64096,64102
117811,64326,64332
86291,64356,64362
256577,64391,64399
117944,64424,64430
16008,64461,64467
345074,64493,64497
345101,64536,64542
345116,64573,64579
345130,64613,64619
56042,64645,64653
345143,64697,64703
56069,64740,64748
56076,64794,64798
350848,64844,64854
350842,64910,64914
762127,64941,64945
19833,64978,64988
57192,65008,65018
7006,65085,65091
1143,65116,65126
2062,65153,65157
542912,65183,65189
17517,65214,65224
351653,65276,65282
308052,65307,65315
256948,65687,65695
404991,65722,65728
350704,65766,65772
308058,65795,65803
541696,65839,65845
349675,65870,65874
350735,65905,65909
402552,65933,65941
541844,65965,65973
146833,66082,66090
586070,66116,66120
671,66209,66217
347449,66254,66262
695,66285,66293
109758,66315,66325
720,66352,66358
57740,66384,66390
764,66415,66423
152792,66503,66513
154693,66541,66545
118968,66656,66662
435552,66685,66693
773,66729,66739
346984,66762,66766
1040,66796,66800
15884,66836,66842
15877,66887,66895
15881,66934,66940
339,66968,66974
23450,67023,67031
785,67054,67064
669270,67112,67116
21437,67174,67182
669270,67262,67268
21437,67328,67334
669270,67392,67398
544670,67425,67431
21437,67466,67472
56444,67497,67503
143260,67531,67535
348323,67562,67570
348329,67715,67721
331698,67746,67754
348329,67895,67905
331698,67986,67996
772,68020,68026
820,68051,68055
154704,68086,68094
815,68121,68129
55108,68156,68162
23323,68190,68198
95774,68242,68250
198828,68275,68281
541219,68307,68313
570972,68336,68344
583621,68413,68423
56789,68501,68509
22837,68545,68553
141515,68589,68595
237736,68622,68630
53981,68655,68659
341331,68693,68697
54163,68732,68738
57730,68764,68774
532172,68798,68802
54164,68842,68846
54174,68872,68880
861301,68911,68917
23454,68940,68948
143234,68973,68977
143260,69005,69009
331696,69036,69040
435299,69105,69115
348352,69137,69145
143260,69182,69188
148369,69215,69225
143271,69249,69253
540626,69277,69285
346984,69380,69386
346985,69411,69417
344097,69477,69483
431468,69509,69515
17661,69553,69559
147225,69583,69591
147228,69615,69621
309224,69672,69682
546402,69705,69711
349,69742,69750
421431,69772,69780
55750,69802,69812
153826,69834,69840
698351,69864,69870
153826,69896,69902
149290,70081,70085
421427,70118,70124
350604,70194,70204
39,70228,70234
654055,70268,70276
431252,70313,70319
654055,70353,70359
198095,70397,70401
431252,70436,70440
782449,70809,70815
80320,70865,70873
338192,70898,70908
1475,70939,70943
539001,70968,70976
80403,71004,71008
605774,71101,71109
18517,71254,71262
353903,71294,71300
338224,71326,71330
15658,71356,71366
652301,71392,71402
727,71428,71436
9814,71459,71467
147715,71527,71535
651,71561,71567
348518,71595,71599
55096,71631,71635
348458,71665,71671
4519,71695,71705
277582,71738,71746
277584,71770,71776
321670,71798,71808
277607,71830,71838
277606,71861,71867
10762,71891,71897
348724,71924,71930
348456,71987,71991
20797,72224,72230
348424,72254,72260
754,72325,72329
55099,72375,72379
21965,72405,72411
55113,72439,72443
55108,72491,72495
146876,72524,72532
81077,72564,72572
17726,72633,72641
341916,72677,72683
4454,72715,72721
534222,72744,72752
19450,72779,72783
148339,72815,72821
2441,72847,72853
148620,72879,72889
484383,73012,73018
338469,73051,73057
336987,73088,73096
55179,73124,73128
654826,73161,73165
151037,73228,73234
55176,73257,73265
151047,73294,73302
690617,73331,73339
690608,73360,73370
645853,73393,73399
694567,73423,73429
690598,73455,73461
331616,73676,73682
339288,73716,73722
54909,73746,73754
419595,73780,73786
419599,73810,73816
419602,73843,73847
7736,73872,73880
57703,73909,73917
538368,73950,73956
684342,73980,73986
339673,74015,74023
534529,74048,74056
340791,74082,74090
7556,74117,74121
338171,74161,74169
542153,74196,74206
2415,74282,74288
4454,74323,74329
341907,74353,74359
593797,74388,74396
148339,74425,74429
76111,74458,74464
75995,74506,74512
68771,74566,74572
68779,74608,74614
120914,74649,74653
120920,74684,74690
167425,74714,74724
167252,74748,74754
144440,74778,74784
145445,74897,74905
145460,74931,74937
144508,74964,74968
543763,75004,75010
386170,76260,76266
427729,76366,76372
386174,76690,76696
386159,76721,76729
686150,76766,76776
686144,76884,76890
148721,76918,76924
145460,76951,76957
144504,76981,76989
181618,77012,77020
486162,77046,77050
7186,77082,77088
15563,77125,77131
17451,77156,77162
6286,77188,77192
15002,77236,77242
22848,77267,77273
22916,77312,77318
148283,77342,77350
116641,77377,77385
482972,77409,77413
20633,77468,77474
651861,77503,77509
20706,77542,77552
345200,77578,77586
5610,77620,77628
5616,77673,77679
690772,77705,77715
340225,77748,77758
340228,77782,77788
340531,77810,77820
12340,77847,77851
533488,77876,77882
23045,77915,77923
344520,77948,77954
184058,77984,77990
86141,78022,78030
421401,78063,78069
57103,78099,78105
150210,78139,78149
339253,78181,78187
255250,78498,78504
339253,78531,78541
348295,78563,78569
339258,78594,78602
308398,78626,78634
287714,78658,78666
164311,78714,78722
287710,78746,78754
151710,78775,78785
461732,78811,78817
115968,78856,78860
567971,78888,78892
54505,78922,78930
147710,78971,78977
12967,79031,79039
12975,79061,79069
539741,79090,79100
694994,79153,79159
12976,79217,79223
539642,79763,79773
352796,79817,79825
352798,79850,79856
437921,79878,79888
153757,79939,79949
21939,79970,79978
337099,80008,80016
319653,80052,80058
147736,80698,80706
147738,80735,80745
142760,80767,80775
110216,80807,80815
80725,80862,80868
19839,80900,80904
350823,80931,80937
350841,80970,80976
350857,81000,81010
19659,81036,81042
56035,81066,81072
144592,81099,81107
184010,81131,81139
148024,81169,81173
148017,81198,81204
345028,81228,81234
344685,81258,81266
142850,81294,81298
650385,81326,81334
79310,81392,81396
147010,81453,81457
206327,81489,81495
355225,81526,81530
434920,81796,81804
567940,81828,81836
538785,81877,81883
267394,81910,81914
797498,81942,81948
410242,81974,81982
355365,82005,82013
161035,82050,82056
402340,82082,82088
110789,82115,82119
769051,82260,82268
769045,82360,82364
769047,82455,82463
769045,82743,82751
769047,82800,82804
116435,82845,82849
597204,82876,82884
635133,82913,82919
372261,82945,82951
149848,83004,83010
146972,83035,83045
402343,83088,83096
262840,83118,83126
370933,83150,83158
84917,83185,83193
20296,83222,83228
147527,83254,83260
164092,83284,83294
20442,83320,83324
84829,83362,83366
159283,83391,83401
57752,83465,83475
116446,83498,83506
20418,83529,83535
1548,83568,83574
354380,83599,83607
354437,83644,83652
354556,83684,83690
122678,83714,83720
348761,83746,83752
122741,83777,83781
2292,83809,83813
55610,83842,83848
17104,83873,83883
254973,83912,83916
542937,83947,83955
534194,83982,83990
1955,84013,84023
122434,84044,84052
16819,84074,84082
255285,84106,84112
544718,84136,84142
13274,84167,84173
339567,84197,84205
149298,84230,84238
149866,84304,84314
308002,84354,84360
532573,84390,84396
762988,84446,84454
55816,84476,84484
1869,84507,84515
339546,84543,84549
339549,84573,84581
13373,84607,84615
655337,84648,84656
416574,84691,84695
56543,84718,84728
342468,84749,84757
535597,84782,84786
193518,84810,84818
1247,84851,84855
12874,84929,84939
332634,84961,84969
150202,84994,85002
339241,85029,85037
255251,85074,85080
255329,85106,85110
12727,85142,85150
12734,85174,85178
83616,85202,85210
17019,85240,85248
16918,85273,85277
122697,85308,85316
71076,85338,85346
354465,85368,85376
1573,85398,85406
227205,85429,85435
1602,85461,85465
1623,85499,85507
269056,85532,85536
652299,85562,85570
147576,85594,85602
535364,85625,85633
123071,85655,85665
149618,85693,85701
1163,85723,85733
146851,85782,85786
348409,85829,85837
372113,86025,86031
542187,86056,86064
372112,86087,86093
474034,86115,86125
1187,86173,86177
79476,86208,86216
410652,86239,86249
123018,86282,86292
