6126226011,56228,56239
6126226007,56239,56242
4220546253,56243,56250
1301932996,56272,56279
6278242624,56303,56310
1159149121,56325,56332
6278242624,56349,56352
4220546257,56365,56368
4903105804,56362,56373
672360898,56425,56428
4906971006,56469,56472
4220546257,56515,56518
4903105804,56512,56523
672360898,56575,56578
4906971006,56619,56622
5530209331,56627,56632
6118601180,56648,56653
5602519488,56656,56663
5602519497,56688,56691
1492368560,56695,56700
6117131294,56702,56713
6117131338,56706,56717
