6224263723,56420,56423
6557674602,56422,56425
6557674620,56445,56452
5530490906,56462,56469
5530490905,56478,56485
5530490906,56494,56501
1159477623,56507,56514
4548211423,56560,56567
1159477623,56614,56621
6557674620,56644,56647
1156126796,56669,56672
6557674602,56670,56673
6224263761,56732,56735
6303008967,56763,56766
6303008963,56766,56769
3614070497,56796,56799
4548211641,56831,56834
1492384180,56916,56919
1492368560,56942,56945
1492368560,56942,56947
6117131294,56948,56959
6117131338,56952,56963
